,title,source,link,date
4,Markets regain positive momentum after 2 weeks in the red: Realty stocks outperform,Moneycontrol,news.google.com/articles/CBMimgFodHRwczovL3d3dy5tb25leWNvbnRyb2wuY29tL25ld3MvcGhvdG9zL2J1c2luZXNzL21hcmtldHMvbWFya2V0cy1yZWdhaW4tcG9zaXRpdmUtbW9tZW50dW0tYWZ0ZXItMi13ZWVrcy1pbi10aGUtcmVkLXJlYWx0eS1zdG9ja3Mtb3V0cGVyZm9ybS0xMTY2MjIxMS5odG1s0gGeAWh0dHBzOi8vd3d3Lm1vbmV5Y29udHJvbC5jb20vbmV3cy9waG90b3MvYnVzaW5lc3MvbWFya2V0cy9tYXJrZXRzLXJlZ2Fpbi1wb3NpdGl2ZS1tb21lbnR1bS1hZnRlci0yLXdlZWtzLWluLXRoZS1yZWQtcmVhbHR5LXN0b2Nrcy1vdXRwZXJmb3JtLTExNjYyMjExLmh0bWwvYW1w?hl=en-IN&gl=IN&ceid=IN%3Aen,2023-11-04
6,"Market Highlights: PSU Bank lifts Sensex by 500 pts, Nifty gains 150 pts; IndusInd Bank and Britannia shine | Mint",Mint,news.google.com/articles/CBMitgFodHRwczovL3d3dy5saXZlbWludC5jb20vbWFya2V0L2xpdmUtYmxvZy9zZW5zZXgtdG9kYXktc2hhcmUtbWFya2V0LWxpdmUtdXBkYXRlcy1uaWZ0eS01MC1hZGFuaS1lbnRlcnByaXNlcy10YXRhLW1vdG9ycy1hZGFuaS1wb3dlci1pcmZjLWRhYnVyLWluZGlhLW1hbWFlYXJ0aC1pcG8tMTE2OTg4ODUxNTAwNzQuaHRtbNIBugFodHRwczovL3d3dy5saXZlbWludC5jb20vbWFya2V0L2xpdmUtYmxvZy9zZW5zZXgtdG9kYXktc2hhcmUtbWFya2V0LWxpdmUtdXBkYXRlcy1uaWZ0eS01MC1hZGFuaS1lbnRlcnByaXNlcy10YXRhLW1vdG9ycy1hZGFuaS1wb3dlci1pcmZjLWRhYnVyLWluZGlhLW1hbWFlYXJ0aC1pcG8vYW1wLTExNjk4ODg1MTUwMDc0Lmh0bWw?hl=en-IN&gl=IN&ceid=IN%3Aen,2023-11-02
8,"Results Review for IOCL, Godrej Consumers, Ambuja Cement, Gail ...",Investing.com India,news.google.com/articles/CBMid2h0dHBzOi8vaW4uaW52ZXN0aW5nLmNvbS9hbmFseXNpcy9yZXN1bHRzLXJldmlldy1mb3ItaW9jbC1nb2RyZWotY29uc3VtZXJzLWFtYnVqYS1jZW1lbnQtZ2FpbC1hY2MtY2RzbC12Z3VhcmQtMjAwNjAxODY50gEA?hl=en-IN&gl=IN&ceid=IN%3Aen,2023-11-02
1,Don't miss these top 4 trending Stocks zoomed more than 10% on ...,Dalal Street Investment Journal,news.google.com/articles/CBMidGh0dHBzOi8vd3d3LmRzaWouaW4vZHNpamFydGljbGVkZXRhaWwvZG9udC1taXNzLXRoZXNlLXRvcC00LXRyZW5kaW5nLXN0b2Nrcy16b29tZWQtbW9yZS10aGFuLTctcGVyLWNlbnQtb24td2VkbmVzZGF50gEA?hl=en-IN&gl=IN&ceid=IN%3Aen,2023-11-01
2,Don't miss these top 4 trending Stocks zoomed more than 10% on ...,Dalal Street Investment Journal,news.google.com/articles/CBMikAFodHRwOi8vd3d3LmRzaWouaW4vRFNJSkFydGljbGVEZXRhaWwvQXJ0TUlELzEwMTYzL0FydGljbGVJRC8zNDI1NS9Eb250LW1pc3MtdGhlc2UtdG9wLTQtdHJlbmRpbmctU3RvY2tzLXpvb21lZC1tb3JlLXRoYW4tNy1wZXItY2VudC1vbi1XZWRuZXNkYXnSAQA?hl=en-IN&gl=IN&ceid=IN%3Aen,2023-11-01
10,Microcap stock hits 5% upper circuit after company gets sanction for ...,Trade Brains,news.google.com/articles/CBMicWh0dHBzOi8vdHJhZGVicmFpbnMuaW4vZmVhdHVyZXMvbWljcm9jYXAtc3RvY2staGl0cy01LXVwcGVyLWNpcmN1aXQtYWZ0ZXItY29tcGFueS1nZXRzLXNhbmN0aW9uLWZvci1hbWFsZ2FtYXRpb24v0gEA?hl=en-IN&gl=IN&ceid=IN%3Aen,2023-11-01
11,Gainers and Losers: 10 stocks that moved the most on November 1,Moneycontrol,news.google.com/articles/CBMihgFodHRwczovL3d3dy5tb25leWNvbnRyb2wuY29tL25ld3MvcGhvdG9zL2J1c2luZXNzL21hcmtldHMvZ2FpbmVycy1hbmQtbG9zZXJzLTEwLXN0b2Nrcy10aGF0LW1vdmVkLXRoZS1tb3N0LW9uLW5vdmVtYmVyLTEtMTE2NDQyMjEuaHRtbNIBigFodHRwczovL3d3dy5tb25leWNvbnRyb2wuY29tL25ld3MvcGhvdG9zL2J1c2luZXNzL21hcmtldHMvZ2FpbmVycy1hbmQtbG9zZXJzLTEwLXN0b2Nrcy10aGF0LW1vdmVkLXRoZS1tb3N0LW9uLW5vdmVtYmVyLTEtMTE2NDQyMjEuaHRtbC9hbXA?hl=en-IN&gl=IN&ceid=IN%3Aen,2023-11-01
24,DSIJ Article Detail,Dalal Street Investment Journal,news.google.com/articles/CBMiwQFodHRwczovL3d3dy5kc2lqLmluL2RzaWphcnRpY2xlZGV0YWlsL3JzLTY4MDAwLWNyb3JlLW9yZGVyLWJvb2stcnMtODAwLWNyb3JlLWNhcGV4LXBsYW5zLXRoaXMtbXVsdGliYWdnZXItYWVyb3NwYWNlLWRlZmVuY2UtY29tcGFueS1yZXBvcnRzLXN0ZWxsYXItcXVhcnRlcmx5LXJlc3VsdHMtaGFsZi15ZWFybHktcmVzdWx0cy0zNDIzOS020gEA?hl=en-IN&gl=IN&ceid=IN%3Aen,2023-11-01
0,Greenlam Industries shares jump 14% on strong Q2 results; check details,Business Today,news.google.com/articles/CBMijQFodHRwczovL3d3dy5idXNpbmVzc3RvZGF5LmluL21hcmtldHMvaXBvLWNvcm5lci9zdG9yeS9ncmVlbmxhbS1pbmR1c3RyaWVzLXNoYXJlcy1qdW1wLTE0LW9uLXN0cm9uZy1xMi1yZXN1bHRzLWNoZWNrLWRldGFpbHMtNDAzNzc3LTIwMjMtMTAtMzDSAZEBaHR0cHM6Ly93d3cuYnVzaW5lc3N0b2RheS5pbi9hbXAvbWFya2V0cy9pcG8tY29ybmVyL3N0b3J5L2dyZWVubGFtLWluZHVzdHJpZXMtc2hhcmVzLWp1bXAtMTQtb24tc3Ryb25nLXEyLXJlc3VsdHMtY2hlY2stZGV0YWlscy00MDM3NzctMjAyMy0xMC0zMA?hl=en-IN&gl=IN&ceid=IN%3Aen,2023-10-30
12,"Traders Diary: Buy, sell or hold strategy on MCX, Cipla, BEL, DRL, CDSL, other a dozen other stocks today",Zee Business,news.google.com/articles/CBMiogFodHRwczovL3d3dy56ZWViaXouY29tL21hcmtldHMvc3RvY2tzL25ld3MtdHJhZGVycy1kaWFyeS1idXktc2VsbC1vci1ob2xkLXN0cmF0ZWd5LW9uLW1hcnV0aS1zdXp1a2ktbWN4LWJlbC1jaXBsYS1kcmwtY2RzbC1vdGhlci1hLWRvemVuLW90aGVyLXN0b2Nrcy10b2RheS0yNjE4MzHSAaYBaHR0cHM6Ly93d3cuemVlYml6LmNvbS9tYXJrZXRzL3N0b2Nrcy9uZXdzLXRyYWRlcnMtZGlhcnktYnV5LXNlbGwtb3ItaG9sZC1zdHJhdGVneS1vbi1tYXJ1dGktc3V6dWtpLW1jeC1iZWwtY2lwbGEtZHJsLWNkc2wtb3RoZXItYS1kb3plbi1vdGhlci1zdG9ja3MtdG9kYXktMjYxODMxL2FtcA?hl=en-IN&gl=IN&ceid=IN%3Aen,2023-10-30
