,title,source,link,date
0,"Anticipating 'unfair' Schengen decision, MEP suggests scrapping ...",EURACTIV,news.google.com/articles/CBMihgFodHRwczovL3d3dy5ldXJhY3Rpdi5jb20vc2VjdGlvbi9wb2xpdGljcy9uZXdzL2FudGljaXBhdGluZy11bmZhaXItc2NoZW5nZW4tZGVjaXNpb24tbWVwLXN1Z2dlc3RzLXNjcmFwcGluZy1idWxnYXJpYS1yb21hbmlhLWJvcmRlci0yL9IBAA?hl=en-IN&gl=IN&ceid=IN%3Aen,2023-08-24
9,MEP calls for new approach to retrofitting of houses,Radio Kerry,news.google.com/articles/CBMiWmh0dHBzOi8vd3d3LnJhZGlva2VycnkuaWUvbmV3cy9tZXAtY2FsbHMtZm9yLW5ldy1hcHByb2FjaC10by1yZXRyb2ZpdHRpbmctb2YtaG91c2VzLTM0NDMwM9IBXmh0dHBzOi8vd3d3LnJhZGlva2VycnkuaWUvYW1wL25ld3MvbWVwLWNhbGxzLWZvci1uZXctYXBwcm9hY2gtdG8tcmV0cm9maXR0aW5nLW9mLWhvdXNlcy0zNDQzMDM?hl=en-IN&gl=IN&ceid=IN%3Aen,2023-08-24
23,"Europe Daily News, 24 August 2023 | Perspectives & Events",Mayer Brown,news.google.com/articles/CBMicmh0dHBzOi8vd3d3Lm1heWVyYnJvd24uY29tL2VuL3BlcnNwZWN0aXZlcy1ldmVudHMvcHVibGljYXRpb25zLzIwMjMvMDgvZXVyb3BlLWRhaWx5LW5ld3MvZXVyb3BlLWRhaWx5LW5ld3MtYXVnMjQyM9IBAA?hl=en-IN&gl=IN&ceid=IN%3Aen,2023-08-24
34,SSH Reveals Key Participation In The Renovation Of Kuwait Resort,MEP Middle East,news.google.com/articles/CBMiYGh0dHBzOi8vd3d3Lm1lcG1pZGRsZWVhc3QuY29tL2J1c2luZXNzL2NvbnRyYWN0cy9zc2gtd2lucy1sZWFkLWRlc2lnbi1jb250cmFjdC1mb3Ita3V3YWl0LXJlc29ydNIBAA?hl=en-IN&gl=IN&ceid=IN%3Aen,2023-08-24
61,IMF OKs US$7.5 bn disbursement and dollar volatility controls for ...,Buenos Aires Herald,news.google.com/articles/CBMicmh0dHBzOi8vYnVlbm9zYWlyZXNoZXJhbGQuY29tL2Vjb25vbWljcy9pbWYtb2tzLXVzNy01LWJuLWRpc2J1cnNlbWVudC1hbmQtZG9sbGFyLXZvbGF0aWxpdHktY29udHJvbHMtZm9yLWFyZ2VudGluYdIBAA?hl=en-IN&gl=IN&ceid=IN%3Aen,2023-08-24
67,"Design, synthesis, and performance evaluation of TiO2-dye ...",Nature.com,news.google.com/articles/CBMiMmh0dHBzOi8vd3d3Lm5hdHVyZS5jb20vYXJ0aWNsZXMvczQxNTk4LTAyMy00MDgzMC0x0gEA?hl=en-IN&gl=IN&ceid=IN%3Aen,2023-08-24
68,Big Tech braces for roll-out of EU's Digital Services Act,The Economic Times,news.google.com/articles/CBMifmh0dHBzOi8vbS5lY29ub21pY3RpbWVzLmNvbS90ZWNoL3RlY2hub2xvZ3kvYmlnLXRlY2gtYnJhY2VzLWZvci1yb2xsLW91dC1vZi1ldXMtZGlnaXRhbC1zZXJ2aWNlcy1hY3QvYXJ0aWNsZXNob3cvMTAzMDAyMTYzLmNtc9IBggFodHRwczovL20uZWNvbm9taWN0aW1lcy5jb20vdGVjaC90ZWNobm9sb2d5L2JpZy10ZWNoLWJyYWNlcy1mb3Itcm9sbC1vdXQtb2YtZXVzLWRpZ2l0YWwtc2VydmljZXMtYWN0L2FtcF9hcnRpY2xlc2hvdy8xMDMwMDIxNjMuY21z?hl=en-IN&gl=IN&ceid=IN%3Aen,2023-08-24
64,Meta approved hate-filled Facebook ads that called for violence in Europe,Yahoo! Voices,news.google.com/articles/CBMic2h0dHBzOi8vd3d3LnlhaG9vLmNvbS9uZXdzL21ldGEtYXBwcm92ZWQtaGF0ZS1maWxsZWQtZmFjZWJvb2stYWRzLXRoYXQtY2FsbGVkLWZvci12aW9sZW5jZS1pbi1ldXJvcGUtMDMwMDE1NTM3Lmh0bWzSAXxodHRwczovL25ld3MueWFob28uY29tL2FtcGh0bWwvbmV3cy9tZXRhLWFwcHJvdmVkLWhhdGUtZmlsbGVkLWZhY2Vib29rLWFkcy10aGF0LWNhbGxlZC1mb3ItdmlvbGVuY2UtaW4tZXVyb3BlLTAzMDAxNTUzNy5odG1s?hl=en-IN&gl=IN&ceid=IN%3Aen,2023-08-24
8,India To Spend $12bn On Airport Infrastructure,MEP Middle East,news.google.com/articles/CBMiVGh0dHBzOi8vd3d3Lm1lcG1pZGRsZWVhc3QuY29tL3Byb2plY3RzL2luZGlhLXRvLXNwZW5kLTEyYm4tb24tYWlycG9ydC1pbmZyYXN0cnVjdHVyZdIBAA?hl=en-IN&gl=IN&ceid=IN%3Aen,2023-08-24
71,Prigozhin (probably) liquidated,POLITICO Europe,news.google.com/articles/CBMiU2h0dHBzOi8vd3d3LnBvbGl0aWNvLmV1L25ld3NsZXR0ZXIvYnJ1c3NlbHMtcGxheWJvb2svcHJpZ296aGluLXByb2JhYmx5LWxpcXVpZGF0ZWQv0gFXaHR0cHM6Ly93d3cucG9saXRpY28uZXUvbmV3c2xldHRlci9icnVzc2Vscy1wbGF5Ym9vay9wcmlnb3poaW4tcHJvYmFibHktbGlxdWlkYXRlZC9hbXAv?hl=en-IN&gl=IN&ceid=IN%3Aen,2023-08-24
