Trading Day,Date,Open,High,Low,Close,Volume,Dividends,Stock Splits,date_only,Close_ema_12,Close_ema_26,macd,macd_ema_9,symbol,created_on
1,2023-07-28 00:00:00+05:30,626.0,637.0,623.5499877929688,625.9500122070312,18620,0.0,0.0,2023-07-28,635.323182622393,645.2784547370788,-9.95527211468584,-8.875216325051579,JINDALPOLY.NS,2023-07-31 18:04:48.957222
2,2023-07-27 00:00:00+05:30,633.5,638.4500122070312,630.0,633.7999877929688,15844,0.0,0.0,2023-07-27,637.0273954251861,646.8247301394827,-9.79733471429654,-8.605202377643014,JINDALPOLY.NS,2023-07-31 18:04:48.957222
3,2023-07-26 00:00:00+05:30,620.9500122070312,637.0,620.9500122070312,631.2000122070312,20547,0.0,0.0,2023-07-26,637.614196812862,647.8667095272037,-10.25251271434172,-8.307169293479632,JINDALPOLY.NS,2023-07-31 18:04:48.957222
4,2023-07-25 00:00:00+05:30,632.75,635.9500122070312,617.0499877929688,620.4500122070312,23451,0.0,0.0,2023-07-25,638.7804121957403,649.2000453128176,-10.419633117077296,-7.82083343826411,JINDALPOLY.NS,2023-07-31 18:04:48.957222
5,2023-07-24 00:00:00+05:30,634.2000122070312,637.9000244140625,629.0,629.5999755859375,15705,0.0,0.0,2023-07-24,642.1132121936874,651.5000479612804,-9.38683576759297,-7.171133518560812,JINDALPOLY.NS,2023-07-31 18:04:48.957222
6,2023-07-21 00:00:00+05:30,635.2000122070312,637.3499755859375,632.0499877929688,634.2000122070312,12848,0.0,0.0,2023-07-21,644.3883461223693,653.2520537513079,-8.863707628938641,-6.617207956302773,JINDALPOLY.NS,2023-07-31 18:04:48.957222
7,2023-07-20 00:00:00+05:30,635.0999755859375,639.9500122070312,631.0,637.2000122070312,13099,0.0,0.0,2023-07-20,646.2407704706126,654.7762170748501,-8.535446604237563,-6.055583038143805,JINDALPOLY.NS,2023-07-31 18:04:48.957222
8,2023-07-19 00:00:00+05:30,637.0499877929688,642.25,629.75,634.7999877929688,29122,0.0,0.0,2023-07-19,647.8845447003547,656.1823134642756,-8.297768763920885,-5.435617146620364,JINDALPOLY.NS,2023-07-31 18:04:48.957222
9,2023-07-18 00:00:00+05:30,643.2999877929688,648.0,635.0,636.5999755859375,18276,0.0,0.0,2023-07-18,650.2635550471521,657.8928995179801,-7.629344470828073,-4.720079242295234,JINDALPOLY.NS,2023-07-31 18:04:48.957222
10,2023-07-17 00:00:00+05:30,645.0,649.9000244140625,642.0,643.0499877929688,15278,0.0,0.0,2023-07-17,652.7478422219184,659.5963334325435,-6.84849121062507,-3.992762935162024,JINDALPOLY.NS,2023-07-31 18:04:48.957222
11,2023-07-14 00:00:00+05:30,641.4000244140625,647.7999877929688,638.5999755859375,641.0499877929688,17535,0.0,0.0,2023-07-14,654.5110884817275,660.9200410837094,-6.408952601981923,-3.2788308662962624,JINDALPOLY.NS,2023-07-31 18:04:48.957222
12,2023-07-13 00:00:00+05:30,664.0,664.0,640.0499877929688,641.2999877929688,36766,0.0,0.0,2023-07-13,656.9585613342291,662.5096453469687,-5.5510840127395795,-2.4963004323748472,JINDALPOLY.NS,2023-07-31 18:04:48.957222
13,2023-07-12 00:00:00+05:30,659.4500122070312,659.7000122070312,647.0,648.2999877929688,22586,0.0,0.0,2023-07-12,659.8055747053673,664.2064179512887,-4.400843245921351,-1.732604537283664,JINDALPOLY.NS,2023-07-31 18:04:48.957222
14,2023-07-11 00:00:00+05:30,659.5,659.9500122070312,648.0,651.7000122070312,35327,0.0,0.0,2023-07-11,661.8974995985307,665.4789323639543,-3.581432765423642,-1.0655448601242423,JINDALPOLY.NS,2023-07-31 18:04:48.957222
15,2023-07-10 00:00:00+05:30,661.8499755859375,665.8499755859375,651.1500244140625,656.2000122070312,32068,0.0,0.0,2023-07-10,663.751588215167,666.5812459765082,-2.8296577613411955,-0.4365728837993923,JINDALPOLY.NS,2023-07-31 18:04:48.957222
16,2023-07-07 00:00:00+05:30,668.0,674.9000244140625,660.25,661.8499755859375,24961,0.0,0.0,2023-07-07,665.1246020348281,667.4117446780663,-2.2871426432382123,0.1616983355860585,JINDALPOLY.NS,2023-07-31 18:04:48.957222
17,2023-07-06 00:00:00+05:30,658.6500244140625,669.2000122070312,656.5,667.9000244140625,37344,0.0,0.0,2023-07-06,665.7199886618992,667.8566862054365,-2.136697543537366,0.7739085802921262,JINDALPOLY.NS,2023-07-31 18:04:48.957222
18,2023-07-05 00:00:00+05:30,657.5,666.0,651.7000122070312,658.5,50228,0.0,0.0,2023-07-05,665.3236185251421,667.8532191487465,-2.529600623604324,1.501560111249499,JINDALPOLY.NS,2023-07-31 18:04:48.957222
19,2023-07-04 00:00:00+05:30,664.75,667.0,653.4500122070312,655.9500122070312,44616,0.0,0.0,2023-07-04,666.5642764388044,668.6014766806461,-2.037200241841674,2.5093502949629545,JINDALPOLY.NS,2023-07-31 18:04:48.957222
20,2023-07-03 00:00:00+05:30,656.0499877929688,664.4500122070312,650.9000244140625,659.2000122070312,48251,0.0,0.0,2023-07-03,668.4941426627632,669.6135938385352,-1.1194511757719283,3.6459879291641117,JINDALPOLY.NS,2023-07-31 18:04:48.957222
21,2023-06-30 00:00:00+05:30,661.8499755859375,673.0,652.9000244140625,654.7000122070312,61313,0.0,0.0,2023-06-30,670.1839845638054,670.4466803690556,-0.26269580525013225,4.8373477053981215,JINDALPOLY.NS,2023-07-31 18:04:48.957222
22,2023-06-27 00:00:00+05:30,661.7999877929688,685.0,657.2000122070312,660.4000244140625,38436,0.0,0.0,2023-06-27,672.9992522650371,671.7064138220175,1.2928384430196047,6.1123585830601845,JINDALPOLY.NS,2023-07-31 18:04:48.957222
23,2023-06-26 00:00:00+05:30,667.0,672.4500122070312,657.0,658.5,23125,0.0,0.0,2023-06-26,675.2900209652142,672.6109249746538,2.679095990560427,7.31723861807033,JINDALPOLY.NS,2023-07-31 18:04:48.957222
24,2023-06-23 00:00:00+05:30,667.0999755859375,673.2000122070312,657.4500122070312,666.0,38322,0.0,0.0,2023-06-23,678.3427520497987,673.7397989726261,4.602953077172629,8.476774274947806,JINDALPOLY.NS,2023-07-31 18:04:48.957222
25,2023-06-22 00:00:00+05:30,678.0,680.2000122070312,666.0999755859375,673.2000122070312,27822,0.0,0.0,2023-06-22,680.5868887861258,674.3589828904361,6.227905895689673,9.4452295743916,JINDALPOLY.NS,2023-07-31 18:04:48.957222
26,2023-06-21 00:00:00+05:30,684.5999755859375,686.5999755859375,675.0,676.7999877929688,27319,0.0,0.0,2023-06-21,681.929957255052,674.4517005451085,7.478256709943594,10.249560494067081,JINDALPOLY.NS,2023-07-31 18:04:48.957222
27,2023-06-20 00:00:00+05:30,681.2999877929688,687.8499755859375,676.7000122070312,681.1500244140625,28148,0.0,0.0,2023-06-20,682.8626789754308,674.2638375652796,8.59884141015118,10.942386440097954,JINDALPOLY.NS,2023-07-31 18:04:48.957222
28,2023-06-19 00:00:00+05:30,687.0,691.9500122070312,674.0,681.2999877929688,34439,0.0,0.0,2023-06-19,683.1740707138614,673.7129426173769,9.461128096484458,11.528272697584647,JINDALPOLY.NS,2023-07-31 18:04:48.957222
29,2023-06-16 00:00:00+05:30,692.0,697.0,685.0999755859375,686.9500122070312,59921,0.0,0.0,2023-06-16,683.5148130631146,673.1059790033296,10.408834059785022,12.045058847859694,JINDALPOLY.NS,2023-07-31 18:04:48.957222
30,2023-06-15 00:00:00+05:30,686.1500244140625,691.0,682.0,686.9500122070312,36711,0.0,0.0,2023-06-15,682.8902314005843,671.9984563470335,10.89177505355076,12.45411504487836,JINDALPOLY.NS,2023-07-31 18:04:48.957222
31,2023-06-14 00:00:00+05:30,680.0,693.0,680.0,686.0999755859375,48344,0.0,0.0,2023-06-14,682.1520894357757,670.8023318782338,11.34975755754192,12.84470004271026,JINDALPOLY.NS,2023-07-31 18:04:48.957222
32,2023-06-13 00:00:00+05:30,690.0,693.7999877929688,681.2000122070312,685.9000244140625,76039,0.0,0.0,2023-06-13,681.4342919539281,669.5785203816174,11.855771572310687,13.218435664002342,JINDALPOLY.NS,2023-07-31 18:04:48.957222
33,2023-06-12 00:00:00+05:30,694.75,698.0499877929688,680.5,686.25,72177,0.0,0.0,2023-06-12,680.6223405975401,668.2728000590217,12.34954053851834,13.559101686925256,JINDALPOLY.NS,2023-07-31 18:04:48.957222
34,2023-06-09 00:00:00+05:30,703.0499877929688,708.7000122070312,686.2000122070312,691.4000244140625,138733,0.0,0.0,2023-06-09,679.5991297970928,666.8346240637434,12.764505733349438,13.861491974026984,JINDALPOLY.NS,2023-07-31 18:04:48.957222
35,2023-06-08 00:00:00+05:30,702.0,749.0499877929688,691.1500244140625,708.8499755859375,1064870,0.0,0.0,2023-06-08,677.4535125940075,664.8693920357179,12.58412055828967,14.13573853419637,JINDALPOLY.NS,2023-07-31 18:04:48.957222
36,2023-06-07 00:00:00+05:30,677.7999877929688,680.3499755859375,665.0,672.2999877929688,40526,0.0,0.0,2023-06-07,671.745064777293,661.3509453517003,10.394119425592748,14.523643028173044,JINDALPOLY.NS,2023-07-31 18:04:48.957222
37,2023-06-06 00:00:00+05:30,669.9500122070312,683.0,669.9500122070312,674.4000244140625,49202,0.0,0.0,2023-06-06,671.6441696835338,660.4750219563988,11.169147727135055,15.556023928818117,JINDALPOLY.NS,2023-07-31 18:04:48.957222
38,2023-06-05 00:00:00+05:30,671.0,681.0,666.0,669.9500122070312,45659,0.0,0.0,2023-06-05,671.1431051870741,659.3610217597857,11.782083427288399,16.65274297923888,JINDALPOLY.NS,2023-07-31 18:04:48.957222
39,2023-06-02 00:00:00+05:30,673.3499755859375,678.0,665.0,670.2999877929688,49732,0.0,0.0,2023-06-02,671.3600311834455,658.5139025240061,12.846128659439387,17.870407867226497,JINDALPOLY.NS,2023-07-31 18:04:48.957222
40,2023-06-01 00:00:00+05:30,678.2999877929688,689.9500122070312,665.25,670.0,81517,0.0,0.0,2023-06-01,671.5527663453503,657.5710157024891,13.98175064286113,19.126477669173276,JINDALPOLY.NS,2023-07-31 18:04:48.957222
41,2023-05-31 00:00:00+05:30,654.0499877929688,694.5,651.0,678.25,151610,0.0,0.0,2023-05-31,671.8350874990504,656.5766969586882,15.258390540362143,20.412659425751315,JINDALPOLY.NS,2023-07-31 18:04:48.957222
42,2023-05-30 00:00:00+05:30,677.9500122070312,679.5499877929688,660.0,662.0999755859375,56870,0.0,0.0,2023-05-30,670.668739771605,654.8428327153832,15.825907056221808,21.701226647098604,JINDALPOLY.NS,2023-07-31 18:04:48.957222
43,2023-05-29 00:00:00+05:30,670.8499755859375,694.4000244140625,669.5,672.5999755859375,101195,0.0,0.0,2023-05-29,672.226696896272,654.262261285739,17.964435610532973,23.170056544817804,JINDALPOLY.NS,2023-07-31 18:04:48.957222
44,2023-05-26 00:00:00+05:30,665.4000244140625,674.4000244140625,662.0499877929688,667.5,46699,0.0,0.0,2023-05-26,672.1588280436056,652.7952441417231,19.36358390188252,24.47146177838901,JINDALPOLY.NS,2023-07-31 18:04:48.957222
45,2023-05-25 00:00:00+05:30,663.0,667.8499755859375,658.0,663.4500122070312,34966,0.0,0.0,2023-05-25,673.0058876878975,651.6188636730609,21.387024014836584,25.748431247515633,JINDALPOLY.NS,2023-07-31 18:04:48.957222
46,2023-05-24 00:00:00+05:30,673.0,684.2999877929688,660.0,661.9500122070312,60897,0.0,0.0,2023-05-24,674.7433195935095,650.6723717903432,24.07094780316629,26.83878305568539,JINDALPOLY.NS,2023-07-31 18:04:48.957222
47,2023-05-23 00:00:00+05:30,680.1500244140625,680.1500244140625,670.25,675.5999755859375,76438,0.0,0.0,2023-05-23,677.0693754819602,649.7701605570081,27.299214924952025,27.53074186881516,JINDALPOLY.NS,2023-07-31 18:04:48.957222
48,2023-05-22 00:00:00+05:30,702.8499755859375,707.2999877929688,677.0999755859375,681.0999755859375,62489,0.0,0.0,2023-05-22,677.3365390994188,647.7037753546938,29.632763744725025,27.588623604780942,JINDALPOLY.NS,2023-07-31 18:04:48.957222
49,2023-05-19 00:00:00+05:30,705.9000244140625,720.0,695.0,701.7000122070312,138230,0.0,0.0,2023-05-19,676.6522779200517,645.0320793361943,31.62019858385736,27.07758856979492,JINDALPOLY.NS,2023-07-31 18:04:48.957222
50,2023-05-18 00:00:00+05:30,714.0999755859375,736.9000244140625,692.5999755859375,702.5,193734,0.0,0.0,2023-05-18,672.0981444133281,640.4986447065274,31.599499706800657,25.941936066279307,JINDALPOLY.NS,2023-07-31 18:04:48.957222
51,2023-05-17 00:00:00+05:30,695.1500244140625,721.9500122070312,689.2000122070312,710.5,188019,0.0,0.0,2023-05-17,666.5705343066604,635.5385362830496,31.031998023610868,24.527545156148967,JINDALPOLY.NS,2023-07-31 18:04:48.957222
52,2023-05-16 00:00:00+05:30,684.0,709.0,680.0999755859375,691.6500244140625,80956,0.0,0.0,2023-05-16,658.5833587260531,629.5416191856934,29.041739540359686,22.901431939283494,JINDALPOLY.NS,2023-07-31 18:04:48.957222
53,2023-05-15 00:00:00+05:30,676.7999877929688,699.0,670.0499877929688,683.9500122070312,64098,0.0,0.0,2023-05-15,652.5712376918697,624.5729467674239,27.99829092444577,21.366355039014447,JINDALPOLY.NS,2023-07-31 18:04:48.957222
54,2023-05-12 00:00:00+05:30,682.25,682.25,670.0999755859375,673.4000244140625,51155,0.0,0.0,2023-05-12,646.8660059618402,619.8227815322554,27.043224429584825,19.708371067656614,JINDALPOLY.NS,2023-07-31 18:04:48.957222
55,2023-05-11 00:00:00+05:30,683.5,697.2999877929688,677.2000122070312,682.25,86527,0.0,0.0,2023-05-11,642.0416389705271,615.5366021017107,26.50503686881632,17.874657727174558,JINDALPOLY.NS,2023-07-31 18:04:48.957222
56,2023-05-10 00:00:00+05:30,700.9500122070312,708.7999877929688,675.0,680.5999755859375,256824,0.0,0.0,2023-05-10,634.7310278742593,610.1995302698475,24.53149760441181,15.71706294176412,JINDALPOLY.NS,2023-07-31 18:04:48.957222
57,2023-05-09 00:00:00+05:30,640.5499877929688,740.0,636.0999755859375,696.75,2027965,0.0,0.0,2023-05-09,626.3912191994087,604.5674946445603,21.823724554848468,13.513454276102195,JINDALPOLY.NS,2023-07-31 18:04:48.957222
58,2023-05-08 00:00:00+05:30,619.5,639.7999877929688,616.7000122070312,635.5499877929688,80285,0.0,0.0,2023-05-08,613.5987135993012,597.1928942161251,16.405819383176095,11.435886706415625,JINDALPOLY.NS,2023-07-31 18:04:48.957222
59,2023-05-05 00:00:00+05:30,634.7000122070312,636.75,612.25,615.0499877929688,48277,0.0,0.0,2023-05-05,609.6075728368161,594.1243267299775,15.483246106838578,10.193403537225507,JINDALPOLY.NS,2023-07-31 18:04:48.957222
60,2023-05-04 00:00:00+05:30,633.0,639.0,622.2000122070312,629.0,40291,0.0,0.0,2023-05-04,608.6180428447883,592.4502738449382,16.167768999850068,8.870942894822239,JINDALPOLY.NS,2023-07-31 18:04:48.957222
61,2023-05-03 00:00:00+05:30,633.0,642.5999755859375,628.0499877929688,632.4500122070312,70523,0.0,0.0,2023-05-03,604.9122324529317,589.5262957525333,15.38593670039836,7.046736368565281,JINDALPOLY.NS,2023-07-31 18:04:48.957222
62,2023-05-02 00:00:00+05:30,629.8499755859375,634.0,624.1500244140625,629.5,31125,0.0,0.0,2023-05-02,599.9053634067318,586.0923984361734,13.812964970558369,4.96193628560701,JINDALPOLY.NS,2023-07-31 18:04:48.957222
63,2023-04-28 00:00:00+05:30,622.75,632.7000122070312,616.5,625.2000122070312,44646,0.0,0.0,2023-04-28,594.524520389774,582.6197903110673,11.904730078706734,2.749179114369169,JINDALPOLY.NS,2023-07-31 18:04:48.957222
64,2023-04-27 00:00:00+05:30,623.0,635.0,614.5999755859375,619.5999755859375,47352,0.0,0.0,2023-04-27,588.9471582411818,579.2133725593901,9.733785681791687,0.4602913732847771,JINDALPOLY.NS,2023-07-31 18:04:48.957222
65,2023-04-26 00:00:00+05:30,599.0999755859375,636.0,599.0999755859375,625.4500122070312,155394,0.0,0.0,2023-04-26,583.3739187239535,575.9824443172664,7.391474406687053,-1.8580822038419504,JINDALPOLY.NS,2023-07-31 18:04:48.957222
66,2023-04-25 00:00:00+05:30,583.0499877929688,604.9500122070312,583.0499877929688,599.6500244140625,92127,0.0,0.0,2023-04-25,575.7237199088484,572.0250388860852,3.6986810227631395,-4.170471356474201,JINDALPOLY.NS,2023-07-31 18:04:48.957222
67,2023-04-24 00:00:00+05:30,588.7000122070312,592.75,580.6500244140625,585.9500122070312,27328,0.0,0.0,2023-04-24,571.3734827260822,569.815040043847,1.5584426822351816,-6.137759451283536,JINDALPOLY.NS,2023-07-31 18:04:48.957222
68,2023-04-21 00:00:00+05:30,580.0,588.0,566.5,583.6500244140625,36693,0.0,0.0,2023-04-21,568.723204638637,568.5242422707922,0.19896236784472876,-8.061809984663215,JINDALPOLY.NS,2023-07-31 18:04:48.957222
69,2023-04-20 00:00:00+05:30,581.9000244140625,586.7000122070312,577.5999755859375,580.5499877929688,28457,0.0,0.0,2023-04-20,566.0092374067415,567.3141796993306,-1.3049422925890894,-10.1270030727902,JINDALPOLY.NS,2023-07-31 18:04:48.957222
70,2023-04-19 00:00:00+05:30,575.0,589.4500122070312,572.6500244140625,577.5499877929688,60480,0.0,0.0,2023-04-19,563.3654646092457,566.2553150518395,-2.889850442593797,-12.332518267840477,JINDALPOLY.NS,2023-07-31 18:04:48.957222
71,2023-04-18 00:00:00+05:30,575.9500122070312,585.0999755859375,573.9500122070312,577.0,41343,0.0,0.0,2023-04-18,560.7864603940233,565.3517412325491,-4.565280838525837,-14.693185224152147,JINDALPOLY.NS,2023-07-31 18:04:48.957222
72,2023-04-17 00:00:00+05:30,572.0,577.9000244140625,562.7000122070312,572.7000122070312,39878,0.0,0.0,2023-04-17,557.8385441020275,564.419880531153,-6.581336429125486,-17.225161320558723,JINDALPOLY.NS,2023-07-31 18:04:48.957222
73,2023-04-13 00:00:00+05:30,577.0,583.0,568.5999755859375,571.5499877929688,47144,0.0,0.0,2023-04-13,555.1364589920269,563.7574699970828,-8.621011005055948,-19.88611754341703,JINDALPOLY.NS,2023-07-31 18:04:48.957222
74,2023-04-12 00:00:00+05:30,577.0,586.4000244140625,573.0,575.0999755859375,69692,0.0,0.0,2023-04-12,552.1521810282193,563.1340685734119,-10.981887545192649,-22.7023941780073,JINDALPOLY.NS,2023-07-31 18:04:48.957222
75,2023-04-11 00:00:00+05:30,575.3499755859375,590.2999877929688,571.2000122070312,573.5,108183,0.0,0.0,2023-04-11,547.9798547449977,562.1767960124099,-14.196941267412171,-25.632520836210958,JINDALPOLY.NS,2023-07-31 18:04:48.957222
76,2023-04-10 00:00:00+05:30,570.4500122070312,578.8499755859375,565.4500122070312,575.3499755859375,69598,0.0,0.0,2023-04-10,543.3398283349973,561.2709396934026,-17.93111135840536,-28.49141572841065,JINDALPOLY.NS,2023-07-31 18:04:48.957222
77,2023-04-06 00:00:00+05:30,554.5,582.7000122070312,552.0499877929688,565.9500122070312,132648,0.0,0.0,2023-04-06,537.519801562099,560.1446168219999,-22.624815259900856,-31.131491820911968,JINDALPOLY.NS,2023-07-31 18:04:48.957222
78,2023-04-05 00:00:00+05:30,542.75,566.0,541.0499877929688,555.6500244140625,120664,0.0,0.0,2023-04-05,532.3506723539296,559.6801851911974,-27.329512837267885,-33.25816096116474,JINDALPOLY.NS,2023-07-31 18:04:48.957222
79,2023-04-03 00:00:00+05:30,504.8999938964844,550.0,500.0,542.75,142905,0.0,0.0,2023-04-03,528.1144265248145,560.0025980533682,-31.8881715285537,-34.74032299213895,JINDALPOLY.NS,2023-07-31 18:04:48.957222
80,2023-03-31 00:00:00+05:30,502.0,514.4000244140625,498.29998779296875,500.8500061035156,73135,0.0,0.0,2023-03-31,525.4534131656899,561.3828058976376,-35.9293927319477,-35.45336085803526,JINDALPOLY.NS,2023-07-31 18:04:48.957222
81,2023-03-29 00:00:00+05:30,497.04998779296875,504.8999938964844,489.3500061035156,495.45001220703125,177004,0.0,0.0,2023-03-29,529.9267599042671,566.2254298811674,-36.29866997690033,-35.334352889557145,JINDALPOLY.NS,2023-07-31 18:04:48.957222
82,2023-03-28 00:00:00+05:30,498.0,511.75,484.95001220703125,489.70001220703125,195051,0.0,0.0,2023-03-28,536.1952594855827,571.8874632950983,-35.692203809515604,-35.093273617721344,JINDALPOLY.NS,2023-07-31 18:04:48.957222
83,2023-03-27 00:00:00+05:30,525.5,528.7000122070312,497.3500061035156,501.1499938964844,191808,0.0,0.0,2023-03-27,544.6489408089557,578.4624593821437,-33.81351857318805,-34.94354106977278,JINDALPOLY.NS,2023-07-31 18:04:48.957222
84,2023-03-24 00:00:00+05:30,548.0,554.3499755859375,522.1500244140625,526.25,79606,0.0,0.0,2023-03-24,552.5578402475868,584.6474566209964,-32.089616373409626,-35.22604669391896,JINDALPOLY.NS,2023-07-31 18:04:48.957222
85,2023-03-23 00:00:00+05:30,564.4500122070312,566.25,542.9000244140625,545.7999877929688,66404,0.0,0.0,2023-03-23,557.3410839289662,589.3192531506761,-31.97816922170989,-36.01015427404629,JINDALPOLY.NS,2023-07-31 18:04:48.957222
86,2023-03-22 00:00:00+05:30,549.9000244140625,572.4500122070312,546.0499877929688,562.9500122070312,136905,0.0,0.0,2023-03-22,559.4394650446021,592.8007943792927,-33.361329334690595,-37.018150537130396,JINDALPOLY.NS,2023-07-31 18:04:48.957222
87,2023-03-21 00:00:00+05:30,539.9500122070312,551.0,535.2000122070312,548.0,79833,0.0,0.0,2023-03-21,558.8011837423423,595.1888569530736,-36.387673210731236,-37.93235583774034,JINDALPOLY.NS,2023-07-31 18:04:48.957222
88,2023-03-20 00:00:00+05:30,549.0,549.9500122070312,528.25,535.2000122070312,122717,0.0,0.0,2023-03-20,560.7650353318592,598.9639655093195,-38.198930177460284,-38.31852649449261,JINDALPOLY.NS,2023-07-31 18:04:48.957222
89,2023-03-17 00:00:00+05:30,539.7999877929688,549.0,531.0,539.6500244140625,42892,0.0,0.0,2023-03-17,565.4132213545552,604.0650817735025,-38.65186041894731,-38.34842557375069,JINDALPOLY.NS,2023-07-31 18:04:48.957222
90,2023-03-16 00:00:00+05:30,538.0,539.7000122070312,526.2999877929688,535.7999877929688,31610,0.0,0.0,2023-03-16,570.0974389800994,609.2182863622577,-39.12084738215833,-38.27256686245153,JINDALPOLY.NS,2023-07-31 18:04:48.957222
91,2023-03-15 00:00:00+05:30,553.0,561.5999755859375,530.0,537.2000122070312,43315,0.0,0.0,2023-03-15,576.3333391959413,615.0917502478007,-38.75841105185941,-38.060496732524825,JINDALPOLY.NS,2023-07-31 18:04:48.957222
92,2023-03-14 00:00:00+05:30,559.8499755859375,563.9500122070312,543.7999877929688,549.4500122070312,51909,0.0,0.0,2023-03-14,583.4484895575613,621.3230892910623,-37.874599733500986,-37.88601815269117,JINDALPOLY.NS,2023-07-31 18:04:48.957222
93,2023-03-13 00:00:00+05:30,578.0,578.0,551.0,556.7999877929688,34886,0.0,0.0,2023-03-13,589.6300308940213,627.0729354577848,-37.44290456376348,-37.88887275748871,JINDALPOLY.NS,2023-07-31 18:04:48.957222
94,2023-03-10 00:00:00+05:30,581.5999755859375,586.3499755859375,570.0499877929688,572.4000244140625,59190,0.0,0.0,2023-03-10,595.5991296396671,632.69477127097,-37.0956416313029,-38.000364805920015,JINDALPOLY.NS,2023-07-31 18:04:48.957222
95,2023-03-09 00:00:00+05:30,585.0,594.2000122070312,581.9500122070312,588.25,36809,0.0,0.0,2023-03-09,599.8171487715953,637.5183510195227,-37.70120224792743,-38.226545599574294,JINDALPOLY.NS,2023-07-31 18:04:48.957222
96,2023-03-08 00:00:00+05:30,590.0,590.0,578.0,580.25,24325,0.0,0.0,2023-03-08,601.9202667300672,641.4598191010846,-39.53955237101741,-38.35788143748601,JINDALPOLY.NS,2023-07-31 18:04:48.957222
97,2023-03-06 00:00:00+05:30,582.0,590.0,575.0,582.2000122070312,31997,0.0,0.0,2023-03-06,605.860315226443,646.3566046291713,-40.49628940272828,-38.06246370410315,JINDALPOLY.NS,2023-07-31 18:04:48.957222
98,2023-03-03 00:00:00+05:30,587.6500244140625,590.5,573.6500244140625,578.3499755859375,32176,0.0,0.0,2023-03-03,610.1621885026998,651.4891320229426,-41.32694352024282,-37.45400727944687,JINDALPOLY.NS,2023-07-31 18:04:48.957222
99,2023-03-02 00:00:00+05:30,589.2000122070312,592.7999877929688,580.0499877929688,582.1500244140625,25428,0.0,0.0,2023-03-02,615.9462272148385,657.3402645379031,-41.394037323064595,-36.48577321924788,JINDALPOLY.NS,2023-07-31 18:04:48.957222
100,2023-03-01 00:00:00+05:30,593.0,601.9000244140625,585.0999755859375,589.25,58172,0.0,0.0,2023-03-01,622.0909913604341,663.3554837478104,-41.26449238737621,-35.2587071932937,JINDALPOLY.NS,2023-07-31 18:04:48.957222
101,2023-02-28 00:00:00+05:30,564.0,597.1500244140625,562.25,589.3499755859375,69035,0.0,0.0,2023-02-28,628.0620806986949,669.2839224476352,-41.22184174894028,-33.757260894773076,JINDALPOLY.NS,2023-07-31 18:04:48.957222
102,2023-02-27 00:00:00+05:30,605.75,605.9000244140625,557.5499877929688,563.0499877929688,97178,0.0,0.0,2023-02-27,635.1006452646508,675.6786381965709,-40.57799293192011,-31.89111568123127,JINDALPOLY.NS,2023-07-31 18:04:48.957222
103,2023-02-24 00:00:00+05:30,611.0,621.8499755859375,604.0,605.75,24089,0.0,0.0,2023-02-24,648.2007648049565,684.6889302288591,-36.488165423902615,-29.71939636855906,JINDALPOLY.NS,2023-07-31 18:04:48.957222
104,2023-02-23 00:00:00+05:30,612.0,612.0,600.6500244140625,606.0,41117,0.0,0.0,2023-02-23,655.9190856785849,691.0040446471679,-35.08495896858301,-28.027204104723168,JINDALPOLY.NS,2023-07-31 18:04:48.957222
105,2023-02-22 00:00:00+05:30,625.7000122070312,630.0999755859375,604.0999755859375,606.5,42577,0.0,0.0,2023-02-22,664.9952830746912,697.8043682189414,-32.80908514425016,-26.262765388758204,JINDALPOLY.NS,2023-07-31 18:04:48.957222
106,2023-02-21 00:00:00+05:30,647.75,647.75,630.4500122070312,632.0,30824,0.0,0.0,2023-02-21,675.6307890882715,705.1087176764568,-29.47792858818525,-24.626185449885213,JINDALPOLY.NS,2023-07-31 18:04:48.957222
107,2023-02-20 00:00:00+05:30,651.0,653.9500122070312,640.0999755859375,643.3499755859375,35176,0.0,0.0,2023-02-20,683.5636598315936,710.9574150905734,-27.39375525897981,-23.413249665310204,JINDALPOLY.NS,2023-07-31 18:04:48.957222
108,2023-02-17 00:00:00+05:30,664.7999877929688,664.7999877929688,648.0,650.9500122070312,28526,0.0,0.0,2023-02-17,690.8752387853492,716.3660102509442,-25.490771465595003,-22.4181232668928,JINDALPOLY.NS,2023-07-31 18:04:48.957222
109,2023-02-16 00:00:00+05:30,660.0,670.0,648.9000244140625,654.2999877929688,86723,0.0,0.0,2023-02-16,698.134370890498,721.5992900944573,-23.46491920395931,-21.649961217217246,JINDALPOLY.NS,2023-07-31 18:04:48.957222
110,2023-02-15 00:00:00+05:30,641.2000122070312,670.0,640.75,663.5499877929688,223563,0.0,0.0,2023-02-15,706.1042587264124,726.9832342785763,-20.87897555216398,-21.19622172053173,JINDALPOLY.NS,2023-07-31 18:04:48.957222
111,2023-02-14 00:00:00+05:30,720.0,733.9000244140625,696.4500122070312,718.9500122070312,66433,0.0,0.0,2023-02-14,713.8413988961294,732.057893997425,-18.216495101295664,-21.275533262623664,JINDALPOLY.NS,2023-07-31 18:04:48.957222
112,2023-02-13 00:00:00+05:30,708.2000122070312,717.9000244140625,701.0999755859375,704.7000122070312,25535,0.0,0.0,2023-02-13,712.9125601123291,733.1065245406566,-20.19396442832749,-22.040292802955666,JINDALPOLY.NS,2023-07-31 18:04:48.957222
113,2023-02-10 00:00:00+05:30,716.3499755859375,717.4500122070312,700.0,705.5499877929688,16879,0.0,0.0,2023-02-10,714.4057506405651,735.3790455273465,-20.973294886781446,-22.50187489661271,JINDALPOLY.NS,2023-07-31 18:04:48.957222
114,2023-02-09 00:00:00+05:30,704.0,729.9000244140625,700.25,716.2999877929688,19118,0.0,0.0,2023-02-09,716.0158893401281,737.7653701460966,-21.749480805968574,-22.884019899070523,JINDALPOLY.NS,2023-07-31 18:04:48.957222
115,2023-02-08 00:00:00+05:30,703.0,706.9500122070312,696.6500244140625,703.25,17495,0.0,0.0,2023-02-08,715.9642350759751,739.4826007343469,-23.51836565837175,-23.16765467234601,JINDALPOLY.NS,2023-07-31 18:04:48.957222
116,2023-02-07 00:00:00+05:30,706.0,710.0,700.0,703.75,12856,0.0,0.0,2023-02-07,718.2759141806978,742.3812087930946,-24.105294612396847,-23.079976925839574,JINDALPOLY.NS,2023-07-31 18:04:48.957222
117,2023-02-06 00:00:00+05:30,696.2000122070312,707.0,686.0999755859375,701.0499877929688,18273,0.0,0.0,2023-02-06,720.9169894862792,745.4717054965422,-24.55471601026295,-22.823647504200256,JINDALPOLY.NS,2023-07-31 18:04:48.957222
118,2023-02-03 00:00:00+05:30,711.5,711.5,682.5,696.2000122070312,29100,0.0,0.0,2023-02-03,724.5291716123357,749.0254429128281,-24.496271300492367,-22.39088037768458,JINDALPOLY.NS,2023-07-31 18:04:48.957222
119,2023-02-02 00:00:00+05:30,710.9500122070312,721.4500122070312,700.0999755859375,703.2000122070312,18431,0.0,0.0,2023-02-02,729.6799278678457,753.2514773692919,-23.57154950144627,-21.864532646982635,JINDALPOLY.NS,2023-07-31 18:04:48.957222
120,2023-02-01 00:00:00+05:30,728.2999877929688,735.0,703.9500122070312,715.8499755859375,31847,0.0,0.0,2023-02-01,734.4944579879937,757.2555945822727,-22.761136594279037,-21.437778433366724,JINDALPOLY.NS,2023-07-31 18:04:48.957222
121,2023-01-31 00:00:00+05:30,716.0,719.9000244140625,711.5999755859375,717.5499877929688,16183,0.0,0.0,2023-01-31,737.8843638792765,760.5680441019795,-22.683680222702947,-21.10693889313864,JINDALPOLY.NS,2023-07-31 18:04:48.957222
122,2023-01-30 00:00:00+05:30,720.0,724.0,705.9500122070312,712.0499877929688,18908,0.0,0.0,2023-01-30,741.5815231676961,764.0094886067004,-22.42796543900431,-20.71275356074756,JINDALPOLY.NS,2023-07-31 18:04:48.957222
123,2023-01-27 00:00:00+05:30,732.0999755859375,737.4000244140625,706.5499877929688,715.6500244140625,79454,0.0,0.0,2023-01-27,746.9508932358284,768.1662486717989,-21.215355435970537,-20.283950591183373,JINDALPOLY.NS,2023-07-31 18:04:48.957222
124,2023-01-25 00:00:00+05:30,743.4500122070312,743.7999877929688,725.0,730.0999755859375,19180,0.0,0.0,2023-01-25,752.6419602943313,772.3675466124178,-19.72558631808647,-20.05109937998658,JINDALPOLY.NS,2023-07-31 18:04:48.957222
125,2023-01-24 00:00:00+05:30,752.9000244140625,756.5499877929688,735.2000122070312,740.25,13707,0.0,0.0,2023-01-24,756.7405029685846,775.7489522945361,-19.008449325951574,-20.132477645461606,JINDALPOLY.NS,2023-07-31 18:04:48.957222
126,2023-01-23 00:00:00+05:30,763.7000122070312,764.3499755859375,743.0,747.0499877929688,14244,0.0,0.0,2023-01-23,759.7387762356,778.588868478099,-18.850092242499045,-20.41348472533911,JINDALPOLY.NS,2023-07-31 18:04:48.957222
127,2023-01-20 00:00:00+05:30,753.0,763.0499877929688,751.0,755.75,15758,0.0,0.0,2023-01-20,762.0458286797148,781.1119789329094,-19.066150253194678,-20.804332846049125,JINDALPOLY.NS,2023-07-31 18:04:48.957222
128,2023-01-19 00:00:00+05:30,768.0,773.2999877929688,751.0,756.4500122070312,27263,0.0,0.0,2023-01-19,763.1905248032992,783.1409372475422,-19.950412444242943,-21.238878494262735,JINDALPOLY.NS,2023-07-31 18:04:48.957222
129,2023-01-18 00:00:00+05:30,745.0,771.0,739.6500244140625,766.4500122070312,80617,0.0,0.0,2023-01-18,764.4160725480752,785.2762112507831,-20.8601387027079,-21.56099500676768,JINDALPOLY.NS,2023-07-31 18:04:48.957222
130,2023-01-17 00:00:00+05:30,753.9500122070312,753.9500122070312,739.6500244140625,742.2000122070312,38992,0.0,0.0,2023-01-17,764.046265337356,786.7823071742833,-22.73604183692737,-21.736209082782622,JINDALPOLY.NS,2023-07-31 18:04:48.957222
131,2023-01-16 00:00:00+05:30,763.1500244140625,765.9500122070312,748.0,750.6500244140625,17959,0.0,0.0,2023-01-16,768.0183113610514,790.3488907716635,-22.33057941061213,-21.486250894246435,JINDALPOLY.NS,2023-07-31 18:04:48.957222
132,2023-01-13 00:00:00+05:30,759.0,765.0,749.0,761.0999755859375,13249,0.0,0.0,2023-01-13,771.1761817150493,793.5248000802715,-22.348618365222137,-21.27516876515501,JINDALPOLY.NS,2023-07-31 18:04:48.957222
133,2023-01-12 00:00:00+05:30,762.5,762.5,752.4500122070312,753.8499755859375,8965,0.0,0.0,2023-01-12,773.0082191930696,796.1187860398181,-23.110566846748497,-21.006806365138225,JINDALPOLY.NS,2023-07-31 18:04:48.957222
134,2023-01-11 00:00:00+05:30,759.9000244140625,768.9000244140625,753.0,757.0499877929688,15520,0.0,0.0,2023-01-11,776.4915362125482,799.5002908761286,-23.008754663580362,-20.48086624473565,JINDALPOLY.NS,2023-07-31 18:04:48.957222
135,2023-01-10 00:00:00+05:30,762.0,766.0999755859375,750.0,754.2000122070312,22836,0.0,0.0,2023-01-10,780.0263631979263,802.8963151227813,-22.869951924854945,-19.84889414002447,JINDALPOLY.NS,2023-07-31 18:04:48.957222
136,2023-01-09 00:00:00+05:30,768.5999755859375,770.2000122070312,754.2000122070312,757.0499877929688,67904,0.0,0.0,2023-01-09,784.722063378089,806.7920193560414,-22.069955977952304,-19.09362969381685,JINDALPOLY.NS,2023-07-31 18:04:48.957222
137,2023-01-06 00:00:00+05:30,778.0,782.0,761.0,762.5,28873,0.0,0.0,2023-01-06,789.7533498481109,810.7713818810871,-21.01803203297618,-18.349548122782984,JINDALPOLY.NS,2023-07-31 18:04:48.957222
138,2023-01-05 00:00:00+05:30,790.0,791.5,770.0499877929688,774.5499877929688,21470,0.0,0.0,2023-01-05,794.7085043659494,814.633092431574,-19.924588065624675,-17.682427145234684,JINDALPOLY.NS,2023-07-31 18:04:48.957222
139,2023-01-04 00:00:00+05:30,783.4500122070312,789.6500244140625,771.8499755859375,782.2000122070312,28877,0.0,0.0,2023-01-04,798.3736891974004,817.8397408026624,-19.46605160526201,-17.121886915137182,JINDALPOLY.NS,2023-07-31 18:04:48.957222
140,2023-01-03 00:00:00+05:30,795.0,795.4500122070312,773.5,783.4500122070312,41804,0.0,0.0,2023-01-03,801.3143577411039,820.690919090313,-19.376561349209055,-16.535845742605975,JINDALPOLY.NS,2023-07-31 18:04:48.957222
141,2023-01-02 00:00:00+05:30,770.0,796.4500122070312,725.0,779.9500122070312,267890,0.0,0.0,2023-01-02,804.5624205654807,823.6701916409755,-19.10777107549484,-15.825666840955204,JINDALPOLY.NS,2023-07-31 18:04:48.957222
142,2022-12-30 00:00:00+05:30,806.0,818.0,793.5499877929688,796.4500122070312,23267,0.0,0.0,2022-12-30,809.0374039033806,827.1678059956911,-18.130402092310533,-15.005140782320293,JINDALPOLY.NS,2023-07-31 18:04:48.957222
143,2022-12-29 00:00:00+05:30,805.0,815.9500122070312,792.1500244140625,804.3499755859375,21055,0.0,0.0,2022-12-29,811.3260205754441,829.6252294987838,-18.299208923339734,-14.223825454822732,JINDALPOLY.NS,2023-07-31 18:04:48.957222
144,2022-12-28 00:00:00+05:30,806.75,818.9500122070312,793.4500122070312,799.75,23190,0.0,0.0,2022-12-28,812.594392391718,831.6472498118115,-19.052857420093574,-13.204979587693481,JINDALPOLY.NS,2023-07-31 18:04:48.957222
145,2022-12-27 00:00:00+05:30,779.9500122070312,814.4500122070312,770.0499877929688,801.4500122070312,29280,0.0,0.0,2022-12-27,814.9297364629394,834.1990297967565,-19.269293333817018,-11.743010129593458,JINDALPOLY.NS,2023-07-31 18:04:48.957222
146,2022-12-26 00:00:00+05:30,755.1500244140625,777.0,749.75,771.25,44415,0.0,0.0,2022-12-26,817.3805954185591,836.8189512039345,-19.438355785375393,-9.861439328537568,JINDALPOLY.NS,2023-07-31 18:04:48.957222
147,2022-12-23 00:00:00+05:30,804.0,804.0,755.9500122070312,760.5499877929688,28836,0.0,0.0,2022-12-23,825.7679764037516,842.0644673002492,-16.29649089649763,-7.4672102143281105,JINDALPOLY.NS,2023-07-31 18:04:48.957222
148,2022-12-22 00:00:00+05:30,833.75,833.75,785.3499755859375,793.5999755859375,33745,0.0,0.0,2022-12-22,837.625792514803,848.5856256608317,-10.9598331460287,-5.259890043785729,JINDALPOLY.NS,2023-07-31 18:04:48.957222
149,2022-12-21 00:00:00+05:30,836.4000244140625,844.4000244140625,819.4000244140625,821.4500122070312,14474,0.0,0.0,2022-12-21,845.6304865018695,852.9844776668233,-7.353991164953754,-3.8349042682249856,JINDALPOLY.NS,2023-07-31 18:04:48.957222
150,2022-12-20 00:00:00+05:30,847.0,847.3499755859375,829.8499755859375,834.0499877929688,21253,0.0,0.0,2022-12-20,850.0269363736584,855.5072349036066,-5.480298529948186,-2.9551325440427934,JINDALPOLY.NS,2023-07-31 18:04:48.957222
151,2022-12-19 00:00:00+05:30,850.9500122070312,851.9500122070312,838.7999877929688,841.75,20775,0.0,0.0,2022-12-19,852.9318361156019,857.2238146724576,-4.2919785568557245,-2.323841047566445,JINDALPOLY.NS,2023-07-31 18:04:48.957222
152,2022-12-16 00:00:00+05:30,849.2999877929688,858.2000122070312,839.0,841.9500122070312,11527,0.0,0.0,2022-12-16,854.9648972275295,858.4617198462543,-3.4968226187247637,-1.8318066702441247,JINDALPOLY.NS,2023-07-31 18:04:48.957222
153,2022-12-15 00:00:00+05:30,859.9000244140625,866.0,843.5499877929688,847.6500244140625,17026,0.0,0.0,2022-12-15,857.3312399585292,859.7826564573921,-2.4514164988629545,-1.4155526831239647,JINDALPOLY.NS,2023-07-31 18:04:48.957222
154,2022-12-14 00:00:00+05:30,858.0999755859375,866.5499877929688,855.5,859.9000244140625,15314,0.0,0.0,2022-12-14,859.091460966614,860.7532670208585,-1.6618060542444937,-1.1565867291892171,JINDALPOLY.NS,2023-07-31 18:04:48.957222
155,2022-12-13 00:00:00+05:30,860.0,865.8499755859375,850.5,853.0999755859375,17792,0.0,0.0,2022-12-13,858.9444494307143,860.8215264294022,-1.8770769986879259,-1.030281897925398,JINDALPOLY.NS,2023-07-31 18:04:48.957222
156,2022-12-12 00:00:00+05:30,849.0,860.0,841.0499877929688,855.25,10941,0.0,0.0,2022-12-12,860.0070810388555,861.4392504968794,-1.43216945802385,-0.8185831227347662,JINDALPOLY.NS,2023-07-31 18:04:48.957222
157,2022-12-09 00:00:00+05:30,859.7999877929688,860.0999755859375,842.1500244140625,844.5,13751,0.0,0.0,2022-12-09,860.872004864102,861.9343905366297,-1.0623856725277392,-0.6651865389124951,JINDALPOLY.NS,2023-07-31 18:04:48.957222
158,2022-12-08 00:00:00+05:30,851.25,862.9000244140625,851.25,853.7999877929688,16105,0.0,0.0,2022-12-08,863.8487330212115,863.3291417795601,0.5195912416513693,-0.5658867555086842,JINDALPOLY.NS,2023-07-31 18:04:48.957222
159,2022-12-07 00:00:00+05:30,865.0999755859375,873.9500122070312,852.2000122070312,855.2000122070312,32541,0.0,0.0,2022-12-07,865.6757776081648,864.0914740984874,1.5843035096773974,-0.8372562547986975,JINDALPOLY.NS,2023-07-31 18:04:48.957222
160,2022-12-06 00:00:00+05:30,875.5,882.0,865.0999755859375,868.9500122070312,26170,0.0,0.0,2022-12-06,867.5804622265528,864.8027910498039,2.7776711767488678,-1.442646195917721,JINDALPOLY.NS,2023-07-31 18:04:48.957222
161,2022-12-05 00:00:00+05:30,884.0,892.8499755859375,879.2000122070312,882.75,32741,0.0,0.0,2022-12-05,867.331453139193,864.4710133572257,2.860439781967216,-2.4977255390843682,JINDALPOLY.NS,2023-07-31 18:04:48.957222
162,2022-12-02 00:00:00+05:30,878.9000244140625,882.0,864.5499877929688,879.0999755859375,24340,0.0,0.0,2022-12-02,864.5280809826825,863.0086944258038,1.5193865568786578,-3.837266869347264,JINDALPOLY.NS,2023-07-31 18:04:48.957222
163,2022-12-01 00:00:00+05:30,876.7000122070312,882.5999755859375,866.6500244140625,874.75,30713,0.0,0.0,2022-12-01,861.8786456002725,861.7213919329931,0.15725366727940582,-5.176430225903744,JINDALPOLY.NS,2023-07-31 18:04:48.957222
164,2022-11-30 00:00:00+05:30,866.0,877.4000244140625,862.5499877929688,868.7000122070312,20010,0.0,0.0,2022-11-30,859.5383993457766,860.6791032876325,-1.140703941855918,-6.509851199199531,JINDALPOLY.NS,2023-07-31 18:04:48.957222
165,2022-11-29 00:00:00+05:30,875.0,884.9500122070312,862.0,862.9500122070312,33081,0.0,0.0,2022-11-29,857.8726515528213,860.0374305740805,-2.164779021259278,-7.852138013535434,JINDALPOLY.NS,2023-07-31 18:04:48.957222
166,2022-11-28 00:00:00+05:30,864.5,883.9500122070312,859.75,874.7000122070312,22672,0.0,0.0,2022-11-28,856.9494950702377,859.8044240434444,-2.854928973206711,-9.273977761604472,JINDALPOLY.NS,2023-07-31 18:04:48.957222
167,2022-11-25 00:00:00+05:30,870.25,870.25,850.0,861.5999755859375,20616,0.0,0.0,2022-11-25,853.7221283180934,858.6127769903575,-4.890648672264092,-10.878739958703912,JINDALPOLY.NS,2023-07-31 18:04:48.957222
168,2022-11-24 00:00:00+05:30,874.0,879.4500122070312,859.8499755859375,863.0999755859375,20777,0.0,0.0,2022-11-24,852.2897924512126,858.373801102711,-6.0840086514983795,-12.375762780313867,JINDALPOLY.NS,2023-07-31 18:04:48.957222
169,2022-11-23 00:00:00+05:30,873.5,880.0,870.0999755859375,873.7000122070312,34043,0.0,0.0,2022-11-23,850.3243046085354,857.995707144053,-7.671402535517586,-13.94870131251774,JINDALPOLY.NS,2023-07-31 18:04:48.957222
170,2022-11-22 00:00:00+05:30,848.0,909.0,844.0,873.0,478799,0.0,0.0,2022-11-22,846.0741759542634,856.7393627390147,-10.665186784751313,-15.518026006767776,JINDALPOLY.NS,2023-07-31 18:04:48.957222
171,2022-11-21 00:00:00+05:30,859.9500122070312,864.8499755859375,841.2999877929688,847.2000122070312,32344,0.0,0.0,2022-11-21,841.1785715823113,855.438511758136,-14.259940175824681,-16.73123581227189,JINDALPOLY.NS,2023-07-31 18:04:48.957222
172,2022-11-18 00:00:00+05:30,833.8499755859375,854.9000244140625,833.8499755859375,837.1500244140625,35688,0.0,0.0,2022-11-18,840.0837641959986,856.0975917222244,-16.013827526225782,-17.349059721383693,JINDALPOLY.NS,2023-07-31 18:04:48.957222
173,2022-11-17 00:00:00+05:30,817.75,845.0,815.0,833.7999877929688,44170,0.0,0.0,2022-11-17,840.6171714290779,857.6133971068773,-16.99622567779943,-17.68286777017317,JINDALPOLY.NS,2023-07-31 18:04:48.957222
174,2022-11-16 00:00:00+05:30,825.0,841.4000244140625,817.0,818.75,42750,0.0,0.0,2022-11-16,841.8566593629158,859.5184698519901,-17.66181048907424,-17.854528293266604,JINDALPOLY.NS,2023-07-31 18:04:48.957222
175,2022-11-15 00:00:00+05:30,836.0,850.0,816.3499755859375,819.8499755859375,61498,0.0,0.0,2022-11-15,846.0578701561733,862.7799474401493,-16.722077283975977,-17.902707744314693,JINDALPOLY.NS,2023-07-31 18:04:48.957222
176,2022-11-14 00:00:00+05:30,838.0,870.0,834.8499755859375,838.2000122070312,92081,0.0,0.0,2022-11-14,850.8229418962161,866.2143451884863,-15.391403292270184,-18.19786535939937,JINDALPOLY.NS,2023-07-31 18:04:48.957222
177,2022-11-11 00:00:00+05:30,850.0999755859375,859.7000122070312,832.0,835.2999877929688,28177,0.0,0.0,2022-11-11,853.1180200215225,868.4554918270028,-15.337471805480277,-18.899480876181663,JINDALPOLY.NS,2023-07-31 18:04:48.957222
178,2022-11-10 00:00:00+05:30,864.0,872.0,840.5999755859375,845.5999755859375,26458,0.0,0.0,2022-11-10,856.3576622448959,871.1079321497255,-14.750269904829565,-19.789983143857008,JINDALPOLY.NS,2023-07-31 18:04:48.957222
179,2022-11-09 00:00:00+05:30,869.9000244140625,872.0499877929688,860.0,864.5499877929688,18400,0.0,0.0,2022-11-09,858.3136052737974,873.1485686748285,-14.834963401031132,-21.049911453613866,JINDALPOLY.NS,2023-07-31 18:04:48.957222
180,2022-11-07 00:00:00+05:30,872.8499755859375,876.7999877929688,860.0,862.75,15058,0.0,0.0,2022-11-07,857.179717543039,873.8364551453774,-16.656737602338353,-22.603648466759548,JINDALPOLY.NS,2023-07-31 18:04:48.957222
181,2022-11-04 00:00:00+05:30,860.1500244140625,872.25,855.4000244140625,865.9000244140625,20586,0.0,0.0,2022-11-04,856.1669389145006,874.7233715570076,-18.556432642506934,-24.090376182864848,JINDALPOLY.NS,2023-07-31 18:04:48.957222
182,2022-11-03 00:00:00+05:30,850.1500244140625,865.2999877929688,850.0,860.1500244140625,23171,0.0,0.0,2022-11-03,854.3972870054895,875.4292393284431,-21.031952322953657,-25.473862067954325,JINDALPOLY.NS,2023-07-31 18:04:48.957222
183,2022-11-02 00:00:00+05:30,853.0,854.8499755859375,845.5499877929688,850.1500244140625,20743,0.0,0.0,2022-11-02,853.3513347493854,876.6515765215936,-23.30024177220821,-26.58433950420449,JINDALPOLY.NS,2023-07-31 18:04:48.957222
184,2022-11-01 00:00:00+05:30,843.0999755859375,849.9500122070312,842.25,845.9500122070312,20164,0.0,0.0,2022-11-01,853.9333911739894,878.7717006901961,-24.838309516206664,-27.405363937203557,JINDALPOLY.NS,2023-07-31 18:04:48.957222
185,2022-10-31 00:00:00+05:30,851.0,854.9500122070312,840.0,842.3499755859375,22941,0.0,0.0,2022-10-31,855.3849146225273,881.3974357688493,-26.012521146322,-28.047127542452778,JINDALPOLY.NS,2023-07-31 18:04:48.957222
186,2022-10-28 00:00:00+05:30,857.9000244140625,1019.2000122070312,845.0,848.0999755859375,34046,0.0,0.0,2022-10-28,857.7549035382709,884.5212325834823,-26.766329045211364,-28.555779141485466,JINDALPOLY.NS,2023-07-31 18:04:48.957222
187,2022-10-27 00:00:00+05:30,840.6500244140625,860.2000122070312,840.6500244140625,849.4000244140625,16850,0.0,0.0,2022-10-27,859.5103449841498,887.4349331432859,-27.92458815913608,-29.00314166555399,JINDALPOLY.NS,2023-07-31 18:04:48.957222
188,2022-10-25 00:00:00+05:30,853.9500122070312,854.75,835.0999755859375,840.6500244140625,21684,0.0,0.0,2022-10-25,861.348585087802,890.4777258416237,-29.12914075382173,-29.272780042158466,JINDALPOLY.NS,2023-07-31 18:04:48.957222
189,2022-10-24 00:00:00+05:30,847.4000244140625,852.0,834.0999755859375,848.5999755859375,5460,0.0,0.0,2022-10-24,865.1119597557547,894.4639419558287,-29.351982200073962,-29.308689864242645,JINDALPOLY.NS,2023-07-31 18:04:48.957222
190,2022-10-21 00:00:00+05:30,858.0,858.25,835.25,839.2000122070312,27409,0.0,0.0,2022-10-21,868.1141386957214,898.1330592654199,-30.01892056969848,-29.297866780284814,JINDALPOLY.NS,2023-07-31 18:04:48.957222
191,2022-10-20 00:00:00+05:30,861.0,861.0,846.0,848.4000244140625,25674,0.0,0.0,2022-10-20,873.3712526027559,902.847703030091,-29.476450427335067,-29.1176033329314,JINDALPOLY.NS,2023-07-31 18:04:48.957222
192,2022-10-19 00:00:00+05:30,850.0,875.0,844.0,858.5499877929688,40121,0.0,0.0,2022-10-19,877.9114759097911,907.2035173193733,-29.292041409582225,-29.027891559330477,JINDALPOLY.NS,2023-07-31 18:04:48.957222
193,2022-10-18 00:00:00+05:30,863.2000122070312,866.4500122070312,842.0,847.1500244140625,49692,0.0,0.0,2022-10-18,881.4317464764861,911.0957996814857,-29.664053204999618,-28.96185409676754,JINDALPOLY.NS,2023-07-31 18:04:48.957222
194,2022-10-17 00:00:00+05:30,877.0,877.0,855.2000122070312,860.7000122070312,31937,0.0,0.0,2022-10-17,887.6647868514723,916.2114617028797,-28.546674851407374,-28.786304319709515,JINDALPOLY.NS,2023-07-31 18:04:48.957222
195,2022-10-14 00:00:00+05:30,879.9500122070312,885.0,869.0499877929688,871.25,19743,0.0,0.0,2022-10-14,892.5674731504616,920.6523776625475,-28.084904512085814,-28.846211686785047,JINDALPOLY.NS,2023-07-31 18:04:48.957222
196,2022-10-13 00:00:00+05:30,887.5,887.5,871.0,872.4000244140625,17052,0.0,0.0,2022-10-13,896.4433773596365,924.6045678755512,-28.161190515914654,-29.036538480459853,JINDALPOLY.NS,2023-07-31 18:04:48.957222
197,2022-10-12 00:00:00+05:30,894.7000122070312,894.7000122070312,875.0,880.2000122070312,23977,0.0,0.0,2022-10-12,900.8148960770136,928.7809313524702,-27.966035275456647,-29.25537547159615,JINDALPOLY.NS,2023-07-31 18:04:48.957222
198,2022-10-11 00:00:00+05:30,897.9500122070312,899.0,878.0999755859375,883.9500122070312,28107,0.0,0.0,2022-10-11,904.5630567806468,932.6674048841053,-28.104348103458506,-29.577710520631022,JINDALPOLY.NS,2023-07-31 18:04:48.957222
199,2022-10-10 00:00:00+05:30,906.0,906.0,882.0999755859375,890.9500122070312,46958,0.0,0.0,2022-10-10,908.3108830667587,936.5647962982713,-28.25391323151257,-29.94605112492415,JINDALPOLY.NS,2023-07-31 18:04:48.957222
200,2022-10-07 00:00:00+05:30,915.9000244140625,916.5,895.0999755859375,906.8499755859375,48800,0.0,0.0,2022-10-07,911.4674050412547,940.2139790255704,-28.746573984315773,-30.369085598277046,JINDALPOLY.NS,2023-07-31 18:04:48.957222
201,2022-10-06 00:00:00+05:30,905.0,922.0,896.0499877929688,908.3499755859375,26203,0.0,0.0,2022-10-06,912.3069376694941,942.883099300741,-30.57616163124692,-30.774713501767366,JINDALPOLY.NS,2023-07-31 18:04:48.957222
202,2022-10-04 00:00:00+05:30,899.8499755859375,905.0,890.25,896.5999755859375,18292,0.0,0.0,2022-10-04,913.0263853210499,945.6457491979253,-32.619363876875354,-30.824351469397477,JINDALPOLY.NS,2023-07-31 18:04:48.957222
203,2022-10-03 00:00:00+05:30,911.7000122070312,911.7000122070312,881.2000122070312,889.7000122070312,21666,0.0,0.0,2022-10-03,916.0130052728886,949.5694110868843,-33.55640581399575,-30.375598367528006,JINDALPOLY.NS,2023-07-31 18:04:48.957222
204,2022-09-30 00:00:00+05:30,892.2000122070312,909.0499877929688,863.2999877929688,898.7999877929688,42690,0.0,0.0,2022-09-30,920.7971858303172,954.3589629972726,-33.56177716695538,-29.580396505911068,JINDALPOLY.NS,2023-07-31 18:04:48.957222
205,2022-09-29 00:00:00+05:30,907.0,912.25,882.25,892.2000122070312,24731,0.0,0.0,2022-09-29,924.7966763825623,958.8036810136168,-34.00700463105454,-28.585051340649986,JINDALPOLY.NS,2023-07-31 18:04:48.957222
206,2022-09-28 00:00:00+05:30,899.9500122070312,905.7999877929688,892.0,898.5499877929688,23943,0.0,0.0,2022-09-28,930.7233425962952,964.1319745181436,-33.40863192184838,-27.229563018048843,JINDALPOLY.NS,2023-07-31 18:04:48.957222
207,2022-09-27 00:00:00+05:30,899.7000122070312,934.9500122070312,889.5499877929688,898.4500122070312,28938,0.0,0.0,2022-09-27,936.5730434696272,969.3785334561576,-32.80548998653035,-25.684795792098956,JINDALPOLY.NS,2023-07-31 18:04:48.957222
208,2022-09-26 00:00:00+05:30,921.0,929.0,880.0,891.4000244140625,41373,0.0,0.0,2022-09-26,943.5045036991902,975.0528151560877,-31.548311456897522,-23.904622243491104,JINDALPOLY.NS,2023-07-31 18:04:48.957222
209,2022-09-23 00:00:00+05:30,938.0,938.0,915.0,918.4500122070312,31287,0.0,0.0,2022-09-23,952.9780453873952,981.7450384154497,-28.766993028054458,-21.9936999401395,JINDALPOLY.NS,2023-07-31 18:04:48.957222
210,2022-09-22 00:00:00+05:30,920.0,941.4000244140625,918.25,928.7000122070312,29768,0.0,0.0,2022-09-22,959.2558696020069,986.8086405121232,-27.55277091011635,-20.30037666816076,JINDALPOLY.NS,2023-07-31 18:04:48.957222
211,2022-09-21 00:00:00+05:30,947.0,950.2999877929688,927.0,928.6500244140625,26010,5.0,0.0,2022-09-21,964.811480037457,991.4573307765305,-26.645850739073467,-18.487278107671862,JINDALPOLY.NS,2023-07-31 18:04:48.957222
212,2022-09-20 00:00:00+05:30,933.999733810148,941.9571330332376,930.021034198603,933.9500122070312,30902,0.0,0.0,2022-09-20,971.3862901508015,996.481915285528,-25.095625134726447,-16.447634949821463,JINDALPOLY.NS,2023-07-31 18:04:48.957222
213,2022-09-19 00:00:00+05:30,933.9997517024497,943.3497202527493,920.124024399347,923.0086059570312,44880,0.0,0.0,2022-09-19,978.1928861405779,1001.4844675318077,-23.291581391229784,-14.285637403595217,JINDALPOLY.NS,2023-07-31 18:04:48.957222
214,2022-09-16 00:00:00+05:30,976.7707993314622,983.6838023648892,920.571664746709,924.8487548828125,129074,0.0,0.0,2022-09-16,988.2263916284955,1007.7625364577898,-19.536144829294244,-12.034151406686574,JINDALPOLY.NS,2023-07-31 18:04:48.957222
215,2022-09-15 00:00:00+05:30,998.6535935627793,998.6535935627793,974.880839312439,977.1686401367188,41120,0.0,0.0,2022-09-15,999.7495983095289,1014.395638983788,-14.646040674259098,-10.158653051034655,JINDALPOLY.NS,2023-07-31 18:04:48.957222
216,2022-09-14 00:00:00+05:30,982.7388504752322,996.3161878250648,980.6997789700193,990.7459716796875,29743,0.0,0.0,2022-09-14,1003.8552270682217,1017.3737988915535,-13.518571823331854,-9.036806145228542,JINDALPOLY.NS,2023-07-31 18:04:48.957222
217,2022-09-13 00:00:00+05:30,993.6802263395364,1001.2895136180836,990.4972545135383,996.8134765625,29485,0.0,0.0,2022-09-13,1006.2387280479552,1019.5040250685029,-13.265297020547678,-7.916364725702713,JINDALPOLY.NS,2023-07-31 18:04:48.957222
218,2022-09-12 00:00:00+05:30,989.8009751739227,1002.5825841485284,984.8276006414235,986.6677856445312,39076,0.0,0.0,2022-09-12,1007.9524101362197,1021.319268948983,-13.366858812763326,-6.579131651991471,JINDALPOLY.NS,2023-07-31 18:04:48.957222
219,2022-09-09 00:00:00+05:30,1007.3073267837144,1007.3073267837144,984.9768621743161,988.25927734375,46108,0.0,0.0,2022-09-09,1011.8223418619812,1024.091387613339,-12.269045751357908,-4.882199861798506,JINDALPOLY.NS,2023-07-31 18:04:48.957222
220,2022-09-08 00:00:00+05:30,981.7938639264602,1004.6216653960516,981.7938639264602,997.8081665039062,51658,0.0,0.0,2022-09-08,1016.1065354107504,1026.957956434906,-10.85142102415557,-3.035488389408655,JINDALPOLY.NS,2023-07-31 18:04:48.957222
221,2022-09-07 00:00:00+05:30,984.7281634884126,998.6038906614134,977.3178232474064,986.2698974609375,59566,0.0,0.0,2022-09-07,1019.4335115756312,1029.289939629386,-9.856428053754826,-1.0815052307219264,JINDALPOLY.NS,2023-07-31 18:04:48.957222
222,2022-09-06 00:00:00+05:30,999.6483125217784,1012.4298611888714,976.7707889516282,981.246826171875,103949,0.0,0.0,2022-09-06,1025.4632595964845,1032.7315430028618,-7.26828340637735,1.1122254750362985,JINDALPOLY.NS,2023-07-31 18:04:48.957222
223,2022-09-05 00:00:00+05:30,1017.1545660896306,1031.5276917785873,977.9146884009054,985.2255249023438,138076,0.0,0.0,2022-09-05,1033.5026111282316,1036.8503203493408,-3.3477092211091986,3.2073526953897105,JINDALPOLY.NS,2023-07-31 18:04:48.957222
224,2022-09-02 00:00:00+05:30,1036.9486041951016,1050.0782645721945,1008.6003689725018,1015.6625366210938,42999,0.0,0.0,2022-09-02,1042.280263169302,1040.9803039851006,1.299959184201498,4.846118174514437,JINDALPOLY.NS,2023-07-31 18:04:48.957222
225,2022-09-01 00:00:00+05:30,1049.3819893045272,1060.273630578015,1034.4618662338466,1036.5506591796875,25123,0.0,0.0,2022-09-01,1047.1198498144308,1043.0057253742211,4.114124440209707,5.732657922092672,JINDALPOLY.NS,2023-07-31 18:04:48.957222
226,2022-08-30 00:00:00+05:30,1054.3056564364013,1062.9096189706474,1048.636057833868,1052.3660888671875,35767,0.0,0.0,2022-08-30,1049.0415208389295,1043.5221306697838,5.519390169145709,6.137291292563413,JINDALPOLY.NS,2023-07-31 18:04:48.957222
227,2022-08-29 00:00:00+05:30,1019.5418115010079,1064.6502956575087,1019.5418115010079,1048.2381591796875,50793,0.0,0.0,2022-08-29,1048.4370539247006,1042.8146140139916,5.62243991070909,6.2917665734178385,JINDALPOLY.NS,2023-07-31 18:04:48.957222
228,2022-08-26 00:00:00+05:30,1069.2755607905576,1076.2382853724496,1047.591598524553,1060.323486328125,44280,0.0,0.0,2022-08-26,1048.4732166056122,1042.380730400736,6.092486204876195,6.459098239095026,JINDALPOLY.NS,2023-07-31 18:04:48.957222
229,2022-08-25 00:00:00+05:30,1064.8989481564554,1069.2755421012046,1054.604086988653,1058.08544921875,34213,0.0,0.0,2022-08-25,1046.3186221106098,1040.945309926545,5.373312184064844,6.550751247649733,JINDALPOLY.NS,2023-07-31 18:04:48.957222
230,2022-08-24 00:00:00+05:30,1038.888177151751,1069.17610147902,1028.195421704876,1056.4442138671875,53354,0.0,0.0,2022-08-24,1044.1791990000388,1039.5740987831687,4.605100216870142,6.845111013545955,JINDALPOLY.NS,2023-07-31 18:04:48.957222
231,2022-08-23 00:00:00+05:30,1024.5151928185614,1035.456617207886,1019.5418180961412,1030.68212890625,29320,0.0,0.0,2022-08-23,1041.949196296921,1038.224489576447,3.7247067204739324,7.405113712714908,JINDALPOLY.NS,2023-07-31 18:04:48.957222
232,2022-08-22 00:00:00+05:30,1056.3447406945465,1056.4441839001988,1031.4778682676504,1033.8651123046875,34000,0.0,0.0,2022-08-22,1043.9977540043155,1038.8278784300628,5.169875574252728,8.325215460775151,JINDALPOLY.NS,2023-07-31 18:04:48.957222
233,2022-08-19 00:00:00+05:30,1062.312775865113,1071.3146321313304,1052.3660270274247,1056.3447265625,72160,0.0,0.0,2022-08-19,1045.8400524951571,1039.224899720093,6.615152775064189,9.114050432405756,JINDALPOLY.NS,2023-07-31 18:04:48.957222
234,2022-08-18 00:00:00+05:30,1049.381995887454,1063.2080009704048,1044.4086214993617,1053.3109130859375,35209,0.0,0.0,2022-08-18,1043.9301117556402,1037.8553135727004,6.07479818293973,9.738774846741148,JINDALPOLY.NS,2023-07-31 18:04:48.957222
235,2022-08-17 00:00:00+05:30,1030.4832558871444,1059.328829652325,1030.4832558871444,1049.382080078125,69499,0.0,0.0,2022-08-17,1042.224511513768,1036.6188656116415,5.6056459021265255,10.6547690126915,JINDALPOLY.NS,2023-07-31 18:04:48.957222
236,2022-08-16 00:00:00+05:30,1024.6145569407379,1032.1740616512554,1014.5683650609535,1025.012451171875,30495,0.0,0.0,2022-08-16,1040.9231354111578,1035.5978084543228,5.325326956834942,11.917049790332742,JINDALPOLY.NS,2023-07-31 18:04:48.957222
237,2022-08-12 00:00:00+05:30,1023.5204637129424,1027.4991632803396,1013.5737147944493,1023.4210205078125,30895,0.0,0.0,2022-08-12,1043.8159870910274,1036.4446370369187,7.371350054108689,13.56498049870719,JINDALPOLY.NS,2023-07-31 18:04:48.957222
238,2022-08-11 00:00:00+05:30,1034.4618964458741,1035.456571346303,1000.6429498312975,1017.9503173828125,49121,0.0,0.0,2022-08-11,1047.5241628334302,1037.4865263592471,10.037636474183046,15.113388109856812,JINDALPOLY.NS,2023-07-31 18:04:48.957222
239,2022-08-10 00:00:00+05:30,1044.408688699608,1051.4708565010444,1014.6678836611535,1019.1439208984375,154854,0.0,0.0,2022-08-10,1052.9012256426333,1039.0494230773618,13.851802565271555,16.382326018775252,JINDALPOLY.NS,2023-07-31 18:04:48.957222
240,2022-08-08 00:00:00+05:30,1066.291523757367,1074.2489231883922,1054.3056422962736,1061.1192626953125,35118,0.0,0.0,2022-08-08,1059.0389174143054,1040.6418632516759,18.3970541626295,17.014956882151175,JINDALPOLY.NS,2023-07-31 18:04:48.957222
241,2022-08-05 00:00:00+05:30,1070.1707873210803,1084.1458973118067,1054.0569805148275,1063.60595703125,43151,0.0,0.0,2022-08-05,1058.6606728177587,1039.003671296185,19.657001521573648,16.66943256203159,JINDALPOLY.NS,2023-07-31 18:04:48.957222
242,2022-08-04 00:00:00+05:30,1083.1015361138413,1091.357265032441,1061.318131253909,1065.1973876953125,62437,0.0,0.0,2022-08-04,1057.7615302334875,1037.0354884373799,20.726041796107666,15.922540322146077,JINDALPOLY.NS,2023-07-31 18:04:48.957222
243,2022-08-03 00:00:00+05:30,1180.6791235892833,1180.6791235892833,1067.286183328813,1070.41943359375,227059,0.0,0.0,2022-08-03,1056.4095561495194,1034.7825364967453,21.627019652774152,14.721664953655676,JINDALPOLY.NS,2023-07-31 18:04:48.957222
244,2022-08-02 00:00:00+05:30,1109.062477398667,1128.9559747511094,1090.8598787530732,1116.423095703125,108494,0.0,0.0,2022-08-02,1053.8623057051138,1031.931584728985,21.930720976128896,12.995326278876057,JINDALPOLY.NS,2023-07-31 18:04:48.957222
245,2022-08-01 00:00:00+05:30,1048.3873843994609,1123.385898990651,1048.3873843994609,1108.913330078125,179405,0.0,0.0,2022-08-01,1042.4876166145664,1025.1722638510537,17.315352763512692,10.761477604562845,JINDALPOLY.NS,2023-07-31 18:04:48.957222
246,2022-07-29 00:00:00+05:30,1054.3554369321532,1058.3341366941613,1039.4353128246228,1046.596923828125,43643,0.0,0.0,2022-07-29,1030.4102141666467,1018.472978552888,11.93723561375873,9.123008814825383,JINDALPOLY.NS,2023-07-31 18:04:48.957222
247,2022-07-28 00:00:00+05:30,1024.5152083053515,1052.3661071719048,1024.5152083053515,1041.4246826171875,37942,0.0,0.0,2022-07-28,1027.467176046378,1016.223062930869,11.24411311550898,8.419452115092046,JINDALPOLY.NS,2023-07-31 18:04:48.957222
248,2022-07-27 00:00:00+05:30,1018.6963014683223,1028.4938247410369,1011.2362398768738,1024.7637939453125,29198,0.0,0.0,2022-07-27,1024.9294475789582,1014.2069333559634,10.722514222994732,7.713286864987812,JINDALPOLY.NS,2023-07-31 18:04:48.957222
249,2022-07-26 00:00:00+05:30,1032.3233480204358,1044.4086726595522,999.6483009741429,1018.6963500976562,25231,0.0,0.0,2022-07-26,1024.9595664214391,1013.3623845088155,11.597181912623682,6.960980025486082,JINDALPOLY.NS,2023-07-31 18:04:48.957222
250,2022-07-25 00:00:00+05:30,1055.3500587663625,1056.3447336568115,1033.7158798990972,1038.24169921875,19636,0.0,0.0,2022-07-25,1026.0983330257632,1012.9356672617082,13.162665764054964,5.801929553701681,JINDALPOLY.NS,2023-07-31 18:04:48.957222
251,2022-07-22 00:00:00+05:30,1062.3127874271545,1066.7888244528306,1051.4708067920171,1056.0960693359375,29978,0.0,0.0,2022-07-22,1023.8904482634019,1010.9111847051449,12.979263558257003,3.96174550111336,JINDALPOLY.NS,2023-07-31 18:04:48.957222
252,2022-07-21 00:00:00+05:30,1048.2879730992681,1063.3075408325847,1039.5347848124204,1055.9967041015625,40691,0.0,0.0,2022-07-21,1018.0348807956682,1007.2963939346815,10.738486860986654,1.7073659868274493,JINDALPOLY.NS,2023-07-31 18:04:48.957222
253,2022-07-20 00:00:00+05:30,1040.2310269488894,1067.087248421715,1028.9911523569683,1045.05517578125,62922,0.0,0.0,2022-07-20,1011.1327311036874,1003.4003691213311,7.732361982356338,-0.5504142317123522,JINDALPOLY.NS,2023-07-31 18:04:48.957222
254,2022-07-19 00:00:00+05:30,1025.6591047450052,1053.7586722405408,1025.3109927946036,1030.4334716796875,49195,0.0,0.0,2022-07-19,1004.9650138895852,1000.0679845885376,4.89702930104761,-2.621108285229525,JINDALPOLY.NS,2023-07-31 18:04:48.957222
255,2022-07-18 00:00:00+05:30,1029.389088529275,1034.461906285659,1012.529336664611,1025.6590576171875,40257,0.0,0.0,2022-07-18,1000.3343852004757,997.6387456212456,2.6956395792301464,-4.5006426817988086,JINDALPOLY.NS,2023-07-31 18:04:48.957222
256,2022-07-15 00:00:00+05:30,1014.5684108862372,1028.2451909349488,1004.2735498245353,1020.5862426757812,48785,0.0,0.0,2022-07-15,995.7298993065281,995.3971206615702,0.332778644957898,-6.299713247056046,JINDALPOLY.NS,2023-07-31 18:04:48.957222
257,2022-07-14 00:00:00+05:30,994.6748949277672,1015.1651734792242,994.6748949277672,1010.9378051757812,25287,0.0,0.0,2022-07-14,991.210564148482,993.3819909004333,-2.1714267519512305,-7.957836220059532,JINDALPOLY.NS,2023-07-31 18:04:48.957222
258,2022-07-13 00:00:00+05:30,1011.5843869055534,1012.9769560683383,995.6695882915034,999.4493408203125,16741,0.0,0.0,2022-07-13,987.6237930526095,991.9775257584054,-4.353732705795892,-9.404438587086608,JINDALPOLY.NS,2023-07-31 18:04:48.957222
259,2022-07-12 00:00:00+05:30,986.7174939452711,1034.4121065008262,986.7174939452711,1001.737060546875,76309,0.0,0.0,2022-07-12,985.4736934584815,991.3797805534527,-5.9060870949712125,-10.667115057409287,JINDALPOLY.NS,2023-07-31 18:04:48.957222
260,2022-07-11 00:00:00+05:30,988.6074041715071,1015.563069589585,983.7334728933395,996.1171875,52770,0.0,0.0,2022-07-11,982.5167176242282,990.5511981539789,-8.034480529750681,-11.857372048018805,JINDALPOLY.NS,2023-07-31 18:04:48.957222
261,2022-07-08 00:00:00+05:30,981.6447095298466,994.5754835780738,971.3497876115206,987.8116455078125,40627,0.0,0.0,2022-07-08,980.0439049195425,990.1059190062972,-10.062014086754743,-12.813094927585833,JINDALPOLY.NS,2023-07-31 18:04:48.957222
262,2022-07-07 00:00:00+05:30,978.7104131677478,982.2414970403967,963.2929516952149,973.6873168945312,37794,0.0,0.0,2022-07-07,978.6315884489479,990.289460886176,-11.657872437228093,-13.500865137793603,JINDALPOLY.NS,2023-07-31 18:04:48.957222
263,2022-07-06 00:00:00+05:30,981.0478607963045,981.0478607963045,960.8559720758684,968.7139282226562,31712,0.0,0.0,2022-07-06,979.5305469133873,991.6176324055076,-12.087085492120309,-13.96161331293498,JINDALPOLY.NS,2023-07-31 18:04:48.957222
264,2022-07-05 00:00:00+05:30,989.403155068089,997.6589447620784,970.1064373359932,975.0300903320312,29238,0.0,0.0,2022-07-05,981.4972048571565,993.4499287401358,-11.952723882979285,-14.430245268138648,JINDALPOLY.NS,2023-07-31 18:04:48.957222
265,2022-07-04 00:00:00+05:30,991.6908673905575,1000.0461607679732,975.7760691174893,978.2627563476562,14013,0.0,0.0,2022-07-04,982.6730438617248,994.9235158127842,-12.250471951059467,-15.049625614428487,JINDALPOLY.NS,2023-07-31 18:04:48.957222
266,2022-07-01 00:00:00+05:30,982.7388464546507,992.9839862544068,963.0940162750156,986.6181030273438,26566,0.0,0.0,2022-07-01,983.4749143188282,996.2563765699945,-12.781462251166317,-15.749414030270742,JINDALPOLY.NS,2023-07-31 18:04:48.957222
267,2022-06-30 00:00:00+05:30,1032.1741260314307,1032.1741260314307,975.7761060828286,979.3071899414062,42050,0.0,0.0,2022-06-30,982.9034254627344,997.0274384534065,-14.1240129906721,-16.49140197504685,JINDALPOLY.NS,2023-07-31 18:04:48.957222
268,2022-06-29 00:00:00+05:30,984.7281937291203,1024.714077876069,978.5114753343657,1004.870361328125,68190,0.0,0.0,2022-06-29,983.5572864666121,998.4450583343665,-14.887771867754395,-17.083249221140534,JINDALPOLY.NS,2023-07-31 18:04:48.957222
269,2022-06-28 00:00:00+05:30,994.6749012407772,1034.412114977236,973.4386163833418,996.8134765625,88137,0.0,0.0,2022-06-28,979.6821819463371,997.9310340948659,-18.24885214852884,-17.63211855948707,JINDALPOLY.NS,2023-07-31 18:04:48.957222
270,2022-06-27 00:00:00+05:30,974.3835374274854,1004.273567650795,971.8968501017617,992.4866333007812,67314,0.0,0.0,2022-06-27,976.5674011070348,998.0204386974552,-21.453037590420422,-17.477935162226625,JINDALPOLY.NS,2023-07-31 18:04:48.957222
271,2022-06-24 00:00:00+05:30,961.6019772854971,973.7867450349125,950.7102747878694,962.397705078125,47680,0.0,0.0,2022-06-24,973.6729952536264,998.4631431291891,-24.790147875562752,-16.484159555178177,JINDALPOLY.NS,2023-07-31 18:04:48.957222
272,2022-06-23 00:00:00+05:30,940.6640590241612,962.8452970095226,940.6640590241612,953.147216796875,47494,0.0,0.0,2022-06-23,975.7230480128085,1001.3483781732742,-25.62533016046575,-14.40766247508203,JINDALPOLY.NS,2023-07-31 18:04:48.957222
273,2022-06-22 00:00:00+05:30,944.9411784408181,949.9145530641908,926.9873081924706,931.6622924804688,22765,0.0,0.0,2022-06-22,979.8277445975236,1005.2044710833861,-25.37672648586249,-11.603245553736102,JINDALPOLY.NS,2023-07-31 18:04:48.957222
274,2022-06-21 00:00:00+05:30,916.0956034225358,954.4403095345131,916.0956034225358,946.48291015625,45317,0.0,0.0,2022-06-21,988.5850995278972,1011.0878453716196,-22.502745843722323,-8.159875320704502,JINDALPOLY.NS,2023-07-31 18:04:48.957222
275,2022-06-20 00:00:00+05:30,969.6091255253189,1014.5187236354736,898.191476521968,912.7634887695312,75756,0.0,0.0,2022-06-20,996.2400430500148,1016.2562401888491,-20.016197138834286,-4.574157689950047,JINDALPOLY.NS,2023-07-31 18:04:48.957222
276,2022-06-17 00:00:00+05:30,948.0744007736376,964.8346484759954,929.32474257047,955.4846801757812,40470,0.0,0.0,2022-06-17,1011.4175983737391,1024.5356603023945,-13.11806192865538,-0.7136478277289875,JINDALPOLY.NS,2023-07-31 18:04:48.957222
277,2022-06-16 00:00:00+05:30,999.7477141590314,1014.6181160033017,942.9518018545876,948.0744018554688,50669,0.0,0.0,2022-06-16,1021.5872198642769,1030.0597387125235,-8.472518848246636,2.3874556975026104,JINDALPOLY.NS,2023-07-31 18:04:48.957222
278,2022-06-15 00:00:00+05:30,993.6802689013524,1011.5346962854019,984.827637617074,987.7122192382812,35819,0.0,0.0,2022-06-15,1034.9531867749693,1036.6185656610878,-1.6653788861185603,5.102449333939922,JINDALPOLY.NS,2023-07-31 18:04:48.957222
279,2022-06-14 00:00:00+05:30,998.6536310418396,1027.9467592010008,975.7761076215585,985.0762939453125,69684,0.0,0.0,2022-06-14,1043.5424535998218,1040.5310733749125,3.011380224909317,6.794406388954542,JINDALPOLY.NS,2023-07-31 18:04:48.957222
280,2022-06-13 00:00:00+05:30,1027.499164872065,1027.499164872065,989.6517973205957,1012.031982421875,41688,0.0,0.0,2022-06-13,1054.1726644460962,1044.9674557292806,9.205208716815605,7.740162929965847,JINDALPOLY.NS,2023-07-31 18:04:48.957222
281,2022-06-10 00:00:00+05:30,1049.3322742803116,1059.2790236319247,1026.106638828351,1036.699951171875,34434,0.0,0.0,2022-06-10,1061.8346066323181,1047.602293593873,14.232313038445227,7.373901483253407,JINDALPOLY.NS,2023-07-31 18:04:48.957222
282,2022-06-09 00:00:00+05:30,1096.131790377604,1109.8085708836766,1034.5117260474474,1050.1778564453125,135259,0.0,0.0,2022-06-09,1066.4045439887623,1048.474480987633,17.930063001129383,5.659298594455452,JINDALPOLY.NS,2023-07-31 18:04:48.957222
283,2022-06-08 00:00:00+05:30,1109.2614848731505,1118.4622284028599,1089.4675499833015,1096.9276123046875,39701,0.0,0.0,2022-06-08,1069.354850814844,1048.3382109510185,21.016639863825503,2.5916074927869683,JINDALPOLY.NS,2023-07-31 18:04:48.957222
284,2022-06-07 00:00:00+05:30,1099.1157450315216,1131.1442276760952,1095.1370455019955,1099.16552734375,66191,0.0,0.0,2022-06-07,1064.3416214530544,1044.451058842725,19.890562610329425,-2.014650599972666,JINDALPOLY.NS,2023-07-31 18:04:48.957222
285,2022-06-06 00:00:00+05:30,1119.0093017344573,1124.7784649248447,1093.1477534277053,1111.1016845703125,67153,0.0,0.0,2022-06-06,1058.0100022002007,1040.073901362643,17.93610083755766,-7.490953902548188,JINDALPOLY.NS,2023-07-31 18:04:48.957222
286,2022-06-03 00:00:00+05:30,1139.7980746636551,1148.8495926245187,1107.3716948615136,1126.0218505859375,100559,0.0,0.0,2022-06-03,1048.3569690419986,1034.3916787060293,13.965290335969257,-13.84771758757465,JINDALPOLY.NS,2023-07-31 18:04:48.957222
287,2022-06-02 00:00:00+05:30,1095.7338967550368,1143.8264061331447,1095.7338967550368,1129.801513671875,190826,0.0,0.0,2022-06-02,1034.2360814885553,1027.0612649556367,7.174816532918612,-20.800969568460626,JINDALPOLY.NS,2023-07-31 18:04:48.957222
288,2022-06-01 00:00:00+05:30,1089.169085256614,1128.9560838048008,1089.169085256614,1105.1336669921875,156489,0.0,0.0,2022-06-01,1016.8605483643155,1018.8420450583376,-1.9814966940220984,-27.794916093805433,JINDALPOLY.NS,2023-07-31 18:04:48.957222
289,2022-05-31 00:00:00+05:30,1083.2009410757614,1123.9826110336185,1070.2701676744898,1095.5845947265625,166358,0.0,0.0,2022-05-31,1000.8108904319752,1011.9387153036296,-11.127824871654411,-34.248270943751265,JINDALPOLY.NS,2023-07-31 18:04:48.957222
290,2022-05-30 00:00:00+05:30,1107.8689750488054,1137.85832676641,1065.5455086123573,1086.632568359375,637556,0.0,0.0,2022-05-30,983.5793078329592,1005.2470449497949,-21.667737116835724,-40.02838246177548,JINDALPOLY.NS,2023-07-31 18:04:48.957222
291,2022-05-27 00:00:00+05:30,917.0902896986095,1084.1956787109375,916.7918993602584,1084.1956787109375,853309,0.0,0.0,2022-05-27,964.8423513736109,998.7362030770286,-33.89385170341768,-44.618543798010414,JINDALPOLY.NS,2023-07-31 18:04:48.957222
292,2022-05-26 00:00:00+05:30,906.049409067672,920.0245795540444,875.3139297503374,903.512939453125,35578,0.0,0.0,2022-05-26,943.1417464031879,991.8994450263159,-48.75769862312802,-47.29971682165859,JINDALPOLY.NS,2023-07-31 18:04:48.957222
293,2022-05-25 00:00:00+05:30,958.866612813771,964.7352190642177,895.2571402055186,899.23583984375,34108,0.0,0.0,2022-05-25,950.3469840304721,998.9703654721711,-48.62338144169905,-46.935221371291235,JINDALPOLY.NS,2023-07-31 18:04:48.957222
294,2022-05-24 00:00:00+05:30,959.7618362560049,972.7920531750098,947.9251806500862,955.6339111328125,35187,0.0,0.0,2022-05-24,959.6399193371489,1006.9491275224448,-47.309208185295915,-46.513181353689276,JINDALPOLY.NS,2023-07-31 18:04:48.957222
295,2022-05-23 00:00:00+05:30,944.94120272292,964.8844233330966,938.4758155463948,943.7973022460938,25807,0.0,0.0,2022-05-23,960.3682844652101,1011.0543448336155,-50.68606036840538,-46.31417464578761,JINDALPOLY.NS,2023-07-31 18:04:48.957222
296,2022-05-20 00:00:00+05:30,931.9606815229141,948.1241490264515,923.7048918015967,942.5042114257812,27414,0.0,0.0,2022-05-20,963.3811903232313,1016.4349082406171,-53.053717917385825,-45.221203215133166,JINDALPOLY.NS,2023-07-31 18:04:48.957222
297,2022-05-19 00:00:00+05:30,920.0742902846278,929.8220922450749,914.1062408341328,916.9410400390625,17316,0.0,0.0,2022-05-19,967.1770046682221,1022.349363985804,-55.17235931758182,-43.26307453957,JINDALPOLY.NS,2023-07-31 18:04:48.957222
298,2022-05-18 00:00:00+05:30,939.7688589009202,959.5131926282344,936.2874966563708,940.31591796875,31697,0.0,0.0,2022-05-18,976.3108164189784,1030.7820299015432,-54.471213482564735,-40.285753345067036,JINDALPOLY.NS,2023-07-31 18:04:48.957222
299,2022-05-17 00:00:00+05:30,926.0423370923602,943.4491479399609,913.1612849231079,932.3087768554688,60070,0.0,0.0,2022-05-17,982.855343409929,1038.0193188561666,-55.1639754462376,-36.73938831069261,JINDALPOLY.NS,2023-07-31 18:04:48.957222
300,2022-05-16 00:00:00+05:30,916.841584621903,933.651614634312,903.2145264160621,914.30517578125,36796,0.0,0.0,2022-05-16,992.0456282380127,1046.4761622162225,-54.43053397820984,-32.13324152680636,JINDALPOLY.NS,2023-07-31 18:04:48.957222
301,2022-05-13 00:00:00+05:30,928.7280108598371,974.7814487988142,891.2287531874872,898.4898681640625,58531,0.0,0.0,2022-05-13,1006.1802559574242,1057.0498411310202,-50.86958517359608,-26.55891841395548,JINDALPOLY.NS,2023-07-31 18:04:48.957222
302,2022-05-12 00:00:00+05:30,893.2180662712265,917.836270213557,877.7508836131232,900.8770751953125,99993,0.0,0.0,2022-05-12,1025.760326465308,1069.7346389683769,-43.97431250306886,-20.48125172404533,JINDALPOLY.NS,2023-07-31 18:04:48.957222
303,2022-05-11 00:00:00+05:30,993.630509165812,1014.4191782683312,889.7367031260575,918.582275390625,138193,0.0,0.0,2022-05-11,1048.4663721507618,1083.243244070222,-34.77687191946029,-14.607986529289446,JINDALPOLY.NS,2023-07-31 18:04:48.957222
304,2022-05-10 00:00:00+05:30,1018.5471290070913,1044.3092339955258,973.7867571268969,985.6234130859375,74697,0.0,0.0,2022-05-10,1072.0816624707868,1096.4161215645897,-24.334459093802934,-9.565765181746734,JINDALPOLY.NS,2023-07-31 18:04:48.957222
305,2022-05-09 00:00:00+05:30,1034.4619025500429,1039.1368260415334,1004.6216553610993,1014.1207885742188,39197,0.0,0.0,2022-05-09,1087.801344177123,1105.279538242882,-17.478194065759,-5.873591703732683,JINDALPOLY.NS,2023-07-31 18:04:48.957222
306,2022-05-06 00:00:00+05:30,1064.3021200182775,1067.534813373473,1024.5151248774073,1045.900634765625,65077,0.0,0.0,2022-05-06,1101.1978088321964,1112.572238216375,-11.374429384178484,-2.972441113226104,JINDALPOLY.NS,2023-07-31 18:04:48.957222
307,2022-05-05 00:00:00+05:30,1123.9826515946395,1123.9826515946395,1075.1937985480179,1085.2401123046875,32924,0.0,0.0,2022-05-05,1111.251840480664,1117.9059664924348,-6.654126011770813,-0.871944045488009,JINDALPOLY.NS,2023-07-31 18:04:48.957222
308,2022-05-04 00:00:00+05:30,1111.4497475755313,1127.5137713505094,1085.4389748897652,1100.010986328125,44716,0.0,0.0,2022-05-04,1115.9812456035688,1120.5192348274545,-4.537989223885688,0.573601446082692,JINDALPOLY.NS,2023-07-31 18:04:48.957222
309,2022-05-02 00:00:00+05:30,1110.0571755045744,1122.7392803322477,1095.2364953826898,1108.515380859375,23393,0.0,0.0,2022-05-02,1118.8849291081951,1122.1598947074008,-3.2749655992056432,1.851499113574787,JINDALPOLY.NS,2023-07-31 18:04:48.957222
310,2022-04-29 00:00:00+05:30,1129.9506707305002,1153.8228679994545,1102.0997739167203,1110.1566162109375,60314,0.0,0.0,2022-04-29,1120.7703015170716,1123.2514558152427,-2.4811542981710772,3.1331152917698946,JINDALPOLY.NS,2023-07-31 18:04:48.957222
311,2022-04-28 00:00:00+05:30,1113.3397108162483,1123.3859034433922,1100.707266204452,1113.041259765625,31261,0.0,0.0,2022-04-28,1122.7000624818231,1124.2990429835872,-1.5989805017641174,4.536682689255137,JINDALPOLY.NS,2023-07-31 18:04:48.957222
312,2022-04-27 00:00:00+05:30,1112.9417974058754,1119.009290161808,1093.147742122513,1104.487060546875,33652,0.0,0.0,2022-04-27,1124.456208430223,1125.1996656410242,-0.7434572108013526,6.07059848700995,JINDALPOLY.NS,2023-07-31 18:04:48.957222
313,2022-04-26 00:00:00+05:30,1111.4497582143704,1131.0448051880778,1103.0944647652761,1114.035888671875,39007,0.0,0.0,2022-04-26,1128.0869625908317,1126.856674048556,1.23028854227573,7.7741124114627755,JINDALPOLY.NS,2023-07-31 18:04:48.957222
314,2022-04-25 00:00:00+05:30,1099.613104205809,1119.0092647955994,1094.142392244586,1099.2152099609375,37104,0.0,0.0,2022-04-25,1130.6417033033695,1127.8823368786905,2.7593664246790013,9.410068378759537,JINDALPOLY.NS,2023-07-31 18:04:48.957222
315,2022-04-22 00:00:00+05:30,1121.098030521483,1143.3787720689959,1121.098030521483,1129.90087890625,31453,0.0,0.0,2022-04-22,1136.3556111838116,1130.1757070321107,6.179904151700839,11.07274386727967,JINDALPOLY.NS,2023-07-31 18:04:48.957222
316,2022-04-21 00:00:00+05:30,1113.9364317680324,1149.8939532666116,1109.3609515655917,1143.3787841796875,75391,0.0,0.0,2022-04-21,1137.5291988706408,1130.1976932821794,7.3315055884613685,12.295953796174377,JINDALPOLY.NS,2023-07-31 18:04:48.957222
317,2022-04-20 00:00:00+05:30,1117.0199357786018,1132.9347345074152,1095.1370875264831,1100.359130859375,68983,0.0,0.0,2022-04-20,1136.4656379053597,1129.143206010379,7.322431894980809,13.537065848102628,JINDALPOLY.NS,2023-07-31 18:04:48.957222
318,2022-04-19 00:00:00+05:30,1132.8849736559496,1141.8868304255877,1097.4249092027385,1114.6824951171875,43277,0.0,0.0,2022-04-19,1143.030457368266,1131.4459320224591,11.584525345806924,15.090724336383083,JINDALPOLY.NS,2023-07-31 18:04:48.957222
319,2022-04-18 00:00:00+05:30,1151.2367603466273,1154.9667912436678,1117.368031233389,1123.932861328125,82449,0.0,0.0,2022-04-18,1148.1846323230075,1132.7870069748808,15.397625348126667,15.967274084027123,JINDALPOLY.NS,2023-07-31 18:04:48.957222
320,2022-04-13 00:00:00+05:30,1173.5175807840812,1186.3487907893912,1153.8229677661657,1158.6968994140625,53285,0.0,0.0,2022-04-13,1152.594045231168,1133.495338626621,19.098706604546805,16.109686268002235,JINDALPOLY.NS,2023-07-31 18:04:48.957222
321,2022-04-12 00:00:00+05:30,1215.4927930359884,1215.4927930359884,1154.8176208795273,1164.9632568359375,94188,0.0,0.0,2022-04-12,1151.4844353797325,1131.479213763626,20.00522161610661,15.362431183866091,JINDALPOLY.NS,2023-07-31 18:04:48.957222
322,2022-04-11 00:00:00+05:30,1179.4855244263633,1222.9029859182542,1171.7270117735056,1203.20849609375,160014,0.0,0.0,2022-04-11,1149.0337405695134,1128.800490317841,20.233250251672416,14.20173357580596,JINDALPOLY.NS,2023-07-31 18:04:48.957222
323,2022-04-08 00:00:00+05:30,1151.8335958105874,1191.6205939387596,1135.2225726601885,1171.8265380859375,129585,0.0,0.0,2022-04-08,1139.183785019652,1122.8478498557683,16.335935163883732,12.693854406839346,JINDALPOLY.NS,2023-07-31 18:04:48.957222
324,2022-04-07 00:00:00+05:30,1175.6062582240988,1178.4908396436354,1128.9559823351808,1139.49951171875,62354,0.0,0.0,2022-04-07,1133.2487390076003,1118.9295547973547,14.319184210245567,11.783334217578249,JINDALPOLY.NS,2023-07-31 18:04:48.957222
325,2022-04-06 00:00:00+05:30,1138.9027604969567,1180.9775573349548,1133.92938599697,1169.489013671875,114709,0.0,0.0,2022-04-06,1132.1122348783006,1117.2839582436432,14.828276634657414,11.149371719411418,JINDALPOLY.NS,2023-07-31 18:04:48.957222
326,2022-04-05 00:00:00+05:30,1180.5796518720206,1180.9775461122936,1123.98262631595,1141.737548828125,131041,0.0,0.0,2022-04-05,1125.3164569158323,1113.1075538093846,12.208903106447679,10.229645490599918,JINDALPOLY.NS,2023-07-31 18:04:48.957222
327,2022-04-04 00:00:00+05:30,1146.4125756182548,1173.7163523657732,1139.9968498230746,1166.9525146484375,122007,0.0,0.0,2022-04-04,1122.33080384087,1110.8171542078853,11.513649632984652,9.734831086637978,JINDALPOLY.NS,2023-07-31 18:04:48.957222
328,2022-04-01 00:00:00+05:30,1114.4834926567758,1140.4446058365277,1105.6309827896528,1131.4427490234375,90678,0.0,0.0,2022-04-01,1114.2177655122214,1106.3263253726411,7.891440139580254,9.290126450051309,JINDALPOLY.NS,2023-07-31 18:04:48.957222
329,2022-03-31 00:00:00+05:30,1104.0891088554424,1133.8795727289735,1100.2596348790523,1105.7303466796875,98621,0.0,0.0,2022-03-31,1111.085950328364,1104.3170114805773,6.768938847786785,9.639798027669071,JINDALPOLY.NS,2023-07-31 18:04:48.957222
330,2022-03-30 00:00:00+05:30,1109.0625615724898,1132.934760207234,1092.600642695835,1098.7677001953125,93303,0.0,0.0,2022-03-30,1112.0596964463052,1104.2039446646486,7.855751781656636,10.357512822639642,JINDALPOLY.NS,2023-07-31 18:04:48.957222
331,2022-03-29 00:00:00+05:30,1086.7817479017663,1131.8902293550602,1084.9914059727346,1101.90087890625,154519,0.0,0.0,2022-03-29,1114.4764230373949,1104.6388442221955,9.837578815199322,10.982953082885393,JINDALPOLY.NS,2023-07-31 18:04:48.957222
332,2022-03-28 00:00:00+05:30,1100.1104568551743,1104.0393742044032,1069.2755344659245,1076.1884765625,85411,0.0,0.0,2022-03-28,1116.762885606694,1104.8578814474713,11.905004159222699,11.26929664980691,JINDALPOLY.NS,2023-07-31 18:04:48.957222
333,2022-03-25 00:00:00+05:30,1133.4320153286362,1143.0306521163513,1094.1423579302323,1099.961181640625,98358,0.0,0.0,2022-03-25,1124.1400508874565,1107.151433838269,16.988617049187496,11.11036977245296,JINDALPOLY.NS,2023-07-31 18:04:48.957222
334,2022-03-24 00:00:00+05:30,1118.0145912088803,1142.881463789149,1106.0784923703513,1132.9844970703125,91837,0.0,0.0,2022-03-24,1128.5362089323348,1107.7266540140806,20.809554918254207,9.640807953269325,JINDALPOLY.NS,2023-07-31 18:04:48.957222
335,2022-03-23 00:00:00+05:30,1170.63289551255,1176.7501703345054,1111.0518456642274,1118.6611328125,130071,0.0,0.0,2022-03-23,1127.7274292708844,1105.706026569582,22.02140270130235,6.8486212120231045,JINDALPOLY.NS,2023-07-31 18:04:48.957222
336,2022-03-22 00:00:00+05:30,1200.4731243316546,1204.3025982953286,1149.6452627822248,1157.0555419921875,156331,0.0,0.0,2022-03-22,1129.3758468087726,1104.6696180701485,24.706228738624077,3.0554258397032927,JINDALPOLY.NS,2023-07-31 18:04:48.957222
337,2022-03-21 00:00:00+05:30,1196.7927628253503,1248.7148642303223,1148.849482346614,1193.8585205078125,394639,0.0,0.0,2022-03-21,1124.3431749572428,1100.4787441563853,23.864430800857463,-2.3572748850269036,JINDALPOLY.NS,2023-07-31 18:04:48.957222
338,2022-03-17 00:00:00+05:30,1332.8644506126323,1441.2840215953015,1174.7111314727752,1197.936767578125,1051028,0.0,0.0,2022-03-17,1111.7040212207758,1093.0083620482712,18.69565917250452,-8.912701306497995,JINDALPOLY.NS,2023-07-31 18:04:48.957222
339,2022-03-16 00:00:00+05:30,1223.3507173493547,1293.0774054678334,1219.4714608488953,1271.69189453125,307391,0.0,0.0,2022-03-16,1096.025340064894,1084.614089605883,11.411250459010944,-15.814791426248624,JINDALPOLY.NS,2023-07-31 18:04:48.957222
340,2022-03-15 00:00:00+05:30,1119.0092947419525,1213.5034129646065,1115.0305950273146,1196.196044921875,343836,0.0,0.0,2022-03-15,1064.0859665255566,1069.6478652118535,-5.5618986862968995,-22.621301897563516,JINDALPOLY.NS,2023-07-31 18:04:48.957222
341,2022-03-14 00:00:00+05:30,1039.136867265979,1125.1762500741047,1019.6910449285657,1110.305908203125,200540,0.0,0.0,2022-03-14,1040.0659522716805,1059.5240108350517,-19.458058563371196,-26.886152700380165,JINDALPOLY.NS,2023-07-31 18:04:48.957222
342,2022-03-11 00:00:00+05:30,1034.4619700054102,1055.698256355599,1018.8952824227141,1027.449462890625,51166,0.0,0.0,2022-03-11,1027.295051193236,1055.4614590456058,-28.16640785236973,-28.743176234632404,JINDALPOLY.NS,2023-07-31 18:04:48.957222
343,2022-03-10 00:00:00+05:30,1050.0782871644185,1050.0782871644185,1019.541815028743,1026.0072021484375,30036,0.0,0.0,2022-03-10,1027.2669763391655,1057.7024187380043,-30.43544239883886,-28.88736833019807,JINDALPOLY.NS,2023-07-31 18:04:48.957222
344,2022-03-09 00:00:00+05:30,1032.223880217369,1043.6626415977591,1014.220288763593,1019.7406616210938,48887,0.0,0.0,2022-03-09,1027.496026192025,1060.2380360651696,-32.742009873144525,-28.500349813037868,JINDALPOLY.NS,2023-07-31 18:04:48.957222
345,2022-03-08 00:00:00+05:30,999.6482420453513,1032.4725126796761,987.8613691470798,1025.012451171875,65290,0.0,0.0,2022-03-08,1028.906092477649,1063.4778260206958,-34.571733543046776,-27.4399347980112,JINDALPOLY.NS,2023-07-31 18:04:48.957222
346,2022-03-07 00:00:00+05:30,985.8222851293939,1013.1758453239958,972.2947305535737,987.5132446289062,70339,0.0,0.0,2022-03-07,1029.614027260517,1066.5550560086015,-36.94102874808436,-25.656985111752306,JINDALPOLY.NS,2023-07-31 18:04:48.957222
347,2022-03-04 00:00:00+05:30,1009.5950343555693,1027.2007317067623,988.7068612309713,1014.8170776367188,59421,0.0,0.0,2022-03-04,1037.268715011719,1072.8784009189771,-35.609685907258154,-22.83597420266929,JINDALPOLY.NS,2023-07-31 18:04:48.957222
348,2022-03-03 00:00:00+05:30,1018.5470996831586,1058.2843134513198,1010.1420846189409,1020.2877807617188,91728,0.0,0.0,2022-03-03,1041.3508308980827,1077.523306781558,-36.17247588347527,-19.642546276522072,JINDALPOLY.NS,2023-07-31 18:04:48.957222
349,2022-03-02 00:00:00+05:30,1007.605681192023,1020.5364549881695,982.987477233975,1003.2788696289062,47889,0.0,0.0,2022-03-02,1045.1804763774217,1082.102148863145,-36.92167248572332,-15.51006387478377,JINDALPOLY.NS,2023-07-31 18:04:48.957222
350,2022-02-28 00:00:00+05:30,976.9199887049887,1024.5649412543426,954.0921873419047,1010.83837890625,77281,0.0,0.0,2022-02-28,1052.7989503316974,1088.408011201884,-35.60906087018657,-10.157161722048881,JINDALPOLY.NS,2023-07-31 18:04:48.957222
351,2022-02-25 00:00:00+05:30,950.41187238939,991.5416554557285,950.41187238939,976.9199829101562,72333,0.0,0.0,2022-02-25,1060.4281451363242,1094.6135817855347,-34.18543664921049,-3.794186935014459,JINDALPOLY.NS,2023-07-31 18:04:48.957222
352,2022-02-24 00:00:00+05:30,975.7760881013169,1000.0959018275212,931.015717087495,935.8896484375,109149,0.0,0.0,2022-02-24,1075.6114473592638,1104.029069695565,-28.417622336301292,3.8036254935345486,JINDALPOLY.NS,2023-07-31 18:04:48.957222
353,2022-02-23 00:00:00+05:30,999.6483226947097,1042.419345456772,999.6483226947097,1015.314453125,67205,0.0,0.0,2022-02-23,1101.0154107995845,1117.4802233962102,-16.464812596625734,11.858937450993508,JINDALPOLY.NS,2023-07-31 18:04:48.957222
354,2022-02-22 00:00:00+05:30,1022.9236935780372,1023.9183684801122,998.6536016833506,1006.561279296875,68645,0.0,0.0,2022-02-22,1116.5974031040544,1125.6534850179069,-9.056081913852495,18.93987496289832,JINDALPOLY.NS,2023-07-31 18:04:48.957222
355,2022-02-21 00:00:00+05:30,1069.7729280911099,1074.8457461438868,1035.3571984821378,1042.8172607421875,69996,0.0,0.0,2022-02-21,1136.603971068996,1135.1808614755894,1.423109593406707,25.93886418208602,JINDALPOLY.NS,2023-07-31 18:04:48.957222
356,2022-02-18 00:00:00+05:30,1109.0625067628982,1109.112289075706,1065.7941488757358,1077.23291015625,77452,0.0,0.0,2022-02-18,1153.656100219325,1142.5699495342615,11.086150685063558,32.06780282925585,JINDALPOLY.NS,2023-07-31 18:04:48.957222
357,2022-02-17 00:00:00+05:30,1064.0037479684684,1114.0359466401524,1062.7107433825734,1099.0660400390625,234254,0.0,0.0,2022-02-17,1167.5512256853385,1147.7969126845026,19.754313000835964,37.31321586530392,JINDALPOLY.NS,2023-07-31 18:04:48.957222
358,2022-02-16 00:00:00+05:30,1094.1423886220787,1110.1566302078556,1044.4086436847115,1053.3607177734375,165872,0.0,0.0,2022-02-16,1180.003077621025,1151.6953824961377,28.30769512488746,41.70294158142091,JINDALPOLY.NS,2023-07-31 18:04:48.957222
359,2022-02-15 00:00:00+05:30,1204.5513025700272,1294.0720434711855,1024.2166948310285,1060.2239990234375,551054,0.0,0.0,2022-02-15,1203.0289612296774,1159.5621556739538,43.46680555572357,45.05175319555427,JINDALPOLY.NS,2023-07-31 18:04:48.957222
360,2022-02-14 00:00:00+05:30,1263.237176523387,1321.9229981099065,1243.343677680499,1280.24609375,113844,0.0,0.0,2022-02-14,1228.99349981263,1167.5092082059953,61.48429160663477,45.447990105511934,JINDALPOLY.NS,2023-07-31 18:04:48.957222
361,2022-02-11 00:00:00+05:30,1298.0508054187121,1312.8714864083156,1273.1839317516872,1276.9637451171875,64443,0.0,0.0,2022-02-11,1219.6748463694719,1158.490257362475,61.18458900699693,41.43891473023122,JINDALPOLY.NS,2023-07-31 18:04:48.957222
362,2022-02-10 00:00:00+05:30,1288.1039684547088,1327.890963619333,1271.4431642295224,1310.533935546875,119528,0.0,0.0,2022-02-10,1209.2586829607965,1149.012378342098,60.24630461869856,36.50249616103979,JINDALPOLY.NS,2023-07-31 18:04:48.957222
363,2022-02-09 00:00:00+05:30,1283.1804877021273,1311.9762793827867,1268.2105809045133,1282.2354736328125,88267,0.0,0.0,2022-02-09,1190.8450006724186,1136.0906537657158,54.75434690670272,30.566544046625094,JINDALPOLY.NS,2023-07-31 18:04:48.957222
364,2022-02-08 00:00:00+05:30,1311.876825725638,1326.8963932997722,1246.4271649542827,1281.9371337890625,225691,0.0,0.0,2022-02-08,1174.228551043256,1124.3990681763482,49.82948286690771,24.519593331605684,JINDALPOLY.NS,2023-07-31 18:04:48.957222
365,2022-02-07 00:00:00+05:30,1245.134115062293,1319.933620576593,1225.8373973048494,1303.521484375,320912,0.0,0.0,2022-02-07,1154.6451723622001,1111.796022927331,42.849149434869105,18.192120947780175,JINDALPOLY.NS,2023-07-31 18:04:48.957222
366,2022-02-04 00:00:00+05:30,1221.261937504866,1280.146645269264,1194.7538261217999,1249.75927734375,438115,0.0,0.0,2022-02-04,1127.5767519962365,1096.4579860115175,31.118765984718948,12.027863826007941,JINDALPOLY.NS,2023-07-31 18:04:48.957222
367,2022-02-03 00:00:00+05:30,1216.4874305980104,1248.3170281279665,1186.6969652279286,1214.2991943359375,318978,0.0,0.0,2022-02-03,1105.3617473875977,1084.193882704939,21.167864682658774,7.255138286330189,JINDALPOLY.NS,2023-07-31 18:04:48.957222
368,2022-02-02 00:00:00+05:30,1067.2861927303331,1238.3702795426514,1061.3679255046466,1220.6153564453125,715739,0.0,0.0,2022-02-02,1085.5549388515358,1073.785457774459,11.769481077076762,3.7769566872480427,JINDALPOLY.NS,2023-07-31 18:04:48.957222
369,2022-02-01 00:00:00+05:30,1049.3819961946724,1064.3021193633172,1040.8774774204358,1060.1741943359375,38435,0.0,0.0,2022-02-01,1060.9984992890309,1062.0390658807908,-1.040566591759898,1.7788255897908625,JINDALPOLY.NS,2023-07-31 18:04:48.957222
370,2022-01-31 00:00:00+05:30,1058.9308700295333,1074.2986700253628,1034.4618918712492,1041.275390625,41471,0.0,0.0,2022-01-31,1061.148372916866,1062.188255604379,-1.0398826875129998,2.4836736351785524,JINDALPOLY.NS,2023-07-31 18:04:48.957222
371,2022-01-28 00:00:00+05:30,1064.3021250147913,1092.1032394318813,1050.376676650112,1056.891845703125,67244,0.0,0.0,2022-01-28,1064.761642424478,1063.8612848027294,0.9003576217485261,3.3645627158514406,JINDALPOLY.NS,2023-07-31 18:04:48.957222
372,2022-01-27 00:00:00+05:30,1034.4618982857487,1058.2843136252764,984.1313725185935,1044.3092041015625,69228,0.0,0.0,2022-01-27,1066.192514555633,1064.418839930698,1.7736746249349835,3.980613989377169,JINDALPOLY.NS,2023-07-31 18:04:48.957222
373,2022-01-25 00:00:00+05:30,1031.477929146627,1071.0162586389881,1007.7549557352669,1043.6129150390625,64228,0.0,0.0,2022-01-25,1070.1712982745548,1066.0276107970287,4.1436874775261,4.532348830487715,JINDALPOLY.NS,2023-07-31 18:04:48.957222
374,2022-01-24 00:00:00+05:30,1101.1050980222294,1109.062497104594,1034.4618807074241,1048.3873291015625,95441,0.0,0.0,2022-01-24,1075.0000952264625,1067.8207864576661,7.179308768796318,4.629514168728118,JINDALPOLY.NS,2023-07-31 18:04:48.957222
375,2022-01-21 00:00:00+05:30,1109.7091058340197,1162.6257633461823,1095.2365370879384,1103.3929443359375,216180,0.0,0.0,2022-01-21,1079.8387799764444,1069.3754630461544,10.46331693028992,3.992065518711067,JINDALPOLY.NS,2023-07-31 18:04:48.957222
376,2022-01-20 00:00:00+05:30,1089.1192475705868,1128.9560264098106,1070.6183184703054,1112.14599609375,64676,0.0,0.0,2022-01-20,1075.5562046383548,1066.6540645429718,8.902140095382947,2.3742526658163534,JINDALPOLY.NS,2023-07-31 18:04:48.957222
377,2022-01-19 00:00:00+05:30,1094.1424473505363,1096.13179725481,1068.4797850172927,1085.8865966796875,35350,0.0,0.0,2022-01-19,1068.9035152828283,1063.0147100189097,5.888805263918584,0.7422808084247048,JINDALPOLY.NS,2023-07-31 18:04:48.957222
378,2022-01-18 00:00:00+05:30,1114.0358950925513,1122.8387437295396,1055.399857932353,1075.89013671875,90950,0.0,0.0,2022-01-18,1065.815682301581,1061.1849590860475,4.630723215533635,-0.5443503054487653,JINDALPOLY.NS,2023-07-31 18:04:48.957222
379,2022-01-17 00:00:00+05:30,1130.84589358486,1133.8795791119444,1099.1157406785028,1101.90087890625,92566,0.0,0.0,2022-01-17,1063.9839633166414,1060.0085448754312,3.975418441210195,-1.8381186856943654,JINDALPOLY.NS,2023-07-31 18:04:48.957222
380,2022-01-14 00:00:00+05:30,1062.3626109846264,1136.614997612639,1058.5827976703108,1105.33251953125,281058,0.0,0.0,2022-01-14,1057.0899786639852,1056.6571581529656,0.4328205110195995,-3.291502967420505,JINDALPOLY.NS,2023-07-31 18:04:48.957222
381,2022-01-13 00:00:00+05:30,1039.435244390915,1077.5810015636944,1039.435244390915,1062.362548828125,91113,0.0,0.0,2022-01-13,1048.3186075972098,1052.763129242703,-4.444521645493069,-4.222583837030531,JINDALPOLY.NS,2023-07-31 18:04:48.957222
382,2022-01-12 00:00:00+05:30,1053.3608011354115,1053.3608011354115,1030.035721481972,1036.7994384765625,37606,0.0,0.0,2022-01-12,1045.7651637370434,1051.9951756758692,-6.230011938825783,-4.167099384914897,JINDALPOLY.NS,2023-07-31 18:04:48.957222
383,2022-01-11 00:00:00+05:30,1053.2612657804746,1063.3074578899543,1034.461886066934,1038.24169921875,52215,0.0,0.0,2022-01-11,1047.3952956025855,1053.2108346518137,-5.815539049228164,-3.6513712464371753,JINDALPOLY.NS,2023-07-31 18:04:48.957222
384,2022-01-10 00:00:00+05:30,1043.2151619155482,1059.3288479357527,1035.5560917590528,1045.303955078125,34646,0.0,0.0,2022-01-10,1049.0595858541922,1054.4083654864587,-5.348779632266542,-3.1103292957394277,JINDALPOLY.NS,2023-07-31 18:04:48.957222
385,2022-01-07 00:00:00+05:30,1046.398048002616,1067.7835594399319,1026.007211515873,1033.7159423828125,49692,0.0,0.0,2022-01-07,1049.742427813477,1055.1367183191253,-5.394290505648314,-2.5507167116076497,JINDALPOLY.NS,2023-07-31 18:04:48.957222
386,2022-01-06 00:00:00+05:30,1055.996709059754,1055.996709059754,1033.765747703782,1046.3980712890625,32885,0.0,0.0,2022-01-06,1052.656334255416,1056.8503803940303,-4.19404613861434,-1.8398232630974836,JINDALPOLY.NS,2023-07-31 18:04:48.957222
387,2022-01-05 00:00:00+05:30,1073.4531722748989,1076.039424316789,1050.5259872134002,1058.7320556640625,35300,0.0,0.0,2022-01-05,1053.7942002492982,1057.6865651224277,-3.892364873129509,-1.2512675442182695,JINDALPOLY.NS,2023-07-31 18:04:48.957222
388,2022-01-04 00:00:00+05:30,1046.397977013559,1080.2667053509763,1036.3517849783773,1070.6182861328125,89963,0.0,0.0,2022-01-04,1052.8964083557048,1057.602925879097,-4.706517523392222,-0.5909932119904595,JINDALPOLY.NS,2023-07-31 18:04:48.957222
389,2022-01-03 00:00:00+05:30,1041.8225831511122,1074.1495195299353,1028.543696645714,1044.45849609375,72628,0.0,0.0,2022-01-03,1049.6742487598672,1056.5616970587998,-6.887448298932668,0.43788786585998096,JINDALPOLY.NS,2023-07-31 18:04:48.957222
390,2021-12-31 00:00:00+05:30,1046.397991723788,1059.129878974469,1027.499168679347,1033.8651123046875,47086,0.0,0.0,2021-12-31,1050.6225674264338,1057.5299531360038,-6.907385709570008,2.269221907058143,JINDALPOLY.NS,2023-07-31 18:04:48.957222
391,2021-12-30 00:00:00+05:30,1056.3447558384637,1069.8226494551725,1031.4778830550722,1045.1546630859375,35099,0.0,0.0,2021-12-30,1053.6693774485693,1059.423140402509,-5.753762953939713,4.563373811215181,JINDALPOLY.NS,2023-07-31 18:04:48.957222
392,2021-12-29 00:00:00+05:30,1054.3553647189246,1084.096167687032,1045.8011851005426,1057.1405029296875,67524,0.0,0.0,2021-12-29,1055.2175073326841,1060.5646185878347,-5.347111255150594,7.142658002503904,JINDALPOLY.NS,2023-07-31 18:04:48.957222
393,2021-12-28 00:00:00+05:30,1022.5258674485956,1061.3181912136688,1015.811811412333,1049.1334228515625,134063,0.0,0.0,2021-12-28,1054.8678717695927,1060.8385478404866,-5.970676070893887,10.265100316917527,JINDALPOLY.NS,2023-07-31 18:04:48.957222
394,2021-12-27 00:00:00+05:30,1000.6429532456483,1019.5417764182798,989.7015293035985,1015.7620239257812,59439,0.0,0.0,2021-12-27,1055.910498845598,1061.7749578396006,-5.864458994002462,14.32404441387038,JINDALPOLY.NS,2023-07-31 18:04:48.957222
395,2021-12-24 00:00:00+05:30,1028.4938824611288,1034.312706544962,996.1669470839657,1000.0462036132812,44105,0.0,0.0,2021-12-24,1063.210221558292,1065.4559925527062,-2.2457709944142152,19.37117026583859,JINDALPOLY.NS,2023-07-31 18:04:48.957222
396,2021-12-23 00:00:00+05:30,1036.4512487452669,1036.4512487452669,1005.6163267576437,1012.87744140625,37236,0.0,0.0,2021-12-23,1074.694588457385,1070.6887756678602,4.005812789524725,24.77540558090179,JINDALPOLY.NS,2023-07-31 18:04:48.957222
397,2021-12-22 00:00:00+05:30,1030.4334494752895,1048.3375982901755,1013.5737579093837,1017.204345703125,61928,0.0,0.0,2021-12-22,1085.9340697394096,1075.313682408789,10.620387330620588,29.967803778746056,JINDALPOLY.NS,2023-07-31 18:04:48.957222
398,2021-12-21 00:00:00+05:30,1021.531138452191,1055.101416857996,1006.6110147162779,1018.3978881835938,76174,0.0,0.0,2021-12-21,1098.4303832005521,1079.962429345242,18.467953855310043,34.80465789077742,JINDALPOLY.NS,2023-07-31 18:04:48.957222
399,2021-12-20 00:00:00+05:30,1014.5684248821798,1065.2470638118593,974.7814278279767,1015.2647094726562,194824,0.0,0.0,2021-12-20,1112.9817459309081,1084.8875926381738,28.09415329273429,38.88883389964427,JINDALPOLY.NS,2023-07-31 18:04:48.957222
400,2021-12-17 00:00:00+05:30,1158.6968897100726,1158.6968897100726,1054.405244031113,1085.0909423828125,125009,0.0,0.0,2021-12-17,1130.7484798324085,1090.4574232914154,40.29105654099317,41.58750405137176,JINDALPOLY.NS,2023-07-31 18:04:48.957222
401,2021-12-16 00:00:00+05:30,1175.7057274780916,1192.7146439215114,1140.8423237931395,1151.6346435546875,80731,0.0,0.0,2021-12-16,1139.0498502777896,1090.8867417641036,48.163108513685984,41.911615928966405,JINDALPOLY.NS,2023-07-31 18:04:48.957222
402,2021-12-15 00:00:00+05:30,1186.7466300228011,1196.8426048065758,1164.2670009774336,1170.9312744140625,86219,0.0,0.0,2021-12-15,1136.7617060456262,1086.026909620857,50.73479642476923,40.34874278278651,JINDALPOLY.NS,2023-07-31 18:04:48.957222
403,2021-12-14 00:00:00+05:30,1173.7163758790298,1218.426963832752,1156.8069026672133,1180.1817626953125,135272,0.0,0.0,2021-12-14,1130.549057251365,1079.2345604374004,51.314496813964524,37.75222937229083,JINDALPOLY.NS,2023-07-31 18:04:48.957222
404,2021-12-13 00:00:00+05:30,1206.3418342679938,1224.1464188303394,1170.7324223027372,1177.048583984375,99448,0.0,0.0,2021-12-13,1121.524928988829,1071.1587842567674,50.366144732061684,34.3616625118724,JINDALPOLY.NS,2023-07-31 18:04:48.957222
405,2021-12-10 00:00:00+05:30,1177.6950644978203,1231.4075083178222,1172.1249094227637,1194.156982421875,337754,0.0,0.0,2021-12-10,1111.4297189896388,1062.6876002785589,48.74211871107991,30.36054195682508,JINDALPOLY.NS,2023-07-31 18:04:48.957222
406,2021-12-09 00:00:00+05:30,1218.178353840599,1225.240643070481,1174.7111074097234,1179.485595703125,235986,0.0,0.0,2021-12-09,1096.3883983655958,1052.1700497070935,44.21834865850224,25.76514776826137,JINDALPOLY.NS,2023-07-31 18:04:48.957222
407,2021-12-08 00:00:00+05:30,1122.7890842692805,1221.460786535291,1118.1638216648757,1212.0611572265625,880838,0.0,0.0,2021-12-08,1081.2798170314995,1041.984806027411,39.295011004088565,21.151847545701152,JINDALPOLY.NS,2023-07-31 18:04:48.957222
408,2021-12-07 00:00:00+05:30,1120.8992455831406,1141.6381943792912,1100.1105144704823,1115.5777587890625,127730,0.0,0.0,2021-12-07,1057.501391541488,1028.3786979314789,29.122693610009037,16.6160566811043,JINDALPOLY.NS,2023-07-31 18:04:48.957222
409,2021-12-06 00:00:00+05:30,1168.742980519732,1182.668428798265,1095.1370396189147,1109.8582763671875,461374,0.0,0.0,2021-12-06,1046.942052041929,1021.402773062872,25.539278979056917,13.489397448878115,JINDALPOLY.NS,2023-07-31 18:04:48.957222
410,2021-12-03 00:00:00+05:30,1032.4725941456581,1167.54950040643,1023.0729644722712,1143.528076171875,1375798,0.0,0.0,2021-12-03,1035.5027385282456,1014.3263327985269,21.17640572971868,10.476927066333413,JINDALPOLY.NS,2023-07-31 18:04:48.957222
411,2021-12-02 00:00:00+05:30,1035.4565863820142,1061.3181341686927,1020.5364626589303,1029.2398681640625,89633,0.0,0.0,2021-12-02,1015.8617680475858,1003.990193328659,11.871574718926809,7.802057400487096,JINDALPOLY.NS,2023-07-31 18:04:48.957222
412,2021-12-01 00:00:00+05:30,1016.5577737338618,1049.3820462712565,1016.5577737338618,1029.538330078125,75403,0.0,0.0,2021-12-01,1013.4293862082263,1001.9702193418267,11.459166866399642,6.784678070877168,JINDALPOLY.NS,2023-07-31 18:04:48.957222
413,2021-11-30 00:00:00+05:30,1019.5417853802373,1062.7603617631228,1004.621661691746,1013.7229614257812,88839,0.0,0.0,2021-11-30,1010.5004873227903,999.7647704829228,10.73571683986745,5.616055871996549,JINDALPOLY.NS,2023-07-31 18:04:48.957222
414,2021-11-29 00:00:00+05:30,1068.5792910283624,1068.5792910283624,1010.1420800859433,1016.1598510742188,133616,0.0,0.0,2021-11-29,1009.9145829404283,998.6481152074941,11.266467732934188,4.336140630028824,JINDALPOLY.NS,2023-07-31 18:04:48.957222
415,2021-11-26 00:00:00+05:30,1074.2488939995387,1096.03229863414,1045.4033218458474,1058.03564453125,220969,0.0,0.0,2021-11-26,1008.7790796433756,997.2471763381562,11.531903305219316,2.6035588543024835,JINDALPOLY.NS,2023-07-31 18:04:48.957222
416,2021-11-25 00:00:00+05:30,991.6909027918485,1105.0838445353497,990.3481159236786,1082.256103515625,748309,0.0,0.0,2021-11-25,999.8233405728529,992.3840988827088,7.439241690144058,0.37147274157327503,JINDALPOLY.NS,2023-07-31 18:04:48.957222
417,2021-11-24 00:00:00+05:30,1006.6110070395764,1018.5471059372788,981.3960224022352,989.0052490234375,69987,0.0,0.0,2021-11-24,984.8355654923488,985.1943385120755,-0.3587730197267547,-1.3954694955694207,JINDALPOLY.NS,2023-07-31 18:04:48.957222
418,2021-11-23 00:00:00+05:30,952.8985950666766,1004.0249114033709,939.9678208121184,998.55419921875,63092,0.0,0.0,2021-11-23,984.077441213969,984.8894656711666,-0.8120244571975945,-1.6546436145300871,JINDALPOLY.NS,2023-07-31 18:04:48.957222
419,2021-11-22 00:00:00+05:30,979.6553433805166,1002.13497206791,940.0175117813255,950.1632080078125,218112,0.0,0.0,2021-11-22,981.4453033949178,983.79628698736,-2.3509835924421623,-1.86529840386321,JINDALPOLY.NS,2023-07-31 18:04:48.957222
420,2021-11-18 00:00:00+05:30,994.7246245202595,996.4653056003644,964.834655829627,968.2662963867188,39801,0.0,0.0,2021-11-18,987.1329571016643,986.4869333057238,0.6460237959404367,-1.7438771067184717,JINDALPOLY.NS,2023-07-31 18:04:48.957222
421,2021-11-17 00:00:00+05:30,1006.5612987748735,1010.2913297298348,985.026562444174,994.5256958007812,29201,0.0,0.0,2021-11-17,990.5632590498361,987.9445842592443,2.6186747905918537,-2.341352332383199,JINDALPOLY.NS,2023-07-31 18:04:48.957222
422,2021-11-16 00:00:00+05:30,989.2042058189339,1019.3429043984214,977.0194380750606,1007.0089111328125,82930,0.0,0.0,2021-11-16,989.8428160042097,987.4180953359214,2.4247206682882734,-3.5813591131269615,JINDALPOLY.NS,2023-07-31 18:04:48.957222
423,2021-11-15 00:00:00+05:30,1035.4566134878487,1049.382062660596,967.9181607159685,972.7423706054688,104937,0.0,0.0,2021-11-15,986.7217077990092,985.8508300721701,0.8708777268391259,-5.082879058480771,JINDALPOLY.NS,2023-07-31 18:04:48.957222
424,2021-11-12 00:00:00+05:30,1031.3784171231339,1037.4956919771187,1014.5683872078895,1025.062255859375,51095,0.0,0.0,2021-11-12,989.2634054705621,986.8995068295062,2.3638986410559255,-6.571318254810745,JINDALPOLY.NS,2023-07-31 18:04:48.957222
425,2021-11-11 00:00:00+05:30,1037.8438566643163,1068.2808855437986,1017.8508539445353,1023.6697387695312,198978,0.0,0.0,2021-11-11,982.7545235816871,983.8464869071167,-1.0919633254296741,-8.805122478777411,JINDALPOLY.NS,2023-07-31 18:04:48.957222
426,2021-11-10 00:00:00+05:30,961.8506242905788,1042.4192908547327,961.8506242905788,1034.412109375,170865,0.0,0.0,2021-11-10,975.3153935475336,980.6606267581236,-5.345233210589981,-10.733412267114346,JINDALPOLY.NS,2023-07-31 18:04:48.957222
427,2021-11-09 00:00:00+05:30,964.6357416651299,982.7388376587668,964.038960987045,978.3622436523438,38786,0.0,0.0,2021-11-09,964.5705361243579,976.3605081487735,-11.789972024415647,-12.080457031245437,JINDALPOLY.NS,2023-07-31 18:04:48.957222
428,2021-11-08 00:00:00+05:30,964.7352188984823,972.0957768018628,954.8879130114959,961.0051879882812,35943,0.0,0.0,2021-11-08,962.0629529374514,976.200369308488,-14.13741637103658,-12.153078282952885,JINDALPOLY.NS,2023-07-31 18:04:48.957222
429,2021-11-04 00:00:00+05:30,953.5948293082106,960.7067183465468,946.482879559737,958.7671508789062,7805,0.0,0.0,2021-11-04,962.2552738373006,977.4159838141045,-15.1607099768039,-11.656993760931961,JINDALPOLY.NS,2023-07-31 18:04:48.957222
430,2021-11-03 00:00:00+05:30,954.6889811743688,973.289414419769,939.9678044217492,944.8417358398438,91276,0.0,0.0,2021-11-03,962.889478011554,978.9078904489204,-16.01841243736635,-10.781064706963976,JINDALPOLY.NS,2023-07-31 18:04:48.957222
431,2021-11-02 00:00:00+05:30,948.9198474565075,968.2662862578945,942.9517981014351,950.2626342773438,59433,0.0,0.0,2021-11-02,966.1708856791378,981.6331828176466,-15.462297138508802,-9.471727774363382,JINDALPOLY.NS,2023-07-31 18:04:48.957222
432,2021-11-01 00:00:00+05:30,934.994450734178,947.9252250528422,933.0051008389989,942.0068969726562,45395,0.0,0.0,2021-11-01,969.0632950249185,984.1428267008708,-15.079531675952353,-7.974085433327026,JINDALPOLY.NS,2023-07-31 18:04:48.957222
433,2021-10-29 00:00:00+05:30,952.5504564873305,956.2307051041535,933.0050701265304,940.5645751953125,34395,0.0,0.0,2021-10-29,973.9826401253297,987.513701079128,-13.531060953798374,-6.197723872670695,JINDALPOLY.NS,2023-07-31 18:04:48.957222
434,2021-10-28 00:00:00+05:30,962.795615765782,973.4883713202584,950.3124574697936,952.5504760742188,39128,0.0,0.0,2021-10-28,980.0586519307874,991.2696311498332,-11.21097921904584,-4.364389602388774,JINDALPOLY.NS,2023-07-31 18:04:48.957222
435,2021-10-27 00:00:00+05:30,968.7139282113435,983.236157749383,960.8559720646474,965.2822875976562,59062,0.0,0.0,2021-10-27,985.0601384501635,994.3671635558824,-9.307025105718822,-2.652742198224507,JINDALPOLY.NS,2023-07-31 18:04:48.957222
436,2021-10-26 00:00:00+05:30,969.808055984977,970.5043405774558,957.4243409742178,962.6961059570312,40685,0.0,0.0,2021-10-26,988.6561113324376,996.6939536325405,-8.037842300102852,-0.9891714713509279,JINDALPOLY.NS,2023-07-31 18:04:48.957222
437,2021-10-25 00:00:00+05:30,965.5309653327922,969.7086121749347,934.994432882784,956.3799438476562,48284,0.0,0.0,2021-10-25,993.3761123097842,999.4137814465812,-6.037669136797035,0.7729962358370535,JINDALPOLY.NS,2023-07-31 18:04:48.957222
438,2021-10-22 00:00:00+05:30,1002.5328754326495,1002.5328754326495,944.9411733219209,954.9873657226562,97886,0.0,0.0,2021-10-22,1000.1026883938074,1002.8564884544952,-2.7538000606878086,2.4756625789955757,JINDALPOLY.NS,2023-07-31 18:04:48.957222
439,2021-10-21 00:00:00+05:30,1006.511552222745,1010.4404694964746,981.9430701330094,992.685546875,50868,0.0,0.0,2021-10-21,1008.3054743340167,1006.6860182730424,1.6194560609743576,3.783028238916421,JINDALPOLY.NS,2023-07-31 18:04:48.957222
440,2021-10-20 00:00:00+05:30,1013.5737162853213,1013.5737162853213,990.6961937391364,998.3054809570312,64747,0.0,0.0,2021-10-20,1011.145461144747,1007.8060559848857,3.3394051598612577,4.323921283401937,JINDALPOLY.NS,2023-07-31 18:04:48.957222
441,2021-10-19 00:00:00+05:30,1055.8971825295714,1058.1848619341172,999.6482686932021,1008.0532836914062,80075,0.0,0.0,2021-10-19,1013.4800029970589,1008.5661019871139,4.913901009944993,4.570050314287107,JINDALPOLY.NS,2023-07-31 18:04:48.957222
442,2021-10-18 00:00:00+05:30,1019.5417616908813,1076.43711679957,1019.5417616908813,1045.6519775390625,274947,0.0,0.0,2021-10-18,1014.4666792344503,1008.6071274507705,5.859551783679876,4.484087640372635,JINDALPOLY.NS,2023-07-31 18:04:48.957222
443,2021-10-14 00:00:00+05:30,1001.6376360115199,1019.5417844208619,1000.8916298277973,1014.27001953125,72664,0.0,0.0,2021-10-14,1008.7966249972482,1005.6435394437071,3.1530855535410183,4.1402216045458236,JINDALPOLY.NS,2023-07-31 18:04:48.957222
444,2021-10-13 00:00:00+05:30,1010.5897165200771,1023.4707081379255,994.6749178347216,1000.1456298828125,66304,0.0,0.0,2021-10-13,1007.8014623547024,1004.9534210367037,2.84804131799865,4.387005617297024,JINDALPOLY.NS,2023-07-31 18:04:48.957222
445,2021-10-12 00:00:00+05:30,1004.6216695985647,1020.28779959478,1004.522226390581,1008.79931640625,37034,0.0,0.0,2021-10-12,1009.1934318950459,1005.3380443290151,3.8553875660307995,4.771746692121618,JINDALPOLY.NS,2023-07-31 18:04:48.957222
446,2021-10-11 00:00:00+05:30,1014.3694761818796,1028.8917665102274,1003.6269991359312,1006.06396484375,63819,0.0,0.0,2021-10-11,1009.2650892566453,1005.0611425628364,4.203946693808916,5.000836473644322,JINDALPOLY.NS,2023-07-31 18:04:48.957222
447,2021-10-08 00:00:00+05:30,1019.5418014875413,1031.1297886860652,1001.6376527784918,1007.3073120117188,89044,0.0,0.0,2021-10-08,1009.8471118771718,1004.9809167803633,4.866195096808497,5.2000589186031725,JINDALPOLY.NS,2023-07-31 18:04:48.957222
448,2021-10-07 00:00:00+05:30,1003.5275546356662,1033.467245549929,999.2006822922176,1016.9058837890625,141265,0.0,0.0,2021-10-07,1010.3088936708905,1004.7948051618548,5.514088509035673,5.2835248740518415,JINDALPOLY.NS,2023-07-31 18:04:48.957222
449,2021-10-06 00:00:00+05:30,1029.389103339038,1033.4672462442038,990.2983302498511,996.316162109375,76477,0.0,0.0,2021-10-06,1009.1094409221319,1003.8259188716781,5.283522050453712,5.225883965305883,JINDALPOLY.NS,2023-07-31 18:04:48.957222
450,2021-10-05 00:00:00+05:30,1024.515175084512,1043.165329970759,1019.5418004481794,1021.5809326171875,37596,0.0,0.0,2021-10-05,1011.4354916153604,1004.4266994126624,7.008792202698032,5.211474444018925,JINDALPOLY.NS,2023-07-31 18:04:48.957222
451,2021-10-04 00:00:00+05:30,1012.5790318655653,1058.4335197318078,1012.5790318655653,1028.3446044921875,111619,0.0,0.0,2021-10-04,1009.5908659786646,1003.0543607563004,6.536505222364212,4.762145004349147,JINDALPOLY.NS,2023-07-31 18:04:48.957222
452,2021-10-01 00:00:00+05:30,1010.440511210849,1018.6963617621356,1002.3339468944184,1008.1527709960938,39020,0.0,0.0,2021-10-01,1006.1810953398424,1001.0311412574295,5.149954082412933,4.31855494984538,JINDALPOLY.NS,2023-07-31 18:04:48.957222
453,2021-09-30 00:00:00+05:30,1019.4423754367482,1025.4600860019605,1007.1581034396464,1020.3872680664062,43743,0.0,0.0,2021-09-30,1005.8226088568877,1000.4614108783363,5.361197978551331,4.110705166703491,JINDALPOLY.NS,2023-07-31 18:04:48.957222
454,2021-09-29 00:00:00+05:30,994.5754935193798,1027.3003232218198,989.9999523843424,1012.1314697265625,76403,0.0,0.0,2021-09-29,1003.1744890006115,998.8673423032908,4.307146697320718,3.7980819637415313,JINDALPOLY.NS,2023-07-31 18:04:48.957222
455,2021-09-28 00:00:00+05:30,996.1669512062103,1013.5737626351755,986.767260892541,1000.742431640625,55892,0.0,0.0,2021-09-28,1001.5459470504386,997.8062121094291,3.7397349410094876,3.6708157803467345,JINDALPOLY.NS,2023-07-31 18:04:48.957222
456,2021-09-27 00:00:00+05:30,993.8791750302621,1001.6376271301563,989.7015282964304,995.7192993164062,44973,0.0,0.0,2021-09-27,1001.6920407613138,997.5713145469335,4.120726214380284,3.653585990181046,JINDALPOLY.NS,2023-07-31 18:04:48.957222
457,2021-09-24 00:00:00+05:30,1022.426348623576,1024.3659161002777,990.6961951961893,993.7796630859375,56799,0.0,0.0,2021-09-24,1002.7779937512969,997.7194757653757,5.058517985921185,3.5368009341312368,JINDALPOLY.NS,2023-07-31 18:04:48.957222
458,2021-09-23 00:00:00+05:30,1009.9929445050022,1047.0942464058792,1007.4564748746852,1015.2647094726562,121904,0.0,0.0,2021-09-23,1004.4140538722713,998.0346607797308,6.3793930925405675,3.1563716711837495,JINDALPOLY.NS,2023-07-31 18:04:48.957222
459,2021-09-22 00:00:00+05:30,1006.6110415741914,1017.2043539933911,997.6589670937885,1001.9857788085938,40209,2.0,0.0,2021-09-22,1002.441207399474,996.6562568842967,5.784950515177343,2.350616315844545,JINDALPOLY.NS,2023-07-31 18:04:48.957222
460,2021-09-21 00:00:00+05:30,994.5837702232403,1006.8435616007384,977.807156200865,998.7530517578125,69985,0.0,0.0,2021-09-21,1002.5240125978158,996.2298951303529,6.294117467462911,1.492032766011345,JINDALPOLY.NS,2023-07-31 18:04:48.957222
461,2021-09-20 00:00:00+05:30,1024.4639086157329,1039.1061980072852,987.7340979386184,994.7822265625,120994,0.0,0.0,2021-09-20,1003.2096418414528,996.0280426001561,7.181599241296681,0.29151159064845333,JINDALPOLY.NS,2023-07-31 18:04:48.957222
462,2021-09-17 00:00:00+05:30,1028.3849942208396,1050.075532964076,996.7179782439079,1034.688720703125,150951,0.0,0.0,2021-09-17,1004.7418991648988,996.1277078831687,8.614191281730086,-1.4310103220136037,JINDALPOLY.NS,2023-07-31 18:04:48.957222
463,2021-09-16 00:00:00+05:30,1040.3470600028886,1056.1309757024535,1015.7777949885075,1020.2449340820312,95284,0.0,0.0,2021-09-16,999.297022521585,993.0428268575722,6.254195664012741,-3.942310722949526,JINDALPOLY.NS,2023-07-31 18:04:48.957222
464,2021-09-15 00:00:00+05:30,1071.8155238259608,1076.6797661818282,1029.774805738133,1039.75146484375,166599,0.0,0.0,2021-09-15,995.4883113287765,990.8666582796155,4.621653049160955,-6.4914373196900925,JINDALPOLY.NS,2023-07-31 18:04:48.957222
465,2021-09-14 00:00:00+05:30,1005.6027110390886,1081.4943972752617,998.6538275472094,1064.32080078125,678596,0.0,0.0,2021-09-14,987.440465235145,986.9558737544849,0.4845914806601286,-9.269709911902854,JINDALPOLY.NS,2023-07-31 18:04:48.957222
466,2021-09-13 00:00:00+05:30,990.6130309415933,1004.6100438784247,973.78679328641,996.4202880859375,118126,0.0,0.0,2021-09-13,973.4622224085805,980.7666795923436,-7.304457183763134,-11.708285260043601,JINDALPOLY.NS,2023-07-31 18:04:48.957222
467,2021-09-09 00:00:00+05:30,975.8217584596049,1000.5895761457227,969.8655727518149,985.0042114257812,95236,0.0,0.0,2021-09-09,969.2880286490611,979.5143909128561,-10.226362263795068,-12.809242279113716,JINDALPOLY.NS,2023-07-31 18:04:48.957222
468,2021-09-08 00:00:00+05:30,966.291956154756,981.7780158905525,955.4715270926763,973.4393310546875,101723,0.0,0.0,2021-09-08,966.4305408714755,979.0752052718221,-12.644664400346642,-13.454962282943377,JINDALPOLY.NS,2023-07-31 18:04:48.957222
469,2021-09-07 00:00:00+05:30,961.0802384373438,972.843681162558,956.215995795749,959.343017578125,46071,0.0,0.0,2021-09-07,965.1562153836188,979.5260752091929,-14.369859825574054,-13.65753675359256,JINDALPOLY.NS,2023-07-31 18:04:48.957222
470,2021-09-06 00:00:00+05:30,962.8174416762996,971.8509657431355,956.2656010591903,960.1371459960938,48013,0.0,0.0,2021-09-06,966.2131604391631,981.1407198196783,-14.927559380515277,-13.479455985597186,JINDALPOLY.NS,2023-07-31 18:04:48.957222
471,2021-09-03 00:00:00+05:30,972.2480969722726,980.6363435942584,952.9897384388713,956.1167602539062,89814,0.0,0.0,2021-09-03,967.3178903379029,982.8210057255651,-15.503115387662206,-13.117430136867663,JINDALPOLY.NS,2023-07-31 18:04:48.957222
472,2021-09-02 00:00:00+05:30,951.0043571893938,977.8568167437081,951.0043571893938,969.3196411132812,64955,0.0,0.0,2021-09-02,969.3544594440841,984.9573453632979,-15.602885919213804,-12.521008824169026,JINDALPOLY.NS,2023-07-31 18:04:48.957222
473,2021-09-01 00:00:00+05:30,975.7225806215246,980.9838662438348,945.9416500166083,957.0101928710938,108628,0.0,0.0,2021-09-01,969.3607900496846,986.2083617032993,-16.847571653614636,-11.750539550407831,JINDALPOLY.NS,2023-07-31 18:04:48.957222
474,2021-08-31 00:00:00+05:30,981.4801299618507,987.6348672042812,962.9166727102673,969.1210327148438,86759,0.0,0.0,2021-08-31,971.6063531730647,988.5442152098757,-16.937862036810998,-10.47628152460613,JINDALPOLY.NS,2023-07-31 18:04:48.957222
475,2021-08-30 00:00:00+05:30,952.6919677285518,991.2086252758616,946.2394328619588,974.2831420898438,256643,0.0,0.0,2021-08-30,972.0582296200139,990.0980698094783,-18.03984018946437,-8.860886396554912,JINDALPOLY.NS,2023-07-31 18:04:48.957222
476,2021-08-27 00:00:00+05:30,949.0189177202677,977.7575257251896,931.696332261144,943.6087036132812,155633,0.0,0.0,2021-08-27,971.6537000800448,991.3632640270491,-19.709563947004312,-6.566147948327547,JINDALPOLY.NS,2023-07-31 18:04:48.957222
477,2021-08-26 00:00:00+05:30,944.0554245317286,952.5925997186315,934.1284484588398,938.2977905273438,53034,0.0,0.0,2021-08-26,976.7527903467291,995.1836288601505,-18.430838513421463,-3.2802939486583558,JINDALPOLY.NS,2023-07-31 18:04:48.957222
478,2021-08-25 00:00:00+05:30,938.4467016827498,957.4072632017528,934.0788683648294,944.6510620117188,90578,0.0,0.0,2021-08-25,983.7446084957082,999.734495926775,-15.98988743106679,0.5073421925324211,JINDALPOLY.NS,2023-07-31 18:04:48.957222
479,2021-08-24 00:00:00+05:30,883.5009266998346,942.9635413955278,883.5009266998346,930.0584716796875,157185,0.0,0.0,2021-08-24,990.8525260382518,1004.1411706399795,-13.288644601727697,4.631649598432224,JINDALPOLY.NS,2023-07-31 18:04:48.957222
480,2021-08-23 00:00:00+05:30,959.0451549912011,984.756047814064,883.9476157227633,895.7606811523438,288443,0.0,0.0,2021-08-23,1001.9059904670817,1010.0677865568028,-8.161796089721179,9.111723148472203,JINDALPOLY.NS,2023-07-31 18:04:48.957222
481,2021-08-20 00:00:00+05:30,933.1357471321004,995.328276216633,933.1357471321004,957.903564453125,138122,0.0,0.0,2021-08-20,1021.2051376152158,1019.2123549891596,1.9927826260561687,13.430102958020548,JINDALPOLY.NS,2023-07-31 18:04:48.957222
482,2021-08-18 00:00:00+05:30,1007.5880967944881,1012.4523394285884,978.8494882212273,987.1385498046875,118504,0.0,0.0,2021-08-18,1032.7145145537777,1024.1170582320424,8.597456321735308,16.28943304101164,JINDALPOLY.NS,2023-07-31 18:04:48.957222
483,2021-08-17 00:00:00+05:30,1028.6829419811304,1032.5544870600747,993.8889013931702,1000.09326171875,188783,0.0,0.0,2021-08-17,1041.0010535990668,1027.0753389062309,13.925714692835982,18.212427220830723,JINDALPOLY.NS,2023-07-31 18:04:48.957222
484,2021-08-16 00:00:00+05:30,1090.9746943150178,1111.7220989977368,1017.5150697660539,1023.3223266601562,336611,0.0,0.0,2021-08-16,1048.4388339409427,1029.2339050812293,19.20492885971339,19.284105352829407,JINDALPOLY.NS,2023-07-31 18:04:48.957222
485,2021-08-13 00:00:00+05:30,1086.0111631550235,1101.844641239515,1064.7674104992082,1077.9703369140625,240105,0.0,0.0,2021-08-13,1053.0054716283585,1029.7068313549153,23.298640273443198,19.30389947610841,JINDALPOLY.NS,2023-07-31 18:04:48.957222
486,2021-08-12 00:00:00+05:30,1033.3981913752111,1090.9746516055304,1023.024550029414,1083.479736328125,368872,0.0,0.0,2021-08-12,1048.466405212776,1025.8457509101834,22.620654302592584,18.30521427677471,JINDALPOLY.NS,2023-07-31 18:04:48.957222
487,2021-08-11 00:00:00+05:30,1001.1356247498716,1052.160310475138,935.1212280757353,1028.583740234375,779137,0.0,0.0,2021-08-11,1042.1003450099852,1021.235032076748,20.865312933237192,17.22635427032024,JINDALPOLY.NS,2023-07-31 18:04:48.957222
488,2021-08-10 00:00:00+05:30,1131.6752393195136,1140.0139232134381,920.2306551308676,1000.6887817382812,786662,0.0,0.0,2021-08-10,1044.5579095146416,1020.6471354241378,23.910774090503764,16.316614604591,JINDALPOLY.NS,2023-07-31 18:04:48.957222
489,2021-08-09 00:00:00+05:30,1112.3673787186328,1160.2650394070636,1104.3264309656336,1131.37744140625,368121,0.0,0.0,2021-08-09,1052.5341145648888,1022.2438037190063,30.29031084588246,14.418074733112807,JINDALPOLY.NS,2023-07-31 18:04:48.957222
490,2021-08-06 00:00:00+05:30,1111.7220319145915,1136.638716664201,1097.9235114677783,1112.3673095703125,314055,0.0,0.0,2021-08-06,1038.198964230096,1013.5131127040269,24.685851526069087,10.450015704920393,JINDALPOLY.NS,2023-07-31 18:04:48.957222
491,2021-08-05 00:00:00+05:30,1076.6798211097796,1122.741015199917,1037.5179482288793,1109.4388427734375,500574,0.0,0.0,2021-08-05,1024.7138105318747,1005.604776954724,19.10903357715074,6.891056749633217,JINDALPOLY.NS,2023-07-31 18:04:48.957222
492,2021-08-04 00:00:00+05:30,1067.1499125156174,1104.7234921763163,1053.4506372601338,1066.7032470703125,451063,0.0,0.0,2021-08-04,1009.309259215227,997.298051689227,12.011207526000021,3.8365625427538355,JINDALPOLY.NS,2023-07-31 18:04:48.957222
493,2021-08-03 00:00:00+05:30,999.2991589124704,1086.1602072253995,987.7342065298797,1061.7398681640625,637614,0.0,0.0,2021-08-03,998.8739886961206,991.7456360587402,7.128352637380431,1.7929012969422882,JINDALPOLY.NS,2023-07-31 18:04:48.957222
494,2021-08-02 00:00:00+05:30,1004.5603599384743,1036.3763062648245,985.7983508478986,990.8611450195312,169592,0.0,0.0,2021-08-02,987.4438287928584,986.1460974903143,1.2977313025440935,0.4590384618327526,JINDALPOLY.NS,2023-07-31 18:04:48.957222
495,2021-07-30 00:00:00+05:30,987.7341403682606,1002.3268076252606,982.820274989241,995.6260986328125,81893,0.0,0.0,2021-07-30,986.8224985698271,985.768893687977,1.0536048818501058,0.24936525165491732,JINDALPOLY.NS,2023-07-31 18:04:48.957222
496,2021-07-29 00:00:00+05:30,992.2508917213588,1002.1282451360338,978.30350230962,987.7837524414062,89498,0.0,0.0,2021-07-29,985.2218440129207,984.98031729239,0.24152672053060087,0.048305344106120175,JINDALPOLY.NS,2023-07-31 18:04:48.957222
497,2021-07-28 00:00:00+05:30,1023.4712497957291,1026.995374830605,972.8436709988501,984.7560424804688,187391,0.0,0.0,2021-07-28,984.7560424804688,984.7560424804688,0.0,0.0,JINDALPOLY.NS,2023-07-31 18:04:48.957222
