<<<<<<< Updated upstream
Trading Day,Date,Open,High,Low,Close,Volume,Dividends,Stock Splits,date_only,Close_ema_12,Close_ema_26,rsi,ADX,Close_ema_20,sma_20,Close_ema_5,macd,macd_ema_9,RollingMean,RollingStd,UpperBand1,LowerBand1,UpperBand2,LowerBand2,symbol,created_on
1,2023-08-21 00:00:00+05:30,1638.949951171875,1759.0,1638.949951171875,1731.0,1997,0.0,0.0,2023-08-21,1538.4962547364125,1479.7829186918511,75.32413317841662,37.92343870327417,1499.127099762401,1456.9224914550782,1622.2380011707312,58.7133360445614,28.32577383263665,1456.9224914550782,108.85227948919669,1565.774770944275,1348.0702119658815,1674.6270504334716,1239.2179324766848,SHAILY.BO,2023-08-21 12:17:32.222961
2,2023-08-18 00:00:00+05:30,1633.050048828125,1649.0,1587.800048828125,1615.300048828125,1093,0.0,0.0,2023-08-18,1503.4955737793966,1459.6855521871994,68.60200539229784,35.68122596825002,1474.71942605318,1444.1799926757812,1567.8570017560965,43.810021592197245,20.72888327965546,1444.1799926757812,87.99860886477539,1532.1786015405567,1356.1813838110058,1620.177210405332,1268.1827749462304,SHAILY.BO,2023-08-21 12:17:32.222961
3,2023-08-17 00:00:00+05:30,1648.949951171875,1648.949951171875,1579.949951171875,1629.199951171875,1386,0.0,0.0,2023-08-17,1483.1674874069008,1447.2363924559254,70.75216570967495,33.90279783181161,1459.9214657610805,1438.4224914550782,1544.135478220082,35.93109495097542,14.95859870152001,1438.4224914550782,79.57748375992244,1517.9999752150006,1358.8450076951558,1597.577458974923,1279.2675239352334,SHAILY.BO,2023-08-21 12:17:32.222961
4,2023-08-16 00:00:00+05:30,1550.0,1590.800048828125,1550.0,1565.449951171875,373,0.0,0.0,2023-08-16,1456.6161303587237,1432.6793077586494,66.24680430946823,31.987903907167954,1442.102677823102,1431.0324951171874,1501.6032417441852,23.936822600074265,9.715474639156156,1431.0324951171874,66.75868987212918,1497.7911849893167,1364.2738052450582,1564.5498748614457,1297.5151153729291,SHAILY.BO,2023-08-21 12:17:32.222961
5,2023-08-14 00:00:00+05:30,1482.800048828125,1548.0,1470.0,1532.1500244140625,2620,0.0,0.0,2023-08-14,1436.8281629381506,1422.0576562855915,63.52124735894031,30.335592464386334,1429.118754312705,1428.2224975585937,1469.6798870303403,14.770506652559106,6.160137648926629,1428.2224975585937,61.80177763058797,1490.0242751891817,1366.4207199280056,1551.8260528197695,1304.6189422974178,SHAILY.BO,2023-08-21 12:17:32.222961
6,2023-08-11 00:00:00+05:30,1465.050048828125,1491.050048828125,1448.5999755859375,1481.949951171875,148,0.0,0.0,2023-08-11,1419.4969153970758,1413.2502668353138,58.87236084608766,28.903216612199678,1418.2733574599306,1426.3699951171875,1438.444818338479,6.246648561761958,4.007545398018508,1426.3699951171875,59.0150585469985,1485.385053664186,1367.354936570189,1544.4001122111845,1308.3398780231905,SHAILY.BO,2023-08-21 12:17:32.222961
7,2023-08-10 00:00:00+05:30,1505.050048828125,1505.050048828125,1447.0,1452.8499755859375,736,0.0,0.0,2023-08-10,1408.141817983476,1407.7542920883889,55.8432837840535,27.895029243063078,1411.570558121831,1426.625,1416.692251921781,0.3875258950870375,3.4477696070826456,1426.625,59.27829212342126,1485.9032921234214,1367.3467078765786,1545.1815842468425,1308.0684157531575,SHAILY.BO,2023-08-21 12:17:32.222961
8,2023-08-09 00:00:00+05:30,1437.050048828125,1546.5,1437.050048828125,1488.75,3235,0.0,0.0,2023-08-09,1400.0130620557557,1404.146637408585,60.988987049306175,26.80928899937751,1407.225356283504,1428.7049987792968,1398.6133900897025,-4.133575352829439,4.212830535081547,1428.7049987792968,60.953109321350844,1489.6581081006477,1367.751889457946,1550.6112174219986,1306.798780136595,SHAILY.BO,2023-08-21 12:17:32.222961
9,2023-08-08 00:00:00+05:30,1357.9000244140625,1359.75,1328.199951171875,1346.0,141,0.0,0.0,2023-08-08,1383.8790733386202,1397.378368401272,40.87192783846922,25.64003027540844,1398.6438148396624,1429.6924987792968,1353.5450851345536,-13.499295062651754,6.299432007059294,1429.6924987792968,62.12580026217101,1491.8182990414678,1367.5666985171258,1553.9440993036387,1305.4408982549548,SHAILY.BO,2023-08-21 12:17:32.222961
10,2023-08-07 00:00:00+05:30,1380.050048828125,1382.3499755859375,1331.75,1340.0999755859375,248,0.0,0.0,2023-08-07,1390.7661775820056,1401.4886378733736,39.6780949834994,26.86097609363101,1404.185269033311,1443.695001220703,1357.3176277018301,-10.722460291367952,11.249113774487055,1443.695001220703,72.89615458882233,1516.5911558095254,1370.7988466318807,1589.4873103983477,1297.9026920430583,SHAILY.BO,2023-08-21 12:17:32.222961
11,2023-08-04 00:00:00+05:30,1354.5999755859375,1362.699951171875,1339.1500244140625,1345.300048828125,187,0.0,0.0,2023-08-04,1399.9782143085636,1406.3997308563685,40.34475364182902,28.09215173300654,1410.9310893961924,1458.7650024414063,1365.9264537597762,-6.421516547804913,16.742007290950806,1458.7650024414063,81.05096745839118,1539.8159698997974,1377.7140349830152,1620.8669373581886,1296.663067524624,SHAILY.BO,2023-08-21 12:17:32.222961
12,2023-08-03 00:00:00+05:30,1429.0,1429.0,1330.0,1353.449951171875,292,0.0,0.0,2023-08-03,1409.9196989413706,1411.2877054186279,41.356009187063684,29.786110781195102,1417.8396199823048,1472.507501220703,1376.2396562256017,-1.3680064772572678,22.532888250639733,1472.507501220703,84.04561147550966,1556.5531126962128,1388.4618897451933,1640.5987241717223,1304.4162782696837,SHAILY.BO,2023-08-21 12:17:32.222961
13,2023-07-28 00:00:00+05:30,1374.949951171875,1376.9000244140625,1342.0,1345.199951171875,317,0.0,0.0,2023-07-28,1420.1869258085517,1415.9147257583681,39.940985511932645,31.610374371552016,1424.6174798570871,1479.6500061035156,1387.634508752465,4.272200050183528,28.50811193261398,1479.6500061035156,79.3329787851435,1558.982984888659,1400.317027318372,1638.3159636738026,1320.9840485332286,SHAILY.BO,2023-08-21 12:17:32.222961
14,2023-07-26 00:00:00+05:30,1409.8499755859375,1411.1500244140625,1383.300048828125,1391.25,2367,0.0,0.0,2023-07-26,1433.8209211970384,1421.5719077252875,45.65016269522187,33.49824403577219,1432.9772197186885,1487.185009765625,1408.8517875427601,12.249013471750914,34.56708990322159,1487.185009765625,72.77666961174644,1559.9616793773714,1414.4083401538785,1632.7383489891179,1341.631670542132,SHAILY.BO,2023-08-21 12:17:32.222961
15,2023-07-24 00:00:00+05:30,1405.0,1426.0999755859375,1366.25,1400.699951171875,406,0.0,0.0,2023-07-24,1441.5610886874092,1423.9976603433106,46.928389394685986,35.798203123048914,1437.3695586364452,1485.7425109863282,1417.6526813141402,17.56342834409861,40.14660901108926,1485.7425109863282,75.0293204342431,1560.7718314205713,1410.713190552085,1635.8011518548144,1335.683870117842,SHAILY.BO,2023-08-21 12:17:32.222961
16,2023-07-21 00:00:00+05:30,1389.949951171875,1420.25,1383.0,1411.6500244140625,217,0.0,0.0,2023-07-21,1448.9903864175062,1425.8614770770255,48.38614321749089,38.275082140116155,1441.2295173169264,1483.2250122070313,1426.1290463852727,23.12890934048073,45.79240417783692,1483.2250122070313,78.78375641821839,1562.0087686252498,1404.441255788813,1640.7925250434682,1325.6574993705945,SHAILY.BO,2023-08-21 12:17:32.222961
17,2023-07-20 00:00:00+05:30,1432.449951171875,1432.449951171875,1370.0,1395.800048828125,340,0.0,0.0,2023-07-20,1455.7795431454051,1426.9983932900627,46.13725706869084,40.60924136648593,1444.3431481488067,1477.7925109863281,1433.3685573708776,28.78114985534239,51.45827788717597,1477.7925109863281,87.26805649055646,1565.0605674768847,1390.5244544957716,1652.328623967441,1303.2563980052153,SHAILY.BO,2023-08-21 12:17:32.222961
18,2023-07-19 00:00:00+05:30,1499.0,1499.0,1352.0,1430.8499755859375,682,0.0,0.0,2023-07-19,1466.684905748547,1429.4942608470178,50.67074563385292,43.12295130257646,1449.4529480772994,1474.092510986328,1452.1528116422537,37.19064490152914,57.12755989513436,1474.092510986328,92.3482095653397,1566.4407205516677,1381.7443014209884,1658.7889301170076,1289.3960918556486,SHAILY.BO,2023-08-21 12:17:32.222961
19,2023-07-17 00:00:00+05:30,1445.0,1460.699951171875,1412.5,1434.0,531,0.0,0.0,2023-07-17,1473.2003475962943,1429.3858036679044,51.08968563705686,45.83002354144319,1451.411155707969,1470.0125122070312,1462.8042296704116,43.81454392838987,62.11178864353567,1470.0125122070312,96.08615987454344,1566.0986720815747,1373.9263523324878,1662.1848319561182,1277.8401924579443,SHAILY.BO,2023-08-21 12:17:32.222961
20,2023-07-14 00:00:00+05:30,1550.0,1550.0,1397.300048828125,1447.5,485,0.0,0.0,2023-07-14,1480.3276835228933,1429.0166679613367,52.82787136475955,47.6031776559232,1453.243908940387,1464.6375122070312,1477.2063445056174,51.31101556155659,66.68609982232212,1464.6375122070312,101.08349334084949,1565.7210055478808,1363.5540188661817,1666.8044988887302,1262.4705255253323,SHAILY.BO,2023-08-21 12:17:32.222961
21,2023-07-10 00:00:00+05:30,1500.1500244140625,1510.0,1474.300048828125,1476.1500244140625,122,0.0,0.0,2023-07-10,1486.2963532543286,1427.5380013982438,56.624269354967176,49.512728240747826,1453.848530934112,1457.110009765625,1492.059516758426,58.7583518560848,70.52987088751351,1457.110009765625,107.8087336162782,1564.9187433819031,1349.3012761493467,1672.7274769981814,1241.4925425330684,SHAILY.BO,2023-08-21 12:17:32.222961
22,2023-07-07 00:00:00+05:30,1490.5,1500.1500244140625,1452.0999755859375,1500.1500244140625,180,0.0,0.0,2023-07-07,1488.1411403161949,1423.6490395569783,59.97697244381792,49.889801894157664,1451.5010053046435,1447.7450073242187,1500.0142629306079,64.49210075921656,73.4727506453707,1447.7450073242187,114.02367929623279,1561.7686866204515,1333.721328027986,1675.7923659166843,1219.6976487317531,SHAILY.BO,2023-08-21 12:17:32.222961
23,2023-06-30 00:00:00+05:30,1524.9000244140625,1527.0,1465.25,1481.4000244140625,532,0.0,0.0,2023-06-30,1485.9577068438552,1417.5289607684115,58.180689706361655,50.387815457963974,1446.3800559247047,1437.5950073242188,1499.9463821888805,68.42874607544377,75.71791311690922,1437.5950073242188,118.0764031032619,1555.6714104274806,1319.518604220957,1673.7478135307426,1201.442201117695,SHAILY.BO,2023-08-21 12:17:32.222961
24,2023-06-28 00:00:00+05:30,1508.0999755859375,1520.6500244140625,1480.5,1509.25,220,0.0,0.0,2023-06-28,1486.786376376545,1412.4192756767593,62.019835570137786,50.62093707491123,1442.6937434521408,1428.5725036621093,1509.2195610762894,74.36710069978562,77.54020487727558,1428.5725036621093,121.40050785211037,1549.9730115142197,1307.1719958099989,1671.3735193663301,1185.7714879578884,SHAILY.BO,2023-08-21 12:17:32.222961
25,2023-06-27 00:00:00+05:30,1501.050048828125,1501.6500244140625,1480.800048828125,1495.0999755859375,218,0.0,0.0,2023-06-27,1482.7020811722805,1404.6728177309,60.79945753764988,50.52628165989653,1435.687821710261,1416.9600036621093,1509.204341614434,78.02926344138041,78.33348092164806,1416.9600036621093,124.34924187742264,1541.309245539532,1292.6107617846867,1665.6584874169546,1168.261519907264,SHAILY.BO,2023-08-21 12:17:32.222961
26,2023-06-26 00:00:00+05:30,1545.949951171875,1545.949951171875,1479.0,1487.050048828125,1485,0.0,0.0,2023-06-26,1480.4479185516157,1397.438645102497,60.12256533686951,50.55980868817434,1429.4339107759793,1407.0150024414063,1516.2565246286822,83.00927344911861,78.40953529171497,1407.0150024414063,125.71710498573607,1532.7321074271424,1281.2978974556702,1658.4492124128785,1155.580792469934,SHAILY.BO,2023-08-21 12:17:32.222961
27,2023-06-23 00:00:00+05:30,1496.25,1529.9000244140625,1480.0,1494.449951171875,622,0.0,0.0,2023-06-23,1479.247531228614,1390.269732804447,61.021990343586005,50.59591471862737,1423.3690541389112,1397.0575012207032,1530.8597625289608,88.97779842416708,77.25960075236407,1397.0575012207032,126.9253307145627,1523.982831935266,1270.1321705061405,1650.9081626498287,1143.2068397915777,SHAILY.BO,2023-08-21 12:17:32.222961
28,2023-06-22 00:00:00+05:30,1600.5999755859375,1613.9000244140625,1486.0,1508.5,1045,0.0,0.0,2023-06-22,1476.4834548752938,1381.9353153350528,62.67502473930492,50.73987326824128,1415.8868544512306,1387.882501220703,1549.0646682075035,94.54813954024098,74.3300513344133,1387.882501220703,126.1445203622335,1514.0270215829364,1261.7379808584697,1640.17154194517,1135.593460496236,SHAILY.BO,2023-08-21 12:17:32.222961
29,2023-06-21 00:00:00+05:30,1663.300048828125,1663.300048828125,1603.550048828125,1626.050048828125,141,0.0,0.0,2023-06-21,1470.66226485262,1371.8101405618572,79.38109154498024,50.78517241021831,1406.1381022882022,1376.979998779297,1569.3470023112552,98.85212429076273,69.27552928295637,1376.979998779297,124.58427499371595,1501.564273773013,1252.395723785581,1626.1485487667287,1127.8114487918651,SHAILY.BO,2023-08-21 12:17:32.222961
30,2023-06-20 00:00:00+05:30,1556.050048828125,1694.800048828125,1556.050048828125,1641.5,437,0.0,0.0,2023-06-20,1442.4099404934373,1351.4709479005558,82.05029077635638,48.39248630711629,1382.9894763366315,1360.3999938964844,1540.9954790528202,90.9389925928815,61.881380531004766,1360.3999938964844,111.01943348776999,1471.4194273842543,1249.3805604087145,1582.4388608720244,1138.3611269209443,SHAILY.BO,2023-08-21 12:17:32.222961
31,2023-06-19 00:00:00+05:30,1490.1500244140625,1769.199951171875,1452.300048828125,1620.1500244140625,9502,0.0,0.0,2023-06-19,1406.2117478558803,1328.2686237326002,81.24089535572585,45.81574742685258,1355.7778422668032,1345.3299926757813,1490.7432185792302,77.94312412328009,54.616977515535574,1345.3299926757813,89.15797812491513,1434.4879708006965,1256.1720145508662,1523.6459489256117,1167.014036425951,SHAILY.BO,2023-08-21 12:17:32.222961
32,2023-06-16 00:00:00+05:30,1493.550048828125,1499.25,1458.0,1496.300048828125,135,0.0,0.0,2023-06-16,1367.3138793907563,1304.9181116780833,75.22261815644491,43.04079786349166,1327.94919151446,1327.6374938964843,1426.039815661814,62.39576771267298,48.78544086359945,1327.6374938964843,63.03422133294321,1390.6717152294275,1264.6032725635412,1453.7059365623707,1201.569051230598,SHAILY.BO,2023-08-21 12:17:32.222961
33,2023-06-15 00:00:00+05:30,1400.0,1577.949951171875,1394.800048828125,1495.9000244140625,4398,0.0,0.0,2023-06-15,1343.8618485839618,1289.6075567060798,75.19875582650232,40.93804639494445,1310.2280486393374,1311.4674926757812,1390.9096990786584,54.254291877882,45.38285915133106,1311.4674926757812,58.83079946948772,1370.298292145269,1252.6366932062933,1429.1290916147566,1193.8058937368057,SHAILY.BO,2023-08-21 12:17:32.222961
34,2023-06-14 00:00:00+05:30,1351.050048828125,1390.0,1351.0,1362.4000244140625,242,0.0,0.0,2023-06-14,1316.2185438875797,1273.104159289441,64.64715363202674,38.673544813432066,1290.6836301367348,1297.157489013672,1338.4145364109563,43.11438459813871,43.165000969693324,1297.157489013672,44.724858272452046,1341.882347286124,1252.4326307412198,1386.607205558576,1207.7077724687679,SHAILY.BO,2023-08-21 12:17:32.222961
35,2023-06-13 00:00:00+05:30,1320.6500244140625,1353.199951171875,1289.6500244140625,1350.3499755859375,527,0.0,0.0,2023-06-13,1307.821911064583,1265.9604900794711,63.33990053866807,37.64138219119388,1283.1345360022792,1288.969989013672,1326.4217924094032,41.86142098511186,43.17765506258198,1288.969989013672,47.079090807356685,1336.0490798210285,1241.8908982063153,1383.1281706283853,1194.8118073989585,SHAILY.BO,2023-08-21 12:17:32.222961
36,2023-06-12 00:00:00+05:30,1329.449951171875,1334.5,1295.0,1303.0,306,0.0,0.0,2023-06-12,1300.0895356970639,1259.2093312389536,57.62219168127462,36.99566847723443,1276.0592265724206,1279.3499877929687,1314.4577008211359,40.880204458110256,43.5067135819495,1279.3499877929687,53.14341773789652,1332.4934055308652,1226.2065700550722,1385.6368232687616,1173.0631523171758,SHAILY.BO,2023-08-21 12:17:32.222961
37,2023-06-09 00:00:00+05:30,1367.699951171875,1385.0,1319.199951171875,1321.800048828125,293,0.0,0.0,2023-06-09,1299.560360369257,1255.70607773807,61.13772188216666,36.56358650095114,1273.223355685307,1274.202490234375,1320.1865512317036,43.85428263118706,44.16334086290931,1274.202490234375,55.65847774293141,1329.8609679773065,1218.5440124914437,1385.5194457202379,1162.8855347485123,SHAILY.BO,2023-08-21 12:17:32.222961
38,2023-06-08 00:00:00+05:30,1316.699951171875,1385.0,1316.699951171875,1349.25,1429,0.0,0.0,2023-06-08,1295.5167806494628,1250.4185600508654,66.65096741087072,35.1931033336719,1268.1100195650104,1268.5124877929688,1319.3798024334926,45.098220598597436,44.24060542083987,1268.5124877929688,56.34908878076592,1324.8615765737347,1212.163399012203,1381.2106653545006,1155.814310231437,SHAILY.BO,2023-08-21 12:17:32.222961
39,2023-06-07 00:00:00+05:30,1296.949951171875,1351.3499755859375,1273.5999755859375,1326.5,226,0.0,0.0,2023-06-07,1285.7471044039105,1242.5120448549346,64.16398840451271,33.71719838429426,1259.568968992906,1261.1674865722657,1304.4447036502388,43.23505954897587,44.02620162640048,1261.1674865722657,54.82466195328734,1315.9921485255531,1206.3428246189783,1370.8168104788404,1151.518162665691,SHAILY.BO,2023-08-21 12:17:32.222961
40,2023-06-06 00:00:00+05:30,1315.4000244140625,1319.949951171875,1283.0999755859375,1296.949951171875,329,0.0,0.0,2023-06-06,1278.3374870228033,1235.7930084433292,60.62211829864066,32.51303389754551,1252.5235973079489,1253.4399841308593,1293.4170554753582,42.54447857947412,44.223987145756624,1253.4399841308593,56.01046567620824,1309.4504498070676,1197.429518454651,1365.4609154832758,1141.4190527784428,SHAILY.BO,2023-08-21 12:17:32.222961
41,2023-06-05 00:00:00+05:30,1297.199951171875,1311.449951171875,1260.050048828125,1288.8499755859375,164,0.0,0.0,2023-06-05,1274.953402632063,1230.9004530250456,59.60593183439302,31.625671942629157,1247.8471390064828,1247.8899841308594,1291.6506076270996,44.052949607017354,44.64386428732725,1247.8899841308594,56.963520347371514,1304.853504478231,1190.9264637834879,1361.8170248256024,1133.9629434361163,SHAILY.BO,2023-08-21 12:17:32.222961
42,2023-06-02 00:00:00+05:30,1296.8499755859375,1319.050048828125,1275.300048828125,1297.1500244140625,243,0.0,0.0,2023-06-02,1272.4267530040859,1226.2644912201742,61.10636231015138,30.786874541153118,1243.5310509454878,1242.9474853515626,1293.0509236476805,46.16226178391162,44.791592957404724,1242.9474853515626,57.50833982354519,1300.4558251751077,1185.4391455280174,1357.964164998653,1127.9308057044723,SHAILY.BO,2023-08-21 12:17:32.222961
43,2023-06-01 00:00:00+05:30,1289.3499755859375,1303.0,1280.0,1300.949951171875,69,0.0,0.0,2023-06-01,1267.9316127477266,1220.593648564663,61.76736971339183,29.364290128298627,1237.8869484751115,1236.8424865722657,1291.0013732644893,47.337964183063605,44.448925750777995,1236.8424865722657,57.93085728043422,1294.7733438526998,1178.9116292918316,1352.7042011331341,1120.9807720113972,SHAILY.BO,2023-08-21 12:17:32.222961
44,2023-05-31 00:00:00+05:30,1308.3499755859375,1308.3499755859375,1277.0,1277.0,129,0.0,0.0,2023-05-31,1261.9282784887907,1214.165144356086,59.18335847706765,28.02162412645301,1231.248737664926,1230.4949890136718,1286.0270843107962,47.763134132704636,43.72666614270659,1230.4949890136718,57.49018079808925,1287.9851698117611,1173.0048082155824,1345.4753506098502,1115.5146274174933,SHAILY.BO,2023-08-21 12:17:32.222961
45,2023-05-30 00:00:00+05:30,1282.949951171875,1311.449951171875,1273.199951171875,1296.199951171875,98,0.0,0.0,2023-05-30,1259.1879654867525,1209.138355904573,62.318736331792685,26.575676124465417,1226.4328153138656,1224.594989013672,1290.5406264661942,50.04960958217953,42.71754914520707,1224.594989013672,58.51221837448695,1283.107207388159,1166.082770639185,1341.6194257626457,1107.570552264698,SHAILY.BO,2023-08-21 12:17:32.222961
46,2023-05-26 00:00:00+05:30,1400.0,1400.0,1282.9000244140625,1287.9000244140625,261,0.0,0.0,2023-05-26,1252.458513544003,1202.1734282831887,61.50000168128646,25.018501353094166,1219.0889062761805,1215.2849914550782,1287.7109641133538,50.285085260814185,40.88453403596395,1215.2849914550782,61.267804756320984,1276.5527962113993,1154.017186698757,1337.82060096772,1092.7493819424362,SHAILY.BO,2023-08-21 12:17:32.222961
47,2023-05-25 00:00:00+05:30,1301.0,1311.0,1287.5,1310.949951171875,289,0.0,0.0,2023-05-25,1246.0146024767193,1195.3153005927188,65.15042401456526,23.06994197303077,1211.845630682719,1206.294989013672,1287.6164339629995,50.69930188400053,38.534396229751394,1206.294989013672,63.21243041931513,1269.507419432987,1143.082558594357,1332.7198498523023,1079.8701281750416,SHAILY.BO,2023-08-21 12:17:32.222961
48,2023-05-24 00:00:00+05:30,1317.3499755859375,1343.4000244140625,1281.0,1290.449951171875,407,0.0,0.0,2023-05-24,1234.2081754412366,1186.064528546386,63.3540697742861,21.95567677489126,1201.4135969470185,1192.0224914550781,1275.9496753585618,48.14364689485046,35.49316981618911,1192.0224914550781,70.18040626531769,1262.2028977203959,1121.8420851897604,1332.3833039857136,1051.6616789244426,SHAILY.BO,2023-08-21 12:17:32.222961
49,2023-05-23 00:00:00+05:30,1343.8499755859375,1346.0999755859375,1287.0,1294.449951171875,453,0.0,0.0,2023-05-23,1223.982398035666,1177.7136947363472,63.95133266377577,20.755698869202554,1192.0413491338759,1179.3999938964844,1268.6995374519051,46.26870329931876,32.33055054652377,1179.3999938964844,74.13675599618853,1253.536749892673,1105.2632379002957,1327.6735058888614,1031.1264819041073,SHAILY.BO,2023-08-21 12:17:32.222961
50,2023-05-22 00:00:00+05:30,1303.0999755859375,1410.0,1280.0999755859375,1340.0999755859375,2043,0.0,0.0,2023-05-22,1211.1701156472645,1168.374794221505,71.04953472155347,19.302506505590365,1181.2614962877706,1165.742495727539,1255.82433059192,42.79532142575954,28.846012358325016,1165.742495727539,76.93383600939767,1242.6763317369368,1088.8086597181414,1319.6101677463344,1011.8748237087437,SHAILY.BO,2023-08-21 12:17:32.222961
51,2023-05-19 00:00:00+05:30,1288.0,1318.0999755859375,1245.0,1266.300048828125,650,0.0,0.0,2023-05-19,1187.7283229311422,1154.6367797123503,65.26134664359934,17.737530114008006,1164.5416563616477,1149.0374969482423,1213.686508094911,33.09154321879191,25.35868509146638,1149.0374969482423,73.26716856950816,1222.3046655177504,1075.7703283787341,1295.5718340872586,1002.503159809226,SHAILY.BO,2023-08-21 12:17:32.222961
52,2023-05-17 00:00:00+05:30,1203.050048828125,1225.3499755859375,1165.5,1172.9000244140625,256,0.0,0.0,2023-05-17,1173.4425545862362,1145.7037181830885,54.592402492282915,17.218865885922053,1153.8302466283342,1136.2974945068358,1187.3797377283038,27.738836403147616,23.425470559634995,1136.2974945068358,73.95353646678092,1210.2510309736167,1062.343958040055,1284.2045674403976,988.390421573274,SHAILY.BO,2023-08-21 12:17:32.222961
53,2023-05-16 00:00:00+05:30,1198.75,1210.0,1183.75,1209.699951171875,131,0.0,0.0,2023-05-16,1173.5411964357222,1143.5280136846104,61.503097215270024,18.449941777931304,1151.8229015982574,1130.3174957275392,1194.6195943854243,30.0131827511118,22.347129098756838,1130.3174957275392,75.65399375428679,1205.971489481826,1054.6635019732523,1281.6254832361128,979.0095082189656,SHAILY.BO,2023-08-21 12:17:32.222961
54,2023-05-15 00:00:00+05:30,1232.3499755859375,1246.0,1162.4000244140625,1198.6500244140625,442,0.0,0.0,2023-05-15,1166.9668773927851,1138.2342586856291,60.0946169663096,19.31133645545239,1145.7305805905082,1124.1999969482422,1187.0794159921988,28.732618707156007,20.430615685668098,1124.1999969482422,73.82167930648205,1198.0216762547243,1050.37831764176,1271.8433555612064,976.5566383352781,SHAILY.BO,2023-08-21 12:17:32.222961
55,2023-05-12 00:00:00+05:30,1199.449951171875,1214.4000244140625,1120.300048828125,1157.949951171875,247,0.0,0.0,2023-05-12,1161.2063052070982,1133.4009974273545,54.38690632881943,20.238992262013564,1140.1601128196078,1116.784994506836,1181.294111781267,27.80530777974377,18.355114930296118,1116.784994506836,73.39673742153258,1190.1817319283687,1043.3882570853034,1263.5784693499013,969.9915196637709,SHAILY.BO,2023-08-21 12:17:32.222961
56,2023-05-11 00:00:00+05:30,1202.5,1230.050048828125,1172.050048828125,1200.050048828125,132,0.0,0.0,2023-05-11,1161.7983695771388,1131.437081127793,63.04874090253572,21.65625132045482,1138.2874982562112,1112.409994506836,1192.966192085963,30.36128844934592,15.992566717934205,1112.409994506836,73.42167695901341,1185.8316714658495,1038.9883175478226,1259.253348424863,965.5666405888092,SHAILY.BO,2023-08-21 12:17:32.222961
57,2023-05-10 00:00:00+05:30,1190.9000244140625,1216.050048828125,1159.449951171875,1208.0,362,0.0,0.0,2023-05-10,1154.8435188042324,1125.9480437117663,64.86005252995326,22.142941771542283,1131.7861771433782,1106.2674896240235,1189.4242637148818,28.895475092466086,12.400386285081275,1106.2674896240235,70.79565516236607,1177.0631447863896,1035.4718344616574,1247.8587999487556,964.6761792992913,SHAILY.BO,2023-08-21 12:17:32.222961
58,2023-05-09 00:00:00+05:30,1188.75,1236.1500244140625,1188.75,1202.3499755859375,373,0.0,0.0,2023-05-09,1145.1787040413656,1119.3838872087076,64.18096257969609,22.965859565841555,1123.76366947426,1100.3499908447266,1180.1363955723225,25.794816832657943,8.276614083235073,1100.3499908447266,66.67074307214628,1167.0207339168728,1033.6792477725803,1233.691476989019,967.0085047004341,SHAILY.BO,2023-08-21 12:17:32.222961
59,2023-05-08 00:00:00+05:30,1166.6500244140625,1215.5999755859375,1135.6500244140625,1171.949951171875,513,0.0,0.0,2023-05-08,1134.783927396898,1112.7466001385292,60.35290931449695,23.013000253502263,1115.4914267256622,1096.9874908447266,1169.0296055655149,22.037327258368805,3.897063395879354,1096.9874908447266,62.84157527647882,1159.8290661212054,1034.1459155682478,1222.6706413976842,971.304340291769,SHAILY.BO,2023-08-21 12:17:32.222961
60,2023-05-05 00:00:00+05:30,1175.0,1185.949951171875,1170.0,1185.949951171875,77,0.0,0.0,2023-05-05,1128.0264685287204,1108.0103320558615,63.243242842139615,23.47042772612199,1109.5484241523766,1094.892495727539,1167.5694327623348,20.01613647285899,-0.6380025697430085,1094.892495727539,60.878736358973725,1155.7712320865128,1034.0137593685652,1216.6499684454864,973.1350230095916,SHAILY.BO,2023-08-21 12:17:32.222961
61,2023-05-04 00:00:00+05:30,1175.050048828125,1193.1500244140625,1170.0,1190.0,55,0.0,0.0,2023-05-04,1117.4949262299651,1101.7751625265803,64.06743675673609,22.898961635050696,1101.5061581503242,1088.674996948242,1158.3791735575646,15.719763703384842,-5.801537330393508,1088.674996948242,57.33648427742542,1146.0114812256675,1031.3385126708167,1203.3479655030928,974.0020283933912,SHAILY.BO,2023-08-21 12:17:32.222961
62,2023-05-03 00:00:00+05:30,1200.0,1214.199951171875,1173.0,1175.050048828125,270,0.0,0.0,2023-05-03,1104.3121855445042,1094.7171755287068,62.38727312673157,22.283536613897,1092.19101690299,1080.5624969482421,1142.568760336347,9.59501001579747,-11.181862588838095,1080.5624969482421,53.602249580305575,1134.1647465285478,1026.9602473679365,1187.7669961088534,973.357997787631,SHAILY.BO,2023-08-21 12:17:32.222961
63,2023-05-02 00:00:00+05:30,1166.0,1180.800048828125,1141.4000244140625,1174.0,178,0.0,0.0,2023-05-02,1091.4507558565733,1088.2905456647534,62.27222275583913,21.53036730183865,1083.4690135424494,1072.579995727539,1126.3281160904578,3.1602101918199423,-16.376080739996986,1072.579995727539,50.59366815649516,1123.173663884034,1021.9863275710438,1173.7673320405293,971.3926594145487,SHAILY.BO,2023-08-21 12:17:32.222961
64,2023-04-28 00:00:00+05:30,1121.9000244140625,1162.300048828125,1119.800048828125,1159.0,501,0.0,0.0,2023-04-28,1076.4418023759504,1081.4337893179336,60.676633243157994,21.25385747321901,1073.939436020602,1066.1824981689454,1102.4921741356866,-4.991986941983214,-21.260153472951217,1066.1824981689454,44.85880023308037,1111.0412984020256,1021.323697935865,1155.9000986351061,976.4648977027846,SHAILY.BO,2023-08-21 12:17:32.222961
65,2023-04-27 00:00:00+05:30,1102.5999755859375,1117.550048828125,1070.3499755859375,1110.0,850,0.0,0.0,2023-04-27,1061.4312209897596,1075.2284924633682,54.889587886258994,21.276004088051465,1064.9856924438232,1059.987496948242,1074.2382612035299,-13.797271473608589,-25.327195105693214,1059.987496948242,39.61485697520416,1099.6023539234463,1020.372639973038,1139.2172108986504,980.7577829978338,SHAILY.BO,2023-08-21 12:17:32.222961
66,2023-04-26 00:00:00+05:30,1019.2999877929688,1121.949951171875,1002.4500122070312,1108.0999755859375,2836,0.0,0.0,2023-04-26,1052.6005338969885,1072.4467718604376,54.649282674031255,22.166495831385635,1060.247344280015,1056.7899993896485,1056.3573918052946,-19.846237963449084,-28.20967601371437,1056.7899993896485,37.90981205857028,1094.6998114482187,1018.8801873310782,1132.6096235067891,980.9703752725079,SHAILY.BO,2023-08-21 12:17:32.222961
67,2023-04-25 00:00:00+05:30,1041.0,1080.0,1010.0,1025.5,378,0.0,0.0,2023-04-25,1042.5097263171795,1069.5945155623976,42.22511700945421,23.125486939591664,1055.2102251951812,1052.4024993896485,1030.486099914973,-27.08478924521819,-30.300535526280687,1052.4024993896485,36.71804497472846,1089.1205443643769,1015.6844544149201,1125.8385893391055,978.9664094401916,SHAILY.BO,2023-08-21 12:17:32.222961
68,2023-04-24 00:00:00+05:30,1021.25,1040.949951171875,1020.2000122070312,1038.0,266,0.0,0.0,2023-04-24,1045.6024038293938,1073.1220768073895,43.91574724625446,24.74590837136436,1058.3376173209897,1050.9574981689452,1032.9791498724594,-27.519672977995697,-31.10447209654631,1050.9574981689452,38.36425030474297,1089.321748473688,1012.5932478642022,1127.6859987784312,974.2289975594592,SHAILY.BO,2023-08-21 12:17:32.222961
69,2023-04-21 00:00:00+05:30,1005.7999877929688,1028.949951171875,998.75,1021.2999877929688,337,0.0,0.0,2023-04-21,1046.9846590711018,1075.9318429519806,40.9844063629559,25.495146889164293,1060.4784191442518,1048.5874969482422,1030.468724808689,-28.94718388087881,-32.00067187618396,1048.5874969482422,40.605479268127155,1089.1929762163693,1007.9820176801151,1129.7984554844966,967.3765384119879,SHAILY.BO,2023-08-21 12:17:32.222961
70,2023-04-20 00:00:00+05:30,1020.5499877929688,1027.5,996.0499877929688,1006.0,131,0.0,0.0,2023-04-20,1051.6545993034897,1080.3023913647014,38.238183858342346,25.969791710500317,1064.60246454965,1046.1474975585938,1035.0530933165492,-28.647792061211703,-32.764043875010245,1046.1474975585938,43.68121424522738,1089.8287118038213,1002.4662833133665,1133.5099260490485,958.7850690681391,SHAILY.BO,2023-08-21 12:17:32.222961
71,2023-04-19 00:00:00+05:30,1052.300048828125,1057.800048828125,993.25,1011.5,306,0.0,0.0,2023-04-19,1059.9554355404878,1086.2465826738776,38.841509264548606,26.442108717853163,1070.7711450285606,1045.8924987792968,1049.5796399748235,-26.291147133389813,-33.79310682845988,1045.8924987792968,43.94202691526199,1089.8345256945588,1001.9504718640349,1133.7765526098208,958.0084449487729,SHAILY.BO,2023-08-21 12:17:32.222961
72,2023-04-18 00:00:00+05:30,1103.9000244140625,1110.75,1000.5999755859375,1053.300048828125,895,0.0,0.0,2023-04-18,1068.7655147296673,1092.2263092877877,43.70835685329976,26.95075780269469,1077.010212926304,1045.7574981689454,1068.6194599622352,-23.46079455812037,-35.66859675222739,1045.7574981689454,44.057246703460244,1089.8147448724058,1001.7002514654852,1133.8719915758659,957.6430047620249,SHAILY.BO,2023-08-21 12:17:32.222961
73,2023-04-17 00:00:00+05:30,1060.9000244140625,1110.75,1046.8499755859375,1087.3499755859375,105,0.0,0.0,2023-04-17,1071.5774176208567,1095.3404101245608,48.28468551871268,27.61473773014399,1079.5060196734805,1046.6724945068358,1076.2791655292901,-23.762992503704027,-38.72054730075414,1046.6724945068358,44.41074902918746,1091.0832435360232,1002.2617454776484,1135.4939925652106,957.8509964484609,SHAILY.BO,2023-08-21 12:17:32.222961
74,2023-04-13 00:00:00+05:30,1065.9000244140625,1117.0,1030.449951171875,1050.3499755859375,842,0.0,0.0,2023-04-13,1068.7096798090238,1095.9796448876507,42.17579531135728,29.107164928565957,1078.6803401037482,1047.2624969482422,1070.7437605009663,-27.26996507862691,-42.45993600001667,1047.2624969482422,45.0533307244355,1092.3158276726776,1002.2091662238067,1137.369158397113,957.1558354993712,SHAILY.BO,2023-08-21 12:17:32.222961
75,2023-04-12 00:00:00+05:30,1094.5,1105.5999755859375,1064.8499755859375,1070.449951171875,572,0.0,0.0,2023-04-12,1072.047807849585,1099.6300184317877,44.848171156591455,30.71439421917423,1081.6624837372021,1049.4100006103515,1080.9406529584805,-27.582210582202606,-46.25742873036411,1049.4100006103515,46.216844614969894,1095.6268452253214,1003.1931559953816,1141.8436898402913,956.9763113804117,SHAILY.BO,2023-08-21 12:17:32.222961
76,2023-04-11 00:00:00+05:30,1105.0,1135.0,1069.5,1077.199951171875,101,0.0,0.0,2023-04-11,1072.3383272455324,1101.9644238125807,45.752172359707735,33.05376934254971,1082.8427503230262,1051.8750030517579,1086.1860038517832,-29.626096567048307,-50.926233267404484,1051.8750030517579,48.64882161763386,1100.5238246693916,1003.226181434124,1149.1726462870256,954.5773598164901,SHAILY.BO,2023-08-21 12:17:32.222961
77,2023-04-10 00:00:00+05:30,1135.1500244140625,1158.6500244140625,1089.0,1089.6500244140625,163,0.0,0.0,2023-04-10,1071.454395622561,1103.9455816238371,47.388140466972374,35.53576708007002,1083.436729181042,1054.852505493164,1090.6790301917372,-32.49118600127622,-56.25126744249352,1054.852505493164,51.98813161361107,1106.8406371067751,1002.864373879553,1158.828768720386,950.8762422659419,SHAILY.BO,2023-08-21 12:17:32.222961
78,2023-04-06 00:00:00+05:30,1159.25,1236.4000244140625,1126.0,1135.0999755859375,1100,0.0,0.0,2023-04-06,1068.1460994786516,1105.0892262006191,53.92438286324028,37.86383972917924,1082.782698103882,1058.632504272461,1091.1935330805743,-36.943126721967474,-62.19128780279784,1058.632504272461,57.144103347182366,1115.7766076196433,1001.4884009252785,1172.9207109668257,944.3442975780962,SHAILY.BO,2023-08-21 12:17:32.222961
79,2023-04-05 00:00:00+05:30,1058.699951171875,1136.75,1058.25,1130.050048828125,339,0.0,0.0,2023-04-05,1055.9726674591452,1102.6883662497935,53.259221163529574,39.68241677424984,1077.2756162636656,1059.720004272461,1069.2403118278926,-46.715698790648275,-68.50332807300542,1059.720004272461,58.857216512708,1118.577220785169,1000.862787759753,1177.434437297877,942.0055712470449,SHAILY.BO,2023-08-21 12:17:32.222961
80,2023-04-03 00:00:00+05:30,1038.4000244140625,1084.0,1038.4000244140625,1061.5999755859375,13,0.0,0.0,2023-04-03,1042.5040526647851,1100.4994316435268,42.88067471656038,42.046777583611494,1071.7204128358278,1060.082504272461,1038.8354433277761,-57.995378978741655,-73.95023539359471,1060.082504272461,59.333573879917566,1119.4160781523785,1000.7489303925433,1178.7496520322961,941.4153565126257,SHAILY.BO,2023-08-21 12:17:32.222961
81,2023-03-31 00:00:00+05:30,1037.199951171875,1045.050048828125,1019.0499877929688,1027.75,338,0.0,0.0,2023-03-31,1039.032066679121,1103.611388128134,36.39537881674488,43.31007689160495,1072.7857220200267,1062.1800079345703,1027.4531771986954,-64.57932144901292,-77.93894949730797,1062.1800079345703,60.12623609678894,1122.3062440313593,1002.0537718377814,1182.4324801281482,941.9275357409924,SHAILY.BO,2023-08-21 12:17:32.222961
82,2023-03-29 00:00:00+05:30,1055.0,1063.949951171875,990.0999755859375,1015.4000244140625,684,0.0,0.0,2023-03-29,1041.0833515298702,1109.6802991783848,33.850927854301005,43.53730294798688,1077.5263243379243,1065.0300079345702,1027.3047657980428,-68.59694764851452,-81.27885650938173,1065.0300079345702,59.75813099118301,1124.7881389257532,1005.2718769433873,1184.5462699169361,945.5137459522042,SHAILY.BO,2023-08-21 12:17:32.222961
83,2023-03-28 00:00:00+05:30,1026.0999755859375,1055.699951171875,1008.6500244140625,1046.050048828125,228,0.0,0.0,2023-03-28,1045.7530473691081,1117.2227211595305,37.288564039569565,43.78200793178281,1084.0659348562256,1068.782504272461,1033.257136490033,-71.46967379042235,-84.44933372459852,1068.782504272461,58.82671423509484,1127.6092185075559,1009.9557900373661,1186.4359327426507,951.1290758022712,SHAILY.BO,2023-08-21 12:17:32.222961
84,2023-03-27 00:00:00+05:30,1037.550048828125,1058.949951171875,1015.0999755859375,1035.0999755859375,257,0.0,0.0,2023-03-27,1045.6990471038323,1122.916534946043,35.102221928038915,44.277661993796215,1088.0676070697098,1070.0850006103515,1026.8606803209868,-77.21748784221063,-87.69424870814255,1070.0850006103515,58.584790103267984,1128.6697907136195,1011.5002105070835,1187.2545808168875,952.9154204038155,SHAILY.BO,2023-08-21 12:17:32.222961
85,2023-03-24 00:00:00+05:30,1010.6500244140625,1058.9000244140625,1010.6500244140625,1046.050048828125,316,0.0,0.0,2023-03-24,1047.626151016177,1129.9418596948512,36.27661490648143,44.891488929737086,1093.6431472258962,1072.6750030517578,1022.7410326885116,-82.31570867867435,-90.31343892462553,1072.6750030517578,58.09973538940834,1130.7747384411662,1014.5752676623495,1188.8744738305745,956.4755322729411,SHAILY.BO,2023-08-21 12:17:32.222961
86,2023-03-23 00:00:00+05:30,1007.7999877929688,1040.4000244140625,1007.0,1020.3499755859375,201,0.0,0.0,2023-03-23,1047.912715050368,1136.6532045641895,31.264833156983528,45.551281708843995,1098.6529470572405,1077.2949981689453,1011.0865246187047,-88.74048951382156,-92.31287148611331,1077.2949981689453,59.52733750984233,1136.8223356787876,1017.767660659103,1196.34967318863,958.2403231492607,SHAILY.BO,2023-08-21 12:17:32.222961
87,2023-03-22 00:00:00+05:30,1084.949951171875,1084.949951171875,992.25,996.5999755859375,4746,0.0,0.0,2023-03-22,1052.924122225719,1145.9574628824498,26.29015956282008,45.81267807058422,1106.8953651068512,1088.987496948242,1006.4547991350883,-93.03334065673084,-93.20596697918624,1088.987496948242,69.8287041549064,1158.8162011031486,1019.1587927933357,1228.644905258055,949.3300886384293,SHAILY.BO,2023-08-21 12:17:32.222961
88,2023-03-21 00:00:00+05:30,1012.9000244140625,1016.0999755859375,976.4500122070312,990.5999755859375,412,0.0,0.0,2023-03-21,1063.1648761602246,1157.9060618661708,25.01709385199821,46.094181844766,1118.5054061090527,1101.3975006103515,1011.3822109096636,-94.74118570594624,-93.2491235598001,1101.3975006103515,74.447736509756,1175.8452371201074,1026.9497641005955,1250.2929736298634,952.5020275908395,SHAILY.BO,2023-08-21 12:17:32.222961
89,2023-03-20 00:00:00+05:30,970.0499877929688,998.7999877929688,870.0,972.5,1204,0.0,0.0,2023-03-20,1076.3584944464585,1171.2905487685896,21.204971714314695,44.65478380839137,1131.9691356378019,1114.6250030517579,1021.7733285715267,-94.93205432213108,-92.87610802326355,1114.6250030517579,77.17759920599477,1191.8026022577526,1037.4474038457631,1268.9802014637473,960.2698046397684,SHAILY.BO,2023-08-21 12:17:32.222961
90,2023-03-17 00:00:00+05:30,1002.2000122070312,1007.2000122070312,974.1500244140625,1000.9000244140625,202,0.0,0.0,2023-03-17,1095.2418570730874,1187.1937926700768,22.901341560124678,42.61509000396268,1148.7553604417808,1128.3500030517578,1046.40999285729,-91.95193559698941,-92.36212144854667,1128.3500030517578,74.9481804804975,1203.2981835322553,1053.4018225712603,1278.2463640127528,978.4536420907627,SHAILY.BO,2023-08-21 12:17:32.222961
91,2023-03-16 00:00:00+05:30,1056.0999755859375,1056.0999755859375,1006.0999755859375,1008.7999877929688,800,0.0,0.0,2023-03-16,1112.3949175565465,1202.097294130558,23.38455161342104,41.02904936499768,1164.319080023646,1143.7024993896484,1069.1649770789038,-89.70237657401162,-92.46466791143598,1143.7024993896484,78.81558315837785,1222.5180825480263,1064.8869162312706,1301.3336657064042,986.0713330728927,SHAILY.BO,2023-08-21 12:17:32.222961
92,2023-03-15 00:00:00+05:30,1114.300048828125,1117.050048828125,1056.0999755859375,1071.5999755859375,195,0.0,0.0,2023-03-15,1131.2303593317424,1217.5610786375653,27.698549560344034,39.56168417211034,1180.6895107847697,1158.0275024414063,1099.3474717218712,-86.33071930582287,-93.15524074579207,1158.0275024414063,79.04197483659523,1237.0694772780016,1078.985527604811,1316.111452114597,999.9435527682159,SHAILY.BO,2023-08-21 12:17:32.222961
93,2023-03-14 00:00:00+05:30,1084.199951171875,1119.949951171875,1084.199951171875,1099.1500244140625,193,0.0,0.0,2023-03-14,1142.0722472855252,1229.2379668816955,29.94922993122067,38.41450857846304,1192.172619753068,1168.9925048828125,1113.221219789838,-87.16571959617022,-94.86137110578436,1168.9925048828125,81.59134566514382,1250.5838505479562,1087.4011592176687,1332.1751962131002,1005.8098135525248,SHAILY.BO,2023-08-21 12:17:32.222961
94,2023-03-13 00:00:00+05:30,1095.300048828125,1175.0,1075.0,1093.300048828125,483,0.0,0.0,2023-03-13,1149.8762878076095,1239.6450022791062,28.808628973621012,37.457478904970365,1201.964471894016,1183.7000061035155,1120.2568174777255,-89.76871447149665,-96.7852839831879,1183.7000061035155,93.91919718878783,1277.6192032923034,1089.7808089147277,1371.5384004810912,995.8616117259398,SHAILY.BO,2023-08-21 12:17:32.222961
95,2023-03-10 00:00:00+05:30,1120.0999755859375,1144.0999755859375,1118.5,1119.75,143,0.0,0.0,2023-03-10,1160.1628767129703,1251.3525985551846,30.922510746624965,36.42683156428594,1213.4028322167414,1202.9550048828125,1133.7352018025256,-91.18972184221434,-98.5394263611107,1202.9550048828125,112.12219494072012,1315.0771998235327,1090.8328099420924,1427.1993947642527,978.7106150013723,SHAILY.BO,2023-08-21 12:17:32.222961
96,2023-03-09 00:00:00+05:30,1153.3499755859375,1178.0999755859375,1116.0999755859375,1136.75,338,0.0,0.0,2023-03-09,1167.5106724789648,1261.8808064395994,32.33869293532406,35.76565475730447,1223.2610250816615,1221.7850036621094,1140.7278027037883,-94.37013396063458,-100.37685249083478,1221.7850036621094,127.92318918293873,1349.7081928450482,1093.8618144791706,1477.6313820279868,965.938625296232,SHAILY.BO,2023-08-21 12:17:32.222961
97,2023-03-08 00:00:00+05:30,1071.0,1195.0,1051.0,1165.25,456,0.0,0.0,2023-03-08,1173.1035220205947,1271.8912709547674,34.82125462385599,35.053618195939805,1232.367448774468,1243.5425048828124,1142.7167040556824,-98.78774893417267,-101.87853212338483,1243.5425048828124,148.11167603941587,1391.6541809222283,1095.4308288433965,1539.7658569616442,947.3191528039806,SHAILY.BO,2023-08-21 12:17:32.222961
98,2023-03-06 00:00:00+05:30,1152.9000244140625,1163.0,1128.25,1156.8499755859375,526,0.0,0.0,2023-03-06,1174.5314351152483,1280.4225726311488,33.42245631929549,34.286809591393244,1239.4324433823067,1265.2050048828125,1131.4500560835234,-105.89113751590048,-102.65122792068786,1265.2050048828125,166.5887043461635,1431.793709228976,1098.616300536649,1598.3824135751395,932.0275961904856,SHAILY.BO,2023-08-21 12:17:32.222961
99,2023-03-03 00:00:00+05:30,1094.3499755859375,1153.25,1094.3499755859375,1137.300048828125,518,0.0,0.0,2023-03-03,1177.7462459387593,1290.3083803947657,30.184400237332596,34.319759398266186,1248.1253347292927,1286.9700073242188,1118.7500963323162,-112.56213445600633,-101.84125052188469,1286.9700073242188,179.61392202162403,1466.583929345843,1107.3560853025947,1646.197851367467,927.7421632809708,SHAILY.BO,2023-08-21 12:17:32.222961
100,2023-03-02 00:00:00+05:30,1072.300048828125,1110.050048828125,1072.0,1103.550048828125,370,0.0,0.0,2023-03-02,1185.1000999588748,1302.549046920097,24.280976832589218,34.10422675036609,1259.7911542978368,1307.3425048828126,1109.4751200844116,-117.44894696122219,-99.16102953835426,1307.3425048828126,184.7773501880768,1492.1198550708893,1122.5651546947358,1676.897205258966,937.787804506659,SHAILY.BO,2023-08-21 12:17:32.222961
101,2023-03-01 00:00:00+05:30,1108.699951171875,1114.0,1061.800048828125,1084.75,227,0.0,0.0,2023-03-01,1199.9273819826476,1318.4689667674547,20.8177687726441,32.69624529283477,1276.2375864525432,1328.6975036621093,1112.4376557125547,-118.54158478480713,-94.58905018263728,1328.6975036621093,184.6653983183096,1513.3629019804189,1144.0321053437997,1698.0283002987285,959.3667070254901,SHAILY.BO,2023-08-21 12:17:32.222961
102,2023-02-28 00:00:00+05:30,1072.949951171875,1115.0,1041.6500244140625,1090.449951171875,398,0.0,0.0,2023-02-28,1220.8687241613106,1337.1664841088511,21.0893305851245,31.1799575693395,1296.3941745001791,1350.5900024414063,1126.281483568832,-116.2977599475405,-88.60091653209481,1350.5900024414063,180.12087044162215,1530.7108728830285,1170.4691319997842,1710.8317433246507,990.348261558162,SHAILY.BO,2023-08-21 12:17:32.222961
103,2023-02-27 00:00:00+05:30,1088.4000244140625,1164.0999755859375,1050.0,1072.0999755859375,659,0.0,0.0,2023-02-27,1244.5812283412079,1356.9038067438094,17.88733142088661,29.547032328652293,1318.0725137978955,1373.2500061035157,1144.1972497673105,-112.3225784026015,-81.67670567823339,1373.2500061035157,174.07754501560464,1547.3275511191205,1199.172461087911,1721.405096134725,1025.0949160723064,SHAILY.BO,2023-08-21 12:17:32.222961
104,2023-02-24 00:00:00+05:30,1142.550048828125,1170.0,1074.0,1086.9000244140625,341,0.0,0.0,2023-02-24,1275.9414561148933,1379.6881132364392,18.44795942134857,27.852765166624362,1343.96435992547,1396.0900085449218,1180.245886857997,-103.74665712154592,-74.01523749714136,1396.0900085449218,162.0362394461911,1558.126247991113,1234.0537690987308,1720.162487437304,1072.0175296525397,SHAILY.BO,2023-08-21 12:17:32.222961
105,2023-02-23 00:00:00+05:30,1325.0,1325.0,1120.0,1138.449951171875,1082,0.0,0.0,2023-02-23,1310.3126255150444,1403.1111603422294,20.52899332298807,26.211288387930843,1371.023763663513,1417.8750061035157,1226.918818079964,-92.798534827185,-66.5823825910402,1417.8750061035157,146.85720204992614,1564.732208153442,1271.0178040535895,1711.589410203368,1124.1606020036634,SHAILY.BO,2023-08-21 12:17:32.222961
106,2023-02-22 00:00:00+05:30,1251.1500244140625,1275.800048828125,1214.1500244140625,1254.199951171875,180,0.0,0.0,2023-02-22,1341.5603844865298,1424.2840570758576,26.842324841642238,24.818254780772182,1395.5052176100012,1435.877508544922,1271.1532515340084,-82.72367258932786,-60.028344532004,1435.877508544922,132.13110405536918,1568.0086126002911,1303.7464044895528,1700.1397166556603,1171.6153004341836,SHAILY.BO,2023-08-21 12:17:32.222961
107,2023-02-21 00:00:00+05:30,1296.300048828125,1296.300048828125,1225.800048828125,1244.800048828125,204,0.0,0.0,2023-02-21,1357.4440996346489,1437.8907855481762,25.105471276262946,24.27238929670073,1410.3794561824357,1450.0675109863282,1279.629901715075,-80.44668591352729,-54.35451251767303,1450.0675109863282,126.72163640730086,1576.789147393629,1323.3458745790274,1703.5107838009299,1196.6242381717266,SHAILY.BO,2023-08-21 12:17:32.222961
108,2023-02-20 00:00:00+05:30,1259.199951171875,1300.050048828125,1241.6500244140625,1255.1500244140625,685,0.0,0.0,2023-02-20,1377.9248361449258,1453.33804448578,25.73002725153971,23.822141717702074,1427.8088674828894,1462.2575073242188,1297.0448281585498,-75.41320834085423,-47.83146916870946,1462.2575073242188,117.31361233306811,1579.5711196572868,1344.9438949911507,1696.884731990355,1227.6302826580825,SHAILY.BO,2023-08-21 12:17:32.222961
109,2023-02-17 00:00:00+05:30,1310.449951171875,1311.949951171875,1211.0,1247.0,248,0.0,0.0,2023-02-17,1400.2475291869011,1469.1930860915177,24.354017754180106,23.521796552206666,1445.9834825427658,1475.6175048828125,1317.9922300307933,-68.94555690461652,-40.93603437567327,1475.6175048828125,107.27117474766244,1582.8886796304748,1368.34633013515,1690.1598543781374,1261.0751553874875,SHAILY.BO,2023-08-21 12:17:32.222961
110,2023-02-16 00:00:00+05:30,1321.0999755859375,1321.0999755859375,1290.0,1307.949951171875,92,0.0,0.0,2023-02-16,1428.1107163117922,1486.968532978839,27.950036662383226,23.198347912442376,1466.9291122841096,1488.6275024414062,1353.4883450461898,-58.85781666704679,-33.93365374343746,1488.6275024414062,92.90098870597153,1581.5284911473777,1395.7265137354348,1674.4294798533492,1302.8255250294633,SHAILY.BO,2023-08-21 12:17:32.222961
111,2023-02-15 00:00:00+05:30,1299.4000244140625,1311.949951171875,1280.050048828125,1295.300048828125,297,0.0,0.0,2023-02-15,1449.9581281554135,1501.2900195233963,25.839683921946687,23.812302628872104,1483.6637608222395,1499.9300048828125,1376.2575419833472,-51.331891367982735,-27.702613012535124,1499.9300048828125,82.9840298908502,1582.9140347736627,1416.9459749919622,1665.8980646645127,1333.9619451011122,SHAILY.BO,2023-08-21 12:17:32.222961
112,2023-02-14 00:00:00+05:30,1386.550048828125,1386.550048828125,1260.0,1290.9000244140625,920,0.0,0.0,2023-02-14,1478.0777789421932,1517.769217179018,25.131414678332845,24.305367238125008,1503.4915199795148,1510.6350036621093,1416.7362885609582,-39.69143823682475,-21.79529342367322,1510.6350036621093,67.57645085743883,1578.2114545195482,1443.0585528046704,1645.787905376987,1375.4821019472315,SHAILY.BO,2023-08-21 12:17:32.222961
113,2023-02-13 00:00:00+05:30,1443.25,1446.0,1385.949951171875,1393.300048828125,1037,0.0,0.0,2023-02-13,1512.1100979473078,1535.9187526002142,31.66722453841514,24.836359894243518,1525.8695721442991,1522.2400024414062,1479.654420634406,-23.808654652906398,-17.321257220385334,1522.2400024414062,43.492812228432534,1565.7328146698387,1478.7471902129737,1609.2256268982712,1435.2543779845412,SHAILY.BO,2023-08-21 12:17:32.222961
114,2023-02-10 00:00:00+05:30,1426.5,1510.0,1426.5,1478.4000244140625,430,0.0,0.0,2023-02-10,1533.7119250598864,1547.3282489019812,39.618239394752536,26.239445056447963,1539.8242588091596,1528.4424987792968,1522.8316065375466,-13.616323842094744,-15.699407862255066,1528.4424987792968,31.262766742596032,1559.705265521893,1497.1797320367007,1590.9680322644888,1465.9169652941048,SHAILY.BO,2023-08-21 12:17:32.222961
115,2023-02-09 00:00:00+05:30,1519.0,1536.75,1475.5999755859375,1496.3499755859375,1189,0.0,0.0,2023-02-09,1543.768634268218,1552.8425068610147,41.667316517493084,26.970464986752738,1546.289967692854,1531.2224975585937,1545.0473975992884,-9.07387259279676,-16.220178867295147,1531.2224975585937,28.966332379253675,1560.1888299378472,1502.25616517934,1589.155162317101,1473.2898328000863,SHAILY.BO,2023-08-21 12:17:32.222961
116,2023-02-08 00:00:00+05:30,1601.0,1649.0,1527.199951171875,1571.9000244140625,1016,0.0,0.0,2023-02-08,1552.3902085740872,1557.361909363021,52.22372877523119,26.6822755890891,1551.546808967266,1533.8375,1569.3961086059637,-4.971700788933731,-18.00675543591974,1533.8375,27.996974429387844,1561.834474429388,1505.8405255706123,1589.8314488587757,1477.8435511412245,SHAILY.BO,2023-08-21 12:17:32.222961
117,2023-02-07 00:00:00+05:30,1562.8499755859375,1602.0,1560.5,1598.5,19,0.0,0.0,2023-02-07,1548.8429693304554,1556.1988601589376,56.94002350722874,25.041240441929393,1549.4043652360242,1532.429998779297,1568.144150701914,-7.355890828482188,-21.265519097666242,1532.429998779297,26.658327092999215,1559.088325872296,1505.7716716862979,1585.7466529652954,1479.1133445932985,SHAILY.BO,2023-08-21 12:17:32.222961
118,2023-02-06 00:00:00+05:30,1595.4000244140625,1617.699951171875,1541.5,1592.1500244140625,689,0.0,0.0,2023-02-06,1539.814418299629,1552.8147689716527,56.06040054270893,23.777970643293727,1544.2364036819215,1528.1149963378907,1552.9662260528708,-13.000350672023615,-24.742926164962256,1528.1149963378907,21.97401157355192,1550.0890079114426,1506.1409847643388,1572.0630194849946,1484.1669731907868,SHAILY.BO,2023-08-21 12:17:32.222961
119,2023-02-03 00:00:00+05:30,1563.8499755859375,1600.0,1505.0,1544.75,675,0.0,0.0,2023-02-03,1530.29885355155,1549.66794853626,48.812608920494895,22.417526244763014,1539.1928646574856,1524.0849975585938,1533.3743268722749,-19.369094984709818,-27.678570038196913,1524.0849975585938,16.260027465050396,1540.3450250236442,1507.8249700935435,1556.6050524886946,1491.564942628493,SHAILY.BO,2023-08-21 12:17:32.222961
120,2023-02-02 00:00:00+05:30,1522.3499755859375,1542.5,1522.3499755859375,1530.6500244140625,4,0.0,0.0,2023-02-02,1527.6713723791047,1550.0613844191607,46.36905962602422,21.144580117598316,1538.607903042484,1524.429998779297,1527.6864903084122,-22.390012040056035,-29.755938801568686,1524.429998779297,16.78625570756174,1541.2162544868588,1507.6437430717351,1558.0025101944204,1490.8574873641735,SHAILY.BO,2023-08-21 12:17:32.222961
121,2023-02-01 00:00:00+05:30,1550.0,1574.199951171875,1511.75,1522.5999755859375,630,0.0,0.0,2023-02-01,1527.1297992818397,1551.6142932195685,44.9765506402773,20.467364151766382,1539.4455744770546,1526.8974975585938,1526.204723255587,-24.484493937728757,-31.597420491946846,1526.8974975585938,20.877278690844452,1547.7747762494382,1506.0202188677495,1568.6520549402828,1485.1429401769049,SHAILY.BO,2023-08-21 12:17:32.222961
122,2023-01-31 00:00:00+05:30,1496.9000244140625,1547.0,1487.1500244140625,1543.6500244140625,235,0.0,0.0,2023-01-31,1527.9534035901856,1553.935438630259,48.00291892577196,19.738054650101223,1541.2187954129618,1530.4625,1528.0070970904117,-25.982035040073242,-33.375652130501365,1530.4625,25.6474474024182,1556.1099474024184,1504.8150525975818,1581.7573948048364,1479.1676051951638,SHAILY.BO,2023-08-21 12:17:32.222961
123,2023-01-30 00:00:00+05:30,1489.25,1533.199951171875,1489.25,1528.9000244140625,4158,0.0,0.0,2023-01-30,1525.099472531299,1554.7582717675546,45.62217490584234,19.29819278800041,1540.9628765707407,1533.3649963378907,1520.1856334285862,-29.658799236255618,-35.2240564031084,1533.3649963378907,30.114180569783354,1563.4791769076742,1503.2508157681073,1593.5933574774574,1473.136635198324,SHAILY.BO,2023-08-21 12:17:32.222961
124,2023-01-27 00:00:00+05:30,1645.0,1645.0,1465.0,1522.5999755859375,126,0.0,0.0,2023-01-27,1524.4084630980692,1556.8269315558339,44.616451962306485,19.003124559664347,1542.2326504819698,1535.8574951171875,1515.828437935848,-32.418468457764675,-36.61537069482159,1535.8574951171875,31.744062964371828,1567.6015580815592,1504.1134321528157,1599.345621045931,1472.369369188444,SHAILY.BO,2023-08-21 12:17:32.222961
125,2023-01-25 00:00:00+05:30,1512.449951171875,1515.199951171875,1446.3499755859375,1498.5,181,0.0,0.0,2023-01-25,1524.737279009366,1559.5650880334256,40.722042947773666,18.685358775302433,1544.299247839447,1536.617498779297,1512.442669110803,-34.82780902405966,-37.66459625408582,1536.617498779297,31.591541769164202,1568.2090405484612,1505.0259570101327,1599.8005823176254,1473.4344152409685,SHAILY.BO,2023-08-21 12:17:32.222961
126,2023-01-24 00:00:00+05:30,1475.050048828125,1546.0,1475.0,1538.0,333,0.0,0.0,2023-01-24,1529.507693374705,1564.4502950760996,45.602302599851434,19.903424199801638,1549.1202212962307,1544.3849975585938,1519.4140036662045,-34.94260170139455,-38.37379306159236,1544.3849975585938,39.76663099622369,1584.1516285548175,1504.61836656237,1623.9182595510413,1464.8517355661463,SHAILY.BO,2023-08-21 12:17:32.222961
127,2023-01-23 00:00:00+05:30,1538.800048828125,1539.0,1475.0,1488.5999755859375,135,0.0,0.0,2023-01-23,1527.9636376246513,1566.5663186821876,36.80754746420556,21.097401740370056,1550.2907709063604,1548.7875,1510.1210054993066,-38.6026810575363,-39.23159090164181,1548.7875,43.70179192105153,1592.4892919210515,1505.0857080789483,1636.191083842103,1461.383916157897,SHAILY.BO,2023-08-21 12:17:32.222961
128,2023-01-20 00:00:00+05:30,1680.0,1680.0,1518.0,1522.3499755859375,121,0.0,0.0,2023-01-20,1535.1206670862355,1572.8036261298876,41.014232205644895,22.50958528205738,1556.784538834826,1556.4625,1520.881520455991,-37.68295904365209,-39.38881836266818,1556.4625,45.994080414302864,1602.456580414303,1510.4684195856971,1648.4506608286058,1464.4743391713944,SHAILY.BO,2023-08-21 12:17:32.222961
129,2023-01-19 00:00:00+05:30,1522.9000244140625,1524.0,1500.0,1507.199951171875,84,0.0,0.0,2023-01-19,1537.4426109953806,1576.8399181734035,38.06368462059402,23.17180760289641,1560.4092297031298,1561.0775024414063,1520.1472928910175,-39.39730717802286,-39.8152831924222,1561.0775024414063,47.01053182943678,1608.088034270843,1514.0669706119695,1655.0985661002799,1467.0564387825327,SHAILY.BO,2023-08-21 12:17:32.222961
130,2023-01-18 00:00:00+05:30,1524.300048828125,1551.8499755859375,1517.199951171875,1534.0,56,0.0,0.0,2023-01-18,1542.9412764178362,1582.4111155335258,41.47121403368315,22.200367776975085,1566.0102063906302,1568.5750061035155,1526.6209637505885,-39.46983911568964,-39.91977719602203,1568.5750061035155,49.83800055071171,1618.4130066542273,1518.7370055528038,1668.251007204939,1468.899005002092,SHAILY.BO,2023-08-21 12:17:32.222961
131,2023-01-17 00:00:00+05:30,1501.0,1544.4000244140625,1500.0,1509.4000244140625,120,0.0,0.0,2023-01-17,1544.566963039261,1586.284004776208,36.63634592989617,21.46439328660062,1569.3797018001703,1573.6400085449218,1522.9314456258826,-41.71704173694684,-40.032261716105126,1573.6400085449218,51.26628879214668,1624.9062973370685,1522.373719752775,1676.1725861292152,1471.1074309606283,SHAILY.BO,2023-08-21 12:17:32.222961
132,2023-01-16 00:00:00+05:30,1551.050048828125,1554.449951171875,1523.0,1523.0,1063,0.0,0.0,2023-01-16,1550.9609518802063,1592.4347232051796,38.25877333827781,20.409103910131865,1575.6933520513394,1581.4075073242188,1529.6971562317926,-41.47377132497331,-39.61106671089469,1581.4075073242188,52.767608285845306,1634.175115610064,1528.6398990383736,1686.9427238959095,1475.8722907525282,SHAILY.BO,2023-08-21 12:17:32.222961
133,2023-01-13 00:00:00+05:30,1542.0,1546.050048828125,1502.0,1517.3499755859375,13,0.0,0.0,2023-01-13,1556.0447613129709,1597.989501061594,37.185682153610436,19.672822226321408,1581.2400206883226,1585.9425048828125,1533.045734347689,-41.94473974862308,-39.14539055737503,1585.9425048828125,51.362504325245396,1637.305009208058,1534.580000557567,1688.6675135333032,1483.2174962323218,SHAILY.BO,2023-08-21 12:17:32.222961
134,2023-01-12 00:00:00+05:30,1550.9000244140625,1553.4000244140625,1530.0,1534.0,52,0.0,0.0,2023-01-12,1563.0801768997042,1604.4406630996466,39.04254847044697,18.60013585482346,1587.9652885938367,1590.6300048828125,1540.8936137285646,-41.36048619994244,-38.44555325956301,1590.6300048828125,48.9965306465093,1639.6265355293217,1541.6334742363033,1688.6230661758311,1492.6369435897939,SHAILY.BO,2023-08-21 12:17:32.222961
135,2023-01-11 00:00:00+05:30,1505.0,1573.949951171875,1505.0,1548.6500244140625,186,0.0,0.0,2023-01-11,1568.3674817905594,1610.0759161476183,40.70317461854764,17.929121514465855,1593.6458452879249,1596.8750061035157,1544.3404205928468,-41.70843435705888,-37.716820024468156,1596.8750061035157,49.35711840162601,1646.2321245051417,1547.5178877018898,1695.5892429067678,1498.1607693002636,SHAILY.BO,2023-08-21 12:17:32.222961
136,2023-01-10 00:00:00+05:30,1509.5999755859375,1576.949951171875,1491.050048828125,1543.75,164,0.0,0.0,2023-01-10,1571.9524740408317,1614.9899874863027,39.90936884847327,17.206490686388435,1598.3822474851736,1605.3875061035155,1542.1856186822388,-43.03751344547095,-36.718916441320474,1605.3875061035155,54.96485992794405,1660.3523660314595,1550.4226461755716,1715.3172259594037,1495.4577862476274,SHAILY.BO,2023-08-21 12:17:32.222961
137,2023-01-09 00:00:00+05:30,1549.449951171875,1580.0,1480.0,1512.199951171875,390,0.0,0.0,2023-01-09,1577.0801965937103,1620.6891864852066,34.6813308393006,16.428272871535828,1604.1330103783496,1614.3800048828125,1541.403428023358,-43.60898989149632,-35.13926719028286,1614.3800048828125,58.91978749364534,1673.2997923764578,1555.4602173891672,1732.2195798701032,1496.5404298955218,SHAILY.BO,2023-08-21 12:17:32.222961
138,2023-01-06 00:00:00+05:30,1547.4000244140625,1560.550048828125,1501.0999755859375,1511.550048828125,458,0.0,0.0,2023-01-06,1588.876604852226,1629.3683253102731,34.57243229961328,15.590192147848406,1613.8101745053468,1625.385009765625,1556.0051664490993,-40.49172045804721,-33.02183651497949,1625.385009765625,59.38343581997202,1684.768445585597,1566.001573945653,1744.151881405569,1506.618138125681,SHAILY.BO,2023-08-21 12:17:32.222961
139,2023-01-05 00:00:00+05:30,1591.5,1591.5,1551.6500244140625,1551.6500244140625,13,0.0,0.0,2023-01-05,1602.9359786747898,1638.793787428845,38.22295747866952,15.001295348908442,1624.574398260844,1636.3175048828125,1578.2327252595862,-35.85780875405521,-31.154365529212555,1636.3175048828125,57.41760282376132,1693.735107706574,1578.899902059051,1751.152710530335,1521.48229923529,SHAILY.BO,2023-08-21 12:17:32.222961
140,2023-01-04 00:00:00+05:30,1579.5,1580.050048828125,1535.1500244140625,1580.0,79,0.0,0.0,2023-01-04,1612.2606976312857,1645.7652884700276,41.069860324267786,15.209089330798474,1632.2506481394526,1644.8350036621093,1591.5240756823478,-33.50459083874193,-29.978504723001887,1644.8350036621093,56.82882569982054,1701.6638293619299,1588.0061779622888,1758.4926550617504,1531.1773522624683,SHAILY.BO,2023-08-21 12:17:32.222961
141,2023-01-03 00:00:00+05:30,1593.449951171875,1605.9000244140625,1582.449951171875,1593.9000244140625,110,0.0,0.0,2023-01-03,1618.1262790187923,1651.02651154763,42.51141450028097,15.165746292613957,1637.7507163646583,1652.7325012207032,1597.2861135235212,-32.900232528837705,-29.096983194066873,1652.7325012207032,58.30058209247724,1711.0330833131804,1594.431919128226,1769.3336654056577,1536.1313370357486,SHAILY.BO,2023-08-21 12:17:32.222961
142,2023-01-02 00:00:00+05:30,1552.949951171875,1601.800048828125,1552.949951171875,1601.699951171875,43,0.0,0.0,2023-01-02,1622.5310525832886,1655.5966305183156,43.30341417009245,15.991014841881022,1642.3665786752472,1658.554998779297,1598.9791580782503,-33.06557793502702,-28.146170860374163,1658.554998779297,57.92948664801109,1716.484485427308,1600.6255121312859,1774.4139720753192,1542.6960254832748,SHAILY.BO,2023-08-21 12:17:32.222961
143,2022-12-30 00:00:00+05:30,1569.800048828125,1583.0,1537.050048828125,1578.75,189,0.0,0.0,2022-12-30,1626.318525567182,1659.9083648660308,40.26275281737277,16.791790977842123,1646.6472763071808,1664.0450012207032,1597.618761531438,-33.5898392988488,-26.916319091710943,1664.0450012207032,57.458707013877145,1721.5037082345802,1606.586294206826,1778.9624152484575,1549.1275871929488,SHAILY.BO,2023-08-21 12:17:32.222961
144,2022-12-29 00:00:00+05:30,1635.0,1686.0,1520.0,1537.800048828125,915,0.0,0.0,2022-12-29,1634.9673483975785,1666.4010340553134,34.436934579443914,17.256957654679347,1653.794358023726,1671.9,1607.0531422971567,-31.43368565773494,-25.247939039926475,1671.9,55.90181910999338,1727.8018191099934,1615.9981808900068,1783.703638219987,1560.0963617800132,SHAILY.BO,2023-08-21 12:17:32.222961
145,2022-12-28 00:00:00+05:30,1623.4000244140625,1663.949951171875,1616.5999755859375,1653.8499755859375,4500,0.0,0.0,2022-12-28,1652.6341301374791,1676.6891128734883,46.32582936846352,17.757906383580973,1666.0042853074735,1679.3024963378907,1641.679689031672,-24.05498273600915,-23.701502385474356,1679.3024963378907,46.16396412458378,1725.4664604624745,1633.138532213307,1771.6304245870583,1586.9745680887231,SHAILY.BO,2023-08-21 12:17:32.222961
146,2022-12-27 00:00:00+05:30,1606.050048828125,1673.949951171875,1606.0,1626.050048828125,135,0.0,0.0,2022-12-27,1652.4130673286686,1678.5162438564923,41.8610594946032,18.05117934723665,1667.2836863307932,1680.4625,1635.594545754539,-26.103176527823734,-23.613132297840654,1680.4625,45.780627152733736,1726.243127152734,1634.6818728472663,1772.0237543054675,1588.9012456945327,SHAILY.BO,2023-08-21 12:17:32.222961
147,2022-12-26 00:00:00+05:30,1630.0999755859375,1662.3499755859375,1602.5999755859375,1642.0999755859375,356,0.0,0.0,2022-12-26,1657.2063434196766,1682.7135394587617,43.81495655487237,18.367011769635074,1671.6240692258111,1682.7824951171874,1640.3667942177458,-25.507196039085102,-22.990621240344883,1682.7824951171874,44.01990529221185,1726.8024004093993,1638.7625898249755,1770.8223057016112,1594.7426845327636,SHAILY.BO,2023-08-21 12:17:32.222961
148,2022-12-23 00:00:00+05:30,1625.199951171875,1625.199951171875,1595.0,1614.6500244140625,79,0.0,0.0,2022-12-23,1659.9529557530836,1685.9626245685877,39.31671050874404,18.902324932398997,1674.7318685563241,1682.0349975585937,1639.50020353365,-26.00966881550403,-22.361477540659827,1682.0349975585937,44.86589287496694,1726.9008904335606,1637.1691046836268,1771.7667833085275,1592.3032118086599,SHAILY.BO,2023-08-21 12:17:32.222961
149,2022-12-22 00:00:00+05:30,1602.0,1680.0,1600.0,1657.1500244140625,141,0.0,0.0,2022-12-22,1668.1898523601785,1691.6676325809497,44.43080257256483,20.133817803434432,1681.056273202878,1682.8574951171875,1651.9252930934435,-23.477780220771137,-21.44942972194877,1682.8574951171875,43.701216614932676,1726.5587117321202,1639.1562785022547,1770.259928347053,1595.455061887322,SHAILY.BO,2023-08-21 12:17:32.222961
150,2022-12-21 00:00:00+05:30,1683.800048828125,1702.5999755859375,1619.050048828125,1635.300048828125,25,0.0,0.0,2022-12-21,1670.1970938049267,1694.4290412343007,40.751671162167106,21.36381150559619,1683.572720443806,1684.5799926757813,1649.3129274331336,-24.23194742937403,-20.94234209724318,1684.5799926757813,43.31181150247179,1727.891804178253,1641.2681811733096,1771.2036156807249,1597.9563696708378,SHAILY.BO,2023-08-21 12:17:32.222961
151,2022-12-20 00:00:00+05:30,1613.300048828125,1689.1500244140625,1612.449951171875,1664.75,300,0.0,0.0,2022-12-20,1676.5420110734362,1699.1593606267948,44.433567284120784,22.32834609455401,1688.654054298088,1687.1924926757813,1656.3193667356377,-22.61734955335851,-20.11994076421047,1687.1924926757813,41.72980289269934,1728.9222955684806,1645.462689783082,1770.65209846118,1603.7328868903826,SHAILY.BO,2023-08-21 12:17:32.222961
152,2022-12-19 00:00:00+05:30,1600.050048828125,1615.949951171875,1600.0,1613.699951171875,1811,0.0,0.0,2022-12-19,1678.6860130867883,1701.9121094769384,34.97737306801497,23.5800190395874,1691.170270539992,1689.327490234375,1652.1040501034563,-23.226096390150133,-19.49558856692346,1689.327490234375,41.61331226493554,1730.9408024993106,1647.7141779694396,1772.5541147642462,1606.100865704504,SHAILY.BO,2023-08-21 12:17:32.222961
153,2022-12-16 00:00:00+05:30,1644.050048828125,1662.0999755859375,1597.25,1611.0999755859375,662,0.0,0.0,2022-12-16,1690.5016607076816,1708.9690821413435,34.44981446419342,24.54996737286197,1699.3250409997938,1689.997491455078,1671.306099569247,-18.46742143366191,-18.562961611116787,1689.997491455078,40.422406682093325,1730.4198981371715,1649.5750847729846,1770.8423048192647,1609.1526780908914,SHAILY.BO,2023-08-21 12:17:32.222961
154,2022-12-15 00:00:00+05:30,1695.550048828125,1695.550048828125,1650.0,1658.9000244140625,179,0.0,0.0,2022-12-15,1704.938330729817,1716.7986106657759,39.988566168926,25.594527116388434,1708.6118899907262,1689.727490234375,1701.4091615609016,-11.860279935958943,-18.586846655480507,1689.727490234375,40.99117206101029,1730.7186622953852,1648.7363181733647,1771.7098343563955,1607.7451461123544,SHAILY.BO,2023-08-21 12:17:32.222961
155,2022-12-14 00:00:00+05:30,1724.6500244140625,1724.6500244140625,1699.1500244140625,1718.9000244140625,9,0.0,0.0,2022-12-14,1713.3089318781358,1721.430497565913,49.210485778070705,27.538072686847613,1713.8447179461646,1686.4324890136718,1722.6637301343208,-8.121565687777093,-20.268488335360896,1686.4324890136718,45.948473205847684,1732.3809622195195,1640.484015807824,1778.3294354253671,1594.5355426019764,SHAILY.BO,2023-08-21 12:17:32.222961
156,2022-12-13 00:00:00+05:30,1728.699951171875,1734.3499755859375,1686.800048828125,1723.5999755859375,208,0.0,0.0,2022-12-13,1712.2923695988766,1721.632935418061,50.0500461005252,28.679148554676363,1713.312580423228,1682.289990234375,1724.5455829944497,-9.340565819184349,-23.305218997256844,1682.289990234375,46.59739382274429,1728.8873840571193,1635.6925964116306,1775.4847778798635,1589.0952025888864,SHAILY.BO,2023-08-21 12:17:32.222961
157,2022-12-12 00:00:00+05:30,1613.0,1750.8499755859375,1613.0,1732.300048828125,82,0.0,0.0,2022-12-12,1710.2364412375928,1721.4755722046307,51.56207951619683,29.907999489261172,1712.2296967218902,1678.1449890136719,1725.0183866987056,-11.239130967037909,-26.796382291774965,1678.1449890136719,46.416093436066795,1724.5610824497387,1631.728895577605,1770.9771758858055,1585.3128021415382,SHAILY.BO,2023-08-21 12:17:32.222961
158,2022-12-09 00:00:00+05:30,1716.0999755859375,1731.0,1709.0,1730.199951171875,204,0.0,0.0,2022-12-09,1706.2248762211325,1720.609614074751,51.23185562008162,31.23137741881404,1710.1170280791287,1673.0124877929688,1721.3775556339956,-14.384737853618617,-30.685695122959224,1673.0124877929688,45.78367933746926,1718.796167130438,1627.2288084554996,1764.5798464679074,1581.4451291180303,SHAILY.BO,2023-08-21 12:17:32.222961
159,2022-12-08 00:00:00+05:30,1799.949951171875,1799.949951171875,1698.0,1722.0,133,0.0,0.0,2022-12-08,1701.8657716846337,1719.8423871069813,49.9957960563218,30.58446798198904,1708.003036174629,1667.352490234375,1716.9663578650557,-17.97661542234755,-34.76093444029437,1667.352490234375,45.336776029148325,1712.6892662635232,1622.0157142052267,1758.0260422926717,1576.6789381760782,SHAILY.BO,2023-08-21 12:17:32.222961
160,2022-12-07 00:00:00+05:30,1727.3499755859375,1737.949951171875,1710.0,1737.949951171875,5,0.0,0.0,2022-12-07,1698.2050029000218,1719.6697780755396,52.39435165801072,29.887796280792884,1706.529671561432,1665.4674926757812,1714.4495367975833,-21.464775175517843,-38.957014194781074,1665.4674926757812,43.69923945888378,1709.166732134665,1621.7682532168974,1752.8659715935487,1578.0690137580136,SHAILY.BO,2023-08-21 12:17:32.222961
161,2022-12-06 00:00:00+05:30,1726.699951171875,1738.699951171875,1708.0,1710.3499755859375,437,0.0,0.0,2022-12-06,1690.9786486687758,1718.2073642278328,48.418065418438935,29.85036833488062,1703.222273707701,1664.5549926757812,1702.6993296104372,-27.228715559057036,-43.33007394959688,1664.5549926757812,42.27332535592194,1706.8283180317032,1622.2816673198593,1749.1016433876252,1580.0083419639373,SHAILY.BO,2023-08-21 12:17:32.222961
162,2022-12-05 00:00:00+05:30,1730.9000244140625,1742.949951171875,1707.0999755859375,1711.5,356,0.0,0.0,2022-12-05,1687.4565892292917,1718.8359553191844,48.57504256149947,29.81006131620588,1702.4719892994658,1668.0174926757813,1698.874006622687,-31.379366089892756,-47.355413547231834,1668.0174926757813,48.58635080390466,1716.603843479686,1619.4311418718767,1765.1901942835907,1570.844791067972,SHAILY.BO,2023-08-21 12:17:32.222961
163,2022-12-02 00:00:00+05:30,1705.9000244140625,1755.0999755859375,1701.050048828125,1735.8499755859375,120,0.0,0.0,2022-12-02,1683.0850599982537,1719.4228317447191,51.88227273916782,29.766653757633076,1701.5216723836202,1673.9299926757812,1692.5610099340302,-36.33777174646548,-51.3494254115666,1673.9299926757812,60.00857770332303,1733.9385703791042,1613.9214149724583,1793.9471480824272,1553.9128372691353,SHAILY.BO,2023-08-21 12:17:32.222961
164,2022-12-01 00:00:00+05:30,1732.0999755859375,1745.949951171875,1673.0,1685.8499755859375,195,0.0,0.0,2022-12-01,1673.491438982311,1718.1086602374216,44.70378443266324,29.719907156093136,1697.9081667833761,1679.8124938964843,1670.9165271080765,-44.617221255110735,-55.102338827841876,1679.8124938964843,71.13322763294754,1750.945721529432,1608.6792662635366,1822.0789491623793,1537.5460386305892,SHAILY.BO,2023-08-21 12:17:32.222961
165,2022-11-30 00:00:00+05:30,1660.050048828125,1696.6500244140625,1642.800048828125,1677.050048828125,226,0.0,0.0,2022-11-30,1671.244432327106,1720.6893550095403,43.32190184512197,29.761331757374833,1699.177450067317,1688.5224975585938,1663.4498028691457,-49.44492268243425,-57.72361822102466,1688.5224975585938,81.77975143249105,1770.302248991085,1606.7427461261027,1852.082000423576,1524.9629946936118,SHAILY.BO,2023-08-21 12:17:32.222961
166,2022-11-29 00:00:00+05:30,1649.9000244140625,1896.0,1649.9000244140625,1672.449951171875,955,0.0,0.0,2022-11-29,1670.1888656905571,1724.1804995040534,42.62594589895021,30.316714807680818,1701.5066501977583,1698.8474975585937,1656.649679889656,-53.991633813496264,-59.79329210567226,1698.8474975585937,92.57788849258284,1791.4253860511765,1606.2696090660108,1884.0032745437593,1513.691720573428,SHAILY.BO,2023-08-21 12:17:32.222961
167,2022-11-28 00:00:00+05:30,1650.3499755859375,1657.550048828125,1607.5999755859375,1627.1500244140625,30,0.0,0.0,2022-11-28,1669.7777592394086,1728.3189433706277,35.36882761594511,30.795126823929447,1704.5652500952197,1710.9875,1648.7495442485465,-58.5411841312191,-61.24370667871625,1710.9875,104.13257307754985,1815.1200730775497,1606.8549269224502,1919.2526461550997,1502.7223538449002,SHAILY.BO,2023-08-21 12:17:32.222961
168,2022-11-25 00:00:00+05:30,1680.9000244140625,1680.9000244140625,1630.5999755859375,1631.0999755859375,266,0.0,0.0,2022-11-25,1677.5282564803808,1736.412456887153,35.73480503517081,31.189783846765195,1712.7142212195517,1724.6625,1659.5493041657883,-58.88420040677215,-61.91933731559053,1724.6625,110.31803333371782,1834.9805333337176,1614.3444666662822,1945.2985666674356,1504.0264333325642,SHAILY.BO,2023-08-21 12:17:32.222961
169,2022-11-24 00:00:00+05:30,1698.300048828125,1700.5,1635.449951171875,1691.5999755859375,299,0.0,0.0,2022-11-24,1685.9697620975523,1744.8374553912504,41.90123902619281,31.971512949138223,1721.305194444143,1738.1850036621095,1673.7739684557132,-58.86769329369804,-62.678121542795125,1738.1850036621095,114.73296179977439,1852.9179654618838,1623.4520418623351,1967.6509272616581,1508.7190800625608,SHAILY.BO,2023-08-21 12:17:32.222961
170,2022-11-23 00:00:00+05:30,1729.0,1729.0,1644.4000244140625,1687.550048828125,386,0.0,0.0,2022-11-23,1684.9460869178458,1749.0964537756754,41.27128605916082,32.888496823298766,1724.432059587112,1747.1050048828124,1664.860964890601,-64.15036685782957,-63.63072860506939,1747.1050048828124,117.81410377699956,1864.919108659812,1629.2909011058127,1982.7332124368115,1511.4767973288133,SHAILY.BO,2023-08-21 12:17:32.222961
171,2022-11-22 00:00:00+05:30,1618.0999755859375,1784.949951171875,1599.5,1707.449951171875,30,0.0,0.0,2022-11-22,1684.472639297795,1754.0201661714796,43.41930180476348,34.0091575642668,1728.3143765091106,1757.0625,1653.516422921839,-69.54752687368455,-63.50081904187934,1757.0625,120.89143019241189,1877.953930192412,1636.171069807588,1998.8453603848238,1515.2796396151762,SHAILY.BO,2023-08-21 12:17:32.222961
172,2022-11-21 00:00:00+05:30,1572.0999755859375,1651.949951171875,1551.300048828125,1627.0999755859375,80,0.0,0.0,2022-11-21,1680.2949462297804,1757.745783371448,29.701534765132806,35.216022977616994,1730.510631807767,1766.707501220703,1626.5496587968207,-77.45083714166753,-61.98914208392804,1766.707501220703,124.36986322066032,1891.0773644413634,1642.3376380000427,2015.4472276620238,1517.9677747793824,SHAILY.BO,2023-08-21 12:17:32.222961
173,2022-11-18 00:00:00+05:30,1580.699951171875,1649.300048828125,1577.0,1605.699951171875,198,0.0,0.0,2022-11-18,1689.9667590741153,1768.197447994289,25.2176170992243,33.02188581754207,1741.3959640416438,1780.1525024414063,1626.2745004022622,-78.23068892017363,-58.12371831949316,1780.1525024414063,123.01055208122509,1903.1630545226315,1657.1419503601812,2026.1736066038566,1534.131398278956,SHAILY.BO,2023-08-21 12:17:32.222961
174,2022-11-17 00:00:00+05:30,1663.8499755859375,1668.0,1529.6500244140625,1593.0,227,0.0,0.0,2022-11-17,1705.2879968745226,1781.197247740082,22.4933088406667,30.865300016517878,1755.6797548700404,1794.2225036621094,1636.5617750174556,-75.90925086555944,-53.09697566932304,1794.2225036621094,117.99756759842842,1912.2200712605377,1676.224936063681,2030.2176388589662,1558.2273684652525,SHAILY.BO,2023-08-21 12:17:32.222961
175,2022-11-16 00:00:00+05:30,1624.5,1680.1500244140625,1624.5,1636.050048828125,69,0.0,0.0,2022-11-16,1725.7039963062539,1796.2530275592885,25.406633020376034,28.54282300003029,1772.8039395932024,1809.0625061035157,1658.3426625261832,-70.54903125303463,-47.39390687026393,1809.0625061035157,109.73296557276122,1918.795471676277,1699.3295405307545,2028.5284372490382,1589.5965749579932,SHAILY.BO,2023-08-21 12:17:32.222961
176,2022-11-15 00:00:00+05:30,1612.0999755859375,1700.0,1611.949951171875,1640.699951171875,172,0.0,0.0,2022-11-15,1742.00471402955,1809.0692658577816,25.741025440624043,26.96397206557268,1787.1990859895263,1821.3300048828125,1669.488969375212,-67.06455182823152,-41.60512577457126,1821.3300048828125,102.87312742845761,1924.20313231127,1718.456877454355,2027.0762597397277,1615.5837500258974,SHAILY.BO,2023-08-21 12:17:32.222961
177,2022-11-14 00:00:00+05:30,1617.0,1667.0,1612.0,1629.6500244140625,181,0.0,0.0,2022-11-14,1760.4237618218547,1822.5388110326542,23.519850948188008,25.26367105923371,1802.6200475492792,1834.7300048828124,1683.8834784768803,-62.1150492107995,-35.2402692611562,1834.7300048828124,95.28069827240353,1930.0107031552159,1739.449306610409,2025.2914014276193,1644.1686083380055,SHAILY.BO,2023-08-21 12:17:32.222961
178,2022-11-11 00:00:00+05:30,1692.050048828125,1692.050048828125,1605.8499755859375,1617.0,796,0.0,0.0,2022-11-11,1784.2008049869078,1837.9699139621414,21.008199880070336,22.26572393542049,1820.8274184056177,1848.6125061035157,1711.000205508289,-53.76910897523362,-28.52157427374538,1848.6125061035157,83.3015934290526,1931.9140995325683,1765.310912674463,2015.2156929616208,1682.0093192454106,SHAILY.BO,2023-08-21 12:17:32.222961
179,2022-11-10 00:00:00+05:30,1762.050048828125,1808.75,1662.300048828125,1684.300048828125,225,0.0,0.0,2022-11-10,1814.6009513481638,1855.6475070791128,25.076548882108696,19.037165494390862,1842.2829361325248,1859.0625061035157,1758.000308262433,-41.04655573094897,-22.209690598373317,1859.0625061035157,63.464402097095636,1922.5269082006114,1795.59810400642,1985.991310297707,1732.1337019093244,SHAILY.BO,2023-08-21 12:17:32.222961
180,2022-11-09 00:00:00+05:30,1799.050048828125,1811.800048828125,1711.0,1719.699951171875,356,0.0,0.0,2022-11-09,1838.2920245336254,1869.3553037391919,27.696263994549852,16.046076684183323,1858.9127137435144,1868.0175048828125,1794.8504379795868,-31.06327920556646,-17.500474315229404,1868.0175048828125,48.34085874872115,1916.3583636315336,1819.6766461340915,1964.699222380255,1771.3357873853702,SHAILY.BO,2023-08-21 12:17:32.222961
181,2022-11-07 00:00:00+05:30,1850.050048828125,1850.050048828125,1770.5,1779.5999755859375,297,0.0,0.0,2022-11-07,1859.8542196903074,1881.3277319445774,33.135212324288915,13.358272708196267,1873.5666887510552,1873.9125061035156,1832.4256813834427,-21.473512254269963,-14.109773092645138,1873.9125061035156,34.51318773774823,1908.4256938412639,1839.3993183657674,1942.938881579012,1804.8861306280191,SHAILY.BO,2023-08-21 12:17:32.222961
182,2022-11-04 00:00:00+05:30,1854.949951171875,1859.050048828125,1823.5,1829.75,58,0.0,0.0,2022-11-04,1874.4459004365567,1889.4659524532685,39.10543120495694,11.330587503622562,1883.4579217158046,1877.177508544922,1858.8385342821948,-15.020052016711816,-12.268838302238931,1877.177508544922,27.497089119533744,1904.6745976644556,1849.6804194253882,1932.1716867839893,1822.1833303058545,SHAILY.BO,2023-08-21 12:17:32.222961
183,2022-11-03 00:00:00+05:30,1865.050048828125,1874.050048828125,1850.0,1853.5,205,0.0,0.0,2022-11-03,1882.572427788658,1894.24322864953,42.47051611990375,10.235909957374028,1889.1113871595735,1878.2625061035155,1873.382801423292,-11.670800860872077,-11.58103487362071,1878.2625061035155,25.9094603109262,1904.1719664144418,1852.3530457925892,1930.081426725368,1826.4435854816631,SHAILY.BO,2023-08-21 12:17:32.222961
184,2022-11-02 00:00:00+05:30,1884.550048828125,1917.0,1860.050048828125,1860.050048828125,22,0.0,0.0,2022-11-02,1887.858323750232,1897.5026869414924,43.427527394419265,9.757767460742851,1892.8599542290021,1879.9700073242188,1883.3242021349379,-9.644363191260254,-11.558593376807869,1879.9700073242188,25.310009588049397,1905.2800169122681,1854.6599977361695,1930.5900265003177,1829.34998814812,SHAILY.BO,2023-08-21 12:17:32.222961
185,2022-11-01 00:00:00+05:30,1886.0999755859375,1926.699951171875,1860.0,1883.550048828125,313,0.0,0.0,2022-11-01,1892.9143737360698,1900.4988979905618,46.95227509093995,9.532289739258873,1896.313628481726,1882.6525024414063,1894.9612787883443,-7.584524254491953,-12.03715092319477,1882.6525024414063,25.92329158559226,1908.5757940269987,1856.729210855814,1934.4990856125908,1830.805919270222,SHAILY.BO,2023-08-21 12:17:32.222961
186,2022-10-31 00:00:00+05:30,1892.8499755859375,1925.0,1874.0,1915.25,190,0.0,0.0,2022-10-31,1894.6169782647871,1901.8548059235566,52.265861702928966,9.289467577660742,1897.657163182105,1885.320001220703,1900.666893768454,-7.237827658769447,-13.150307590370474,1885.320001220703,28.624613021431696,1913.9446142421348,1856.6953881992713,1942.5692272635665,1828.0707751778396,SHAILY.BO,2023-08-21 12:17:32.222961
187,2022-10-28 00:00:00+05:30,1882.199951171875,1918.550048828125,1882.199951171875,1900.6500244140625,57,0.0,0.0,2022-10-28,1890.8655197674757,1900.783190397441,49.83805326863339,9.412063924212665,1895.8052856223267,1884.4075012207031,1893.375340652681,-9.917670629965414,-14.628427573270729,1884.4075012207031,27.90205176521243,1912.3095529859156,1856.5054494554906,1940.2116047511279,1828.6033976902784,SHAILY.BO,2023-08-21 12:17:32.222961
188,2022-10-27 00:00:00+05:30,1892.8499755859375,1905.0,1882.050048828125,1901.550048828125,21,0.0,0.0,2022-10-27,1889.0865189226417,1900.7938436761112,49.98357155920701,9.772027937096496,1895.2953131179333,1882.6849975585938,1889.73799877199,-11.707324753469493,-15.806116809097057,1882.6849975585938,27.9099306069754,1910.5949281655692,1854.7750669516183,1938.5048587725446,1826.865136344643,SHAILY.BO,2023-08-21 12:17:32.222961
189,2022-10-25 00:00:00+05:30,1904.0999755859375,1904.0999755859375,1867.050048828125,1870.0,15,0.0,0.0,2022-10-25,1886.8204225761901,1900.7333472639502,44.73048791780593,9.742276739923962,1894.6369198852815,1882.2374938964845,1883.8319737439222,-13.912924687760096,-16.830814823003948,1882.2374938964845,27.662183708150724,1909.8996776046351,1854.5753101883338,1937.5618613127858,1826.913126480183,SHAILY.BO,2023-08-21 12:17:32.222961
190,2022-10-24 00:00:00+05:30,1910.050048828125,1910.050048828125,1885.0,1886.699951171875,6,0.0,0.0,2022-10-24,1889.8786812264063,1903.1920150450662,47.165248076668675,9.683071736950406,1897.2302798732057,1884.8474914550782,1890.7479606158831,-13.313333818659885,-17.56028735681491,1884.8474914550782,28.882458464456207,1913.7299499195344,1855.965032990622,1942.6124083839907,1827.0825745261657,SHAILY.BO,2023-08-21 12:17:32.222961
191,2022-10-21 00:00:00+05:30,1894.0,1916.550048828125,1873.050048828125,1900.3499755859375,63,0.0,0.0,2022-10-21,1890.456632145412,1904.5113801549214,49.197741818417335,10.053787533135019,1898.3387355259772,1890.2499938964843,1892.7719653378872,-14.054748009509467,-18.622025741353664,1890.2499938964843,37.934237317915,1928.1842312143992,1852.3157565785693,1966.1184685323142,1814.3815192606544,SHAILY.BO,2023-08-21 12:17:32.222961
192,2022-10-20 00:00:00+05:30,1869.6500244140625,1901.75,1869.6500244140625,1896.0,25,0.0,0.0,2022-10-20,1888.6578424289528,1904.8442925204401,48.54154249228024,10.453019929026137,1898.1270260459814,1896.3574951171875,1888.9829602138618,-16.18645009148736,-19.763845174314714,1896.3574951171875,48.11343171581797,1944.4709268330055,1848.2440634013694,1992.5843585488233,1800.1306316855516,SHAILY.BO,2023-08-21 12:17:32.222961
193,2022-10-19 00:00:00+05:30,1884.9000244140625,1899.1500244140625,1831.5999755859375,1887.0999755859375,194,0.0,0.0,2022-10-19,1887.3229046887623,1905.5518359220755,47.24700097412161,10.504001928704017,1898.3509235245056,1901.2699951171876,1885.4744403207926,-18.228931233313233,-20.65819394502155,1901.2699951171876,52.856959658494,1954.1269547756815,1848.4130354586937,2006.9839144341756,1795.5560758001996,SHAILY.BO,2023-08-21 12:17:32.222961
194,2022-10-18 00:00:00+05:30,1858.050048828125,1896.6500244140625,1858.0,1889.800048828125,24,0.0,0.0,2022-10-18,1887.3634372529123,1907.0279847489667,47.58421935801379,10.49368350310924,1899.5352338338284,1903.3199951171875,1884.66167268822,-19.66454749605441,-21.265509622948628,1903.3199951171875,53.0730945320206,1956.3930896492082,1850.246900585167,2009.4661841812288,1797.1738060531463,SHAILY.BO,2023-08-21 12:17:32.222961
195,2022-10-17 00:00:00+05:30,1897.8499755859375,1900.0,1841.949951171875,1881.4000244140625,175,0.0,0.0,2022-10-17,1886.92041696651,1908.4062196226341,46.48070440255691,11.022414494483431,1900.5599901502183,1905.8699951171875,1882.0924846182675,-21.48580265612418,-21.665750154672182,1905.8699951171875,53.61177668121197,1959.4817717983994,1852.2582184359756,2013.0935484796114,1798.6464417547636,SHAILY.BO,2023-08-21 12:17:32.222961
196,2022-10-14 00:00:00+05:30,1880.4000244140625,1940.3499755859375,1869.8499755859375,1908.699951171875,194,0.0,0.0,2022-10-14,1887.9241247033187,1910.5667152393198,49.63422822437199,11.591817100578714,1902.576828648761,1910.8074951171875,1882.4387147203697,-22.64259053600108,-21.71073702930918,1910.8074951171875,55.74443306665818,1966.5519281838456,1855.0630620505294,2022.2963612505039,1799.3186289838711,SHAILY.BO,2023-08-21 12:17:32.222961
197,2022-10-13 00:00:00+05:30,1832.6500244140625,1942.0,1803.5999755859375,1907.300048828125,518,0.0,0.0,2022-10-13,1884.1467017090358,1910.7160563647155,49.47098130883937,12.190518402360963,1901.9322894358015,1916.6849975585938,1869.308096494617,-26.569354655679717,-21.477773652636202,1916.6849975585938,61.41876279140113,1978.103760349995,1855.2662347671926,2039.522523141396,1793.8474719757914,SHAILY.BO,2023-08-21 12:17:32.222961
198,2022-10-12 00:00:00+05:30,1863.8499755859375,1866.300048828125,1811.5,1826.0,56,0.0,0.0,2022-10-12,1879.937002232838,1910.9893369676429,38.7691647838876,12.835273650434154,1901.3672621313463,1924.5474975585937,1850.3121203278629,-31.052334734804845,-20.20487840187532,1924.5474975585937,69.66560807962306,1994.2131056382168,1854.8818894789706,2063.8787137178397,1785.2162813993475,SHAILY.BO,2023-08-21 12:17:32.222961
199,2022-10-11 00:00:00+05:30,1830.0999755859375,1876.949951171875,1830.050048828125,1863.4000244140625,130,0.0,0.0,2022-10-11,1889.7437299115359,1917.7884839250542,42.625575351824544,12.487744486208484,1909.300658145172,1934.2474975585938,1862.468180491794,-28.044754013518286,-17.493014318642935,1934.2474975585938,68.72156368090879,2002.9690612395025,1865.525933877685,2071.690624920411,1796.8043701967763,SHAILY.BO,2023-08-21 12:17:32.222961
200,2022-10-10 00:00:00+05:30,1812.949951171875,1856.050048828125,1810.0,1837.5999755859375,242,0.0,0.0,2022-10-10,1894.5334945474401,1922.1395606859335,38.72101823654655,12.448500976264242,1914.1323038010785,1938.4149963378907,1862.0022585306594,-27.60606613849336,-14.855079394924097,1938.4149963378907,66.69648462884062,2005.1114809667313,1871.71851170905,2071.807965595572,1805.0220270802095,SHAILY.BO,2023-08-21 12:17:32.222961
201,2022-10-07 00:00:00+05:30,1828.300048828125,1872.0,1778.5999755859375,1844.9000244140625,130,0.0,0.0,2022-10-07,1904.8850434495314,1928.9027274939333,39.425961559682435,11.899065510347668,1922.1883383500406,1944.0599975585938,1874.20340000302,-24.017684044401904,-11.667332709031779,1944.0599975585938,62.350899332441124,2006.4108968910348,1881.7090982261527,2068.761796223476,1819.3581988937115,SHAILY.BO,2023-08-21 12:17:32.222961
202,2022-10-06 00:00:00+05:30,1858.75,1869.949951171875,1813.75,1851.449951171875,141,0.0,0.0,2022-10-06,1915.7914105468894,1935.622943740323,40.033203178524296,11.307365777822126,1930.3239503433012,1949.8224975585938,1888.8550877974988,-19.831533193433643,-8.579744875189249,1949.8224975585938,57.86878027004192,2007.6912778286357,1891.9537172885518,2065.5600580986775,1834.08493701851,SHAILY.BO,2023-08-21 12:17:32.222961
203,2022-10-04 00:00:00+05:30,1905.050048828125,1927.5,1867.8499755859375,1887.6500244140625,129,0.0,0.0,2022-10-04,1927.489857705983,1942.356783145799,43.46912024973888,11.241889058532971,1938.6264765718724,1955.6525024414063,1907.5576561103105,-14.866925439815986,-5.76679779562815,1955.6525024414063,53.114784081721176,2008.7672865231275,1902.5377183596852,2061.8820706048486,1849.422934277964,SHAILY.BO,2023-08-21 12:17:32.222961
204,2022-10-03 00:00:00+05:30,1893.0999755859375,1938.949951171875,1860.0,1913.699951171875,330,0.0,0.0,2022-10-03,1934.7334637590595,1946.733323844338,46.11376529629126,12.013402685289849,1943.9924189042736,1960.2025024414063,1917.5114719584344,-11.999860085278442,-3.4917658845811905,1960.2025024414063,50.83146791212826,2011.0339703535346,1909.371034529278,2061.8654382656628,1858.5395666171498,SHAILY.BO,2023-08-21 12:17:32.222961
205,2022-09-30 00:00:00+05:30,1866.050048828125,1947.300048828125,1843.25,1936.9000244140625,132,0.0,0.0,2022-09-30,1938.557738774911,1949.375993658135,48.556815021198304,12.844263514104945,1947.1810997182104,1962.0575073242187,1919.4172323517141,-10.818254883223972,-1.3647423344068779,1962.0575073242187,49.70969537382026,2011.767202698039,1912.3478119503984,2061.476898071859,1862.638116576578,SHAILY.BO,2023-08-21 12:17:32.222961
206,2022-09-29 00:00:00+05:30,1884.5999755859375,1975.949951171875,1841.050048828125,1897.0,340,0.0,0.0,2022-09-29,1938.8591413859745,1950.374071197661,43.8021293719574,13.739036714367357,1948.2633181712786,1962.5875061035156,1910.6758363205397,-11.514929811686443,0.9986358027973958,1962.5875061035156,49.48334465571054,2012.0708507592262,1913.104161447805,2061.5541954149367,1863.6208167920945,SHAILY.BO,2023-08-21 12:17:32.222961
207,2022-09-28 00:00:00+05:30,1879.9000244140625,1886.5,1820.949951171875,1866.199951171875,109,0.0,0.0,2022-09-28,1946.4698943652427,1954.6439968934737,39.81485217220822,14.702638622342262,1953.65945692615,1965.2375061035157,1917.5137544808094,-8.17410252823106,4.127027206418355,1965.2375061035157,47.15020841670084,2012.3877145202166,1918.0872976868147,2059.5379229369173,1870.937089270114,SHAILY.BO,2023-08-21 12:17:32.222961
208,2022-09-27 00:00:00+05:30,1911.050048828125,1911.050048828125,1851.5999755859375,1892.5999755859375,658,0.0,0.0,2022-09-27,1961.0644294913095,1961.7195205512016,42.197802160626516,14.177693573074984,1962.8657206897576,1967.9775085449219,1943.1706561352764,-0.6550910598921291,7.202309640080709,1967.9775085449219,42.450012902403856,2010.4275214473257,1925.527495642518,2052.8775343497296,1883.0774827401142,SHAILY.BO,2023-08-21 12:17:32.222961
209,2022-09-26 00:00:00+05:30,1991.0,1991.0,1895.0,1922.199951171875,1002,0.0,0.0,2022-09-26,1973.512512019559,1967.2490841484228,45.001973048395335,14.089398319190627,1970.2621149112124,1969.6875122070312,1968.4559964099458,6.263427871136173,9.166659815073919,1969.6875122070312,39.86384509943811,2009.5513573064693,1929.823667107593,2049.4152024059076,1889.959822008155,SHAILY.BO,2023-08-21 12:17:32.222961
210,2022-09-23 00:00:00+05:30,1980.199951171875,2010.0,1962.199951171875,1994.75,75,0.0,0.0,2022-09-23,1982.8420685373194,1970.8530147865467,53.02104151411209,14.749575208544456,1975.321290041669,1966.8800170898437,1991.584019028981,11.989053750772655,9.892467801058356,1966.8800170898437,45.027133084288145,2011.9071501741319,1921.8528840055556,2056.93428325842,1876.8257509212674,SHAILY.BO,2023-08-21 12:17:32.222961
211,2022-09-22 00:00:00+05:30,1972.3499755859375,2037.199951171875,1959.0,2022.5,140,0.0,0.0,2022-09-22,1980.6769900895592,1968.9412559694706,56.603459254772574,14.853500524630485,1973.2761626776344,1960.3550170898438,1990.0010285434714,11.735734120088637,9.368321313629782,1960.3550170898438,49.961081444230146,2010.316098534074,1910.3939356456137,2060.277179978304,1860.4328542013836,SHAILY.BO,2023-08-21 12:17:32.222961
212,2022-09-21 00:00:00+05:30,1984.8499755859375,2019.0,1952.0,1994.25,264,0.0,0.0,2022-09-21,1973.072806469479,1964.6565564470284,53.64259956071692,14.965420095800056,1968.0947061173852,1953.4350158691407,1973.7515428152071,8.41625002245064,8.776468112015067,1953.4350158691407,50.48250746463996,2003.9175233337805,1902.9525084045008,2054.4000307984206,1852.4700009398607,SHAILY.BO,2023-08-21 12:17:32.222961
213,2022-09-20 00:00:00+05:30,1937.699951171875,1999.0,1906.0,1928.0999755859375,510,0.0,0.0,2022-09-20,1969.2224076457478,1962.2890809627906,45.56750383084474,15.412451437368508,1965.3415172876364,1949.9525146484375,1963.5023142228106,6.9333266829571585,8.866522634406174,1949.9525146484375,49.91794739049212,1999.8704620389296,1900.0345672579454,2049.788409429422,1850.1166198674532,SHAILY.BO,2023-08-21 12:17:32.222961
214,2022-09-19 00:00:00+05:30,1920.5,2050.0,1900.0,1940.800048828125,322,0.0,0.0,2022-09-19,1976.6992134748043,1965.0242093929387,47.02790935416661,16.26176527570466,1969.2616795720257,1951.137518310547,1981.203483541247,11.675004081865609,9.349821622268426,1951.137518310547,49.652488784499226,2000.7900070950461,1901.4850295260478,2050.4424958795453,1851.8325407415484,SHAILY.BO,2023-08-21 12:17:32.222961
215,2022-09-16 00:00:00+05:30,2043.1500244140625,2043.1500244140625,1948.3499755859375,1980.1500244140625,197,0.0,0.0,2022-09-16,1983.2263343196548,1966.9621422381238,51.80479106305229,17.17641094775898,1972.2576407029626,1955.4275146484374,2001.4052008978076,16.264192081531064,8.768526007369129,1955.4275146484374,52.345844362560875,2007.7733590109983,1903.0816702858765,2060.1192033735592,1850.7358259233156,SHAILY.BO,2023-08-21 12:17:32.222961
216,2022-09-15 00:00:00+05:30,2013.4000244140625,2098.64990234375,2013.4000244140625,2026.25,229,0.0,0.0,2022-09-15,1983.7856633933989,1965.9071116640484,58.240317082547385,17.171769111764952,1971.4268634702153,1957.8150146484375,2012.03278913968,17.87855172935042,6.894609488828644,1957.8150146484375,54.5742951234354,2012.3893097718728,1903.240719525002,2066.9636048953084,1848.6664244015667,SHAILY.BO,2023-08-21 12:17:32.222961
217,2022-09-14 00:00:00+05:30,2012.5,2081.14990234375,2010.0,2064.550048828125,810,0.0,0.0,2022-09-14,1976.0648749194713,1961.0796805971722,64.413422046336,15.525213903073743,1965.656006993396,1955.5525146484374,2004.9241837095199,14.985194322299094,4.1486239286982,1955.5525146484374,52.48585688036663,2008.038371528804,1903.0666577680709,2060.5242284091705,1850.580800887704,SHAILY.BO,2023-08-21 12:17:32.222961
218,2022-09-13 00:00:00+05:30,1985.0,2024.0,1952.949951171875,2020.0,424,0.0,0.0,2022-09-13,1959.9766614815344,1952.802051138696,59.81261608227258,13.97708222435266,1955.2461078528981,1948.5950134277343,1975.111251150217,7.174610342838378,1.4394813302979759,1948.5950134277343,46.1126264374409,1994.7076398651752,1902.4823869902934,2040.8202663026161,1856.3697605528525,SHAILY.BO,2023-08-21 12:17:32.222961
219,2022-09-12 00:00:00+05:30,1961.75,1965.050048828125,1936.050048828125,1946.75,179,0.0,0.0,2022-09-12,1949.06332720545,1947.4262152297918,49.92918927330978,13.145665154757907,1948.429908679519,1944.7900146484376,1952.6668767253254,1.637111975658172,0.005699077162875266,1944.7900146484376,42.94116079772447,1987.731175446162,1901.848853850713,2030.6723362438865,1858.9076930529886,SHAILY.BO,2023-08-21 12:17:32.222961
220,2022-09-09 00:00:00+05:30,1964.699951171875,1976.0,1942.0,1950.5,181,0.0,0.0,2022-09-09,1949.4839321518953,1947.480312448175,50.51982347839469,13.366542329832049,1948.6067411720999,1945.3025146484374,1955.625315087988,2.003619703720233,-0.4021541474609489,1945.3025146484374,43.02686529010964,1988.329379938547,1902.2756493583279,2031.3562452286567,1859.2487840682181,SHAILY.BO,2023-08-21 12:17:32.222961
221,2022-09-08 00:00:00+05:30,1988.9000244140625,2061.050048828125,1922.5,1960.1500244140625,426,0.0,0.0,2022-09-08,1949.299192543149,1947.2387374440289,51.98939318468464,13.448201819506036,1948.407450769163,1944.1725158691406,1958.1879726319817,2.0604550991201904,-1.0035976102562443,1944.1725158691406,43.17967752050735,1987.352193389648,1900.9928383486333,2030.5318709101552,1857.813160828126,SHAILY.BO,2023-08-21 12:17:32.222961
222,2022-09-07 00:00:00+05:30,1906.050048828125,2000.0,1906.050048828125,1968.050048828125,146,0.0,0.0,2022-09-07,1947.3263140211648,1946.205834486426,53.16501988676051,13.536142808385714,1947.1713903854895,1945.5450134277344,1957.206946740941,1.1204795347387062,-1.7696107876003528,1945.5450134277344,44.13984651197242,1989.6848599397067,1901.405166915762,2033.8247064516793,1857.2653204037895,SHAILY.BO,2023-08-21 12:17:32.222961
223,2022-09-06 00:00:00+05:30,1985.699951171875,1994.949951171875,1921.699951171875,1978.6500244140625,140,0.0,0.0,2022-09-06,1943.5583622380811,1944.4582973390902,54.706316622222154,14.21099108591462,1944.973636865212,1947.7900085449219,1951.785395697349,-0.8999351010090777,-2.4921333681851174,1947.7900085449219,46.427274143945276,1994.217282688867,1901.3627344009767,2040.6445568328124,1854.9354602570313,SHAILY.BO,2023-08-21 12:17:32.222961
224,2022-09-05 00:00:00+05:30,1954.5,1995.0,1920.0,1950.800048828125,148,0.0,0.0,2022-09-05,1937.1780600242664,1941.7229591730925,51.258930036892906,15.293639198270464,1941.428753965333,1952.7025024414063,1938.353081338992,-4.544899148826062,-2.8901829349791273,1952.7025024414063,54.38107065976519,2007.0835731011714,1898.3214317816412,2061.4646437609367,1843.9403611218759,SHAILY.BO,2023-08-21 12:17:32.222961
225,2022-09-02 00:00:00+05:30,1926.0999755859375,1955.0,1901.050048828125,1947.5,76,0.0,0.0,2022-09-02,1934.7013347872012,1940.9967920006898,50.847303129821086,16.45956793465368,1940.4423018745129,1955.8650024414062,1932.1295975944254,-6.295457213488589,-2.4765038815173934,1955.8650024414062,56.07729161793948,2011.9422940593456,1899.7877108234668,2068.0195856772852,1843.7104192055272,SHAILY.BO,2023-08-21 12:17:32.222961
226,2022-09-01 00:00:00+05:30,1929.949951171875,1975.949951171875,1926.1500244140625,1950.0,148,0.0,0.0,2022-09-01,1932.3743047485104,1940.476535360745,51.151185697872734,16.791637461153684,1939.6993862823565,1961.8224975585938,1924.4443963916378,-8.102230612234507,-1.521765548524594,1961.8224975585938,61.23383820627218,2023.056335764866,1900.5886593523217,2084.2901739711383,1839.3548211460495,SHAILY.BO,2023-08-21 12:17:32.222961
227,2022-08-30 00:00:00+05:30,1963.6500244140625,1970.0,1915.75,1921.0,123,0.0,0.0,2022-08-30,1929.1696328846033,1939.7146581896047,47.7902286570155,17.65685462013256,1938.6151111541835,1963.729998779297,1911.6665945874565,-10.545025305001445,0.1233507174028845,1963.729998779297,61.44003147769773,2025.1700302569946,1902.2899673015993,2086.6100617346924,1840.8499358239014,SHAILY.BO,2023-08-21 12:17:32.222961
228,2022-08-29 00:00:00+05:30,1876.800048828125,1957.3499755859375,1861.0,1926.800048828125,1260,0.0,0.0,2022-08-29,1930.6550206818038,1941.2118308447732,48.408783795173186,18.452145011925545,1940.4693333809396,1963.5649963378905,1906.9998918811846,-10.556810162969441,2.790444723003967,1963.5649963378905,61.565130194982885,2025.1301265328734,1901.9998661429076,2086.6952567278563,1840.4347359479248,SHAILY.BO,2023-08-21 12:17:32.222961
229,2022-08-26 00:00:00+05:30,1945.5,1980.0,1827.699951171875,1866.050048828125,503,0.0,0.0,2022-08-26,1931.3559246552,1942.364773406105,40.97893535250408,19.025233381047183,1941.9082054391308,1964.1249938964843,1897.0998134077142,-11.008848750905145,6.127258444497318,1964.1249938964843,61.26331244787218,2025.3883063443564,1902.8616814486122,2086.651618792229,1841.59836900074,SHAILY.BO,2023-08-21 12:17:32.222961
230,2022-08-25 00:00:00+05:30,1941.0,1979.6500244140625,1800.0,1864.25,475,0.0,0.0,2022-08-25,1943.2297202601226,1948.4699513723433,40.74414676431272,19.642405470870486,1949.893274556079,1969.1874938964843,1912.6246956975087,-5.240231112220727,10.411285243347933,1969.1874938964843,56.749441726112735,2025.936935622597,1912.4380521703715,2082.68637734871,1855.6886104442588,SHAILY.BO,2023-08-21 12:17:32.222961
231,2022-08-24 00:00:00+05:30,1914.949951171875,1964.8499755859375,1873.449951171875,1884.0999755859375,310,0.0,0.0,2022-08-24,1957.5896693983266,1955.2075474821308,42.474361999798596,20.300054607526043,1958.9083560882978,1973.9749938964844,1936.8120435462627,2.3821219161957288,14.324164332240098,1973.9749938964844,51.198074019134694,2025.1730679156192,1922.7769198773497,2076.3711419347537,1871.5788458582151,SHAILY.BO,2023-08-21 12:17:32.222961
232,2022-08-23 00:00:00+05:30,2000.050048828125,2000.050048828125,1901.300048828125,1924.5999755859375,310,0.0,0.0,2022-08-23,1970.9514319096702,1960.8961532338262,46.19055176783081,21.415021327876428,1966.7829224569673,1977.4449951171875,1963.1680775264251,10.055278675843965,17.30967493625119,1977.4449951171875,46.962751853499164,2024.4077469706867,1930.4822432636884,2071.3704988241857,1883.5194914101892,SHAILY.BO,2023-08-21 12:17:32.222961
233,2022-08-22 00:00:00+05:30,1888.0,2050.0,1888.0,1951.800048828125,675,0.0,0.0,2022-08-22,1979.3789694230761,1963.7998474456574,48.85631078020976,22.03203047637857,1971.2232326539179,1978.9449951171875,1982.4521284966686,15.579121977418708,19.123274001352996,1978.9449951171875,45.64669815668256,2024.59169327387,1933.298296960505,2070.238391430553,1887.6515988038225,SHAILY.BO,2023-08-21 12:17:32.222961
234,2022-08-19 00:00:00+05:30,1980.0999755859375,2037.4000244140625,1933.1500244140625,2026.5999755859375,232,0.0,0.0,2022-08-19,1984.3933186221582,1964.75983133506,57.30086946945915,22.696501867073184,1973.2677783197908,1977.9999938964843,1997.7781683309404,19.633487287098205,20.00931200733657,1977.9999938964843,46.427209961520695,2024.427203858005,1931.5727839349636,2070.8544138195257,1885.1455739734429,SHAILY.BO,2023-08-21 12:17:32.222961
235,2022-08-18 00:00:00+05:30,1999.949951171875,2050.0,1985.300048828125,2027.9000244140625,553,0.0,0.0,2022-08-18,1976.7193809923801,1959.8126197949898,57.461152554410255,22.44016411281271,1967.653862818091,1972.2549926757813,1983.3672647034416,16.906761197390324,20.103268187396157,1972.2549926757813,47.19939079444254,2019.4543834702238,1925.0556018813388,2066.6537742646665,1877.856211086896,SHAILY.BO,2023-08-21 12:17:32.222961
236,2022-08-17 00:00:00+05:30,1940.050048828125,1986.4000244140625,1916.0999755859375,1981.0,230,0.0,0.0,2022-08-17,1967.413809461165,1954.365627425464,53.062817559699276,20.8482822091681,1961.3121615974626,1966.7749938964844,1961.1008848481308,13.048182035701075,20.902394934897615,1966.7749938964844,46.759196118878535,2013.5341900153628,1920.015797777606,2060.2933861342412,1873.2566016587273,SHAILY.BO,2023-08-21 12:17:32.222961
237,2022-08-16 00:00:00+05:30,1944.050048828125,1960.0,1925.0999755859375,1925.4000244140625,233,0.0,0.0,2022-08-16,1964.9435929995589,1952.2348776195013,47.03423677043035,19.928408525583073,1959.2397575550901,1964.1299926757813,1951.151327272196,12.708715380057583,22.86594815969675,1964.1299926757813,47.403925900885845,2011.5339185766672,1916.7260667748953,2058.937844477553,1869.3221408740096,SHAILY.BO,2023-08-21 12:17:32.222961
238,2022-08-12 00:00:00+05:30,1926.0,2052.449951171875,1926.0,1943.9000244140625,62,0.0,0.0,2022-08-12,1972.1333327423763,1954.3816658759363,48.97785089922888,19.32685010827801,1962.80183472783,1965.7549926757813,1964.0269787012628,17.75166686644002,25.40525635460654,1965.7549926757813,46.55585281115526,2012.3108454869366,1919.199139864626,2058.8666982980917,1872.6432870534709,SHAILY.BO,2023-08-21 12:17:32.222961
239,2022-08-11 00:00:00+05:30,1981.0,1981.0,1931.0999755859375,1957.0,251,0.0,0.0,2022-08-11,1977.2666615293424,1955.2201971928862,50.34581339871885,18.655545187015942,1964.7914989713845,1966.577490234375,1974.0904558448628,22.04646433645621,27.318653726648165,1966.577490234375,46.2939951294402,2012.8714853638153,1920.283495104935,2059.1654804932555,1873.9894999754947,SHAILY.BO,2023-08-21 12:17:32.222961
240,2022-08-10 00:00:00+05:30,2046.0,2046.0,1926.949951171875,1927.9000244140625,68,0.0,0.0,2022-08-10,1980.951509080132,1955.077812968317,47.31026255313135,19.11535638694585,1965.611656757846,1965.1049926757812,1982.6356837672943,25.87369611181498,28.636701074196154,1965.1049926757812,47.07641805348063,2012.1814107292619,1918.0285746223005,2059.2578287827423,1870.9521565688199,SHAILY.BO,2023-08-21 12:17:32.222961
241,2022-08-08 00:00:00+05:30,2008.8499755859375,2058.550048828125,1986.9000244140625,1987.5999755859375,370,0.0,0.0,2022-08-08,1990.5972335648719,1957.2520360526573,53.54628457605729,19.610537679178062,1969.5813022677178,1967.032489013672,2010.0035134439097,33.345197512214554,29.327452314791447,1967.032489013672,46.254950236092526,2013.2874392497645,1920.7775387775794,2059.542389485857,1874.5225885414868,SHAILY.BO,2023-08-21 12:17:32.222961
242,2022-08-05 00:00:00+05:30,2081.199951171875,2081.199951171875,2000.0,2012.949951171875,308,0.0,0.0,2022-08-05,1991.1421895610417,1954.8242008899952,56.481767154851276,18.55859004743907,1967.6845998131685,1964.5849914550781,2021.2052823728955,36.31798867104658,28.32301601543567,1964.5849914550781,46.404188735833266,2010.9891801909114,1918.1808027192449,2057.3933689267446,1871.7766139834116,SHAILY.BO,2023-08-21 12:17:32.222961
243,2022-08-04 00:00:00+05:30,2090.050048828125,2106.800048828125,2000.0,2076.89990234375,414,0.0,0.0,2022-08-04,1987.1771419954357,1950.1741408674447,64.80378053884797,17.030580824396814,1962.9198259859363,1959.247491455078,2025.3329479734052,37.003001127990956,26.32427285153294,1959.247491455078,46.68680157673878,2005.9342930318169,1912.5606898783392,2052.6210946085557,1865.8738883016006,SHAILY.BO,2023-08-21 12:17:32.222961
244,2022-08-03 00:00:00+05:30,2118.60009765625,2148.60009765625,2005.0,2014.050048828125,337,0.0,0.0,2022-08-03,1970.863912841197,1940.0360799493403,59.33601155752051,15.385032430351309,1950.9219232114297,1950.0449951171875,1999.5494707882326,30.827832891856588,23.654590782418435,1950.0449951171875,39.92513582124215,1989.9701309384295,1910.1198592959454,2029.8952667596718,1870.194723474703,SHAILY.BO,2023-08-21 12:17:32.222961
245,2022-08-02 00:00:00+05:30,2012.9000244140625,2126.14990234375,2000.0,2066.64990234375,3139,0.0,0.0,2022-08-02,1963.0118881163007,1934.1149624390375,67.48315360429453,13.476114483965254,1944.2768573570406,1942.384991455078,1992.299181768286,28.896925677263198,21.861280255058894,1942.384991455078,41.657693055309764,1984.0426845103877,1900.7272983997684,2025.7003775656976,1859.0696053444585,SHAILY.BO,2023-08-21 12:17:32.222961
246,2022-08-01 00:00:00+05:30,1940.8499755859375,1999.199951171875,1940.8499755859375,1988.1500244140625,211,0.0,0.0,2022-08-01,1944.168612802219,1923.5121672466605,59.842014942490266,11.680678601518387,1931.3954842005448,1934.0574951171875,1955.1238214805537,20.656445555558548,20.10236889950782,1934.0574951171875,30.720484342784502,1964.777979459972,1903.337010774403,1995.4984638027565,1872.6165264316185,SHAILY.BO,2023-08-21 12:17:32.222961
247,2022-07-29 00:00:00+05:30,1900.050048828125,1945.199951171875,1887.449951171875,1917.699951171875,327,0.0,0.0,2022-07-29,1936.1719925091566,1918.3411386732685,50.062897598163005,11.802021440128643,1925.421322072806,1930.9199951171875,1938.610720013799,17.830853835888092,19.96384973549514,1930.9199951171875,27.98804909909372,1958.9080442162813,1902.9319460180936,1986.8960933153749,1874.943896919,SHAILY.BO,2023-08-21 12:17:32.222961
248,2022-07-28 00:00:00+05:30,1942.0,1945.0,1930.0,1938.0,101,0.0,0.0,2022-07-28,1939.5305454795714,1918.3924336733799,53.55217256979053,12.100730224377878,1926.2340979571145,1929.5349975585937,1949.066104434761,21.138111806191546,20.4970987103969,1929.5349975585937,29.32988329585481,1958.8648808544485,1900.2051142627388,1988.1947641503032,1870.8752309668841,SHAILY.BO,2023-08-21 12:17:32.222961
249,2022-07-27 00:00:00+05:30,1941.9000244140625,1969.949951171875,1941.9000244140625,1967.300048828125,115,0.0,0.0,2022-07-27,1939.8088264758571,1916.8238283672501,59.070069635125826,12.423111578023386,1924.9955819526003,1927.4274963378907,1954.5991566521411,22.984998108606987,20.33684543644824,1927.4274963378907,30.191313006332802,1957.6188093442236,1897.2361833315579,1987.8101223505564,1867.044870325225,SHAILY.BO,2023-08-21 12:17:32.222961
250,2022-07-26 00:00:00+05:30,1910.0,1960.0,1910.0,1960.0,40,0.0,0.0,2022-07-26,1934.8104224118083,1912.78573073038,58.07056204275085,12.382422598104782,1920.5424801762294,1923.0624938964843,1948.248710564149,22.024691681428294,19.67480726840855,1923.0624938964843,30.433079544266498,1953.4955734407508,1892.6294143522177,1983.9286529850174,1862.1963348079512,SHAILY.BO,2023-08-21 12:17:32.222961
251,2022-07-25 00:00:00+05:30,1932.9000244140625,1969.6500244140625,1864.949951171875,1953.5,149,0.0,0.0,2022-07-25,1930.2304992139552,1909.0085891888104,57.20653292441467,12.590672878533859,1916.389057036885,1915.9549926757813,1942.3730658462232,21.22191002514478,19.087336165153612,1915.9549926757813,37.19948886212191,1953.1544815379032,1878.7555038136595,1990.3539704000252,1841.5560149515375,SHAILY.BO,2023-08-21 12:17:32.222961
252,2022-07-22 00:00:00+05:30,1956.0,1958.25,1882.5999755859375,1954.5999755859375,88,0.0,0.0,2022-07-22,1925.9996808892197,1905.4492763239152,57.392381067361555,12.814942411303635,1912.4826419881363,1909.3299926757813,1936.8095987693346,20.55040456530446,18.55369270015582,1909.3299926757813,41.688852491777006,1951.0188451675583,1867.6411401840044,1992.7076976593353,1825.9522876922274,SHAILY.BO,2023-08-21 12:17:32.222961
253,2022-07-21 00:00:00+05:30,1915.8499755859375,1986.0,1862.550048828125,1932.9000244140625,659,0.0,0.0,2022-07-21,1920.7996273079982,1901.5172203829534,54.69632845159422,12.54102195718995,1908.0492384515258,1902.0374938964844,1927.9144103610329,19.282406925044825,18.05451473386866,1902.0374938964844,45.8972541459355,1947.9347480424199,1856.140239750549,1993.8320021883553,1810.2429856046135,SHAILY.BO,2023-08-21 12:17:32.222961
254,2022-07-20 00:00:00+05:30,1918.6500244140625,1939.0,1885.75,1911.699951171875,389,0.0,0.0,2022-07-20,1918.5995551068954,1899.0065960604647,51.937404278238944,12.246030698913673,1905.433366244943,1895.2424926757812,1925.4216033345178,19.59295904643068,17.74754168607462,1895.2424926757812,50.87732372911894,1946.1198164049001,1844.3651689466624,1996.9971401340192,1793.4878452175433,SHAILY.BO,2023-08-21 12:17:32.222961
255,2022-07-19 00:00:00+05:30,1926.6500244140625,1943.0,1909.1500244140625,1918.300048828125,70,0.0,0.0,2022-07-19,1919.8540285496265,1897.991127651552,52.86813433803683,12.977960138705477,1904.7737257263186,1890.3499938964844,1932.2824294158393,21.862900898074486,17.286187345985606,1890.3499938964844,53.830485560974466,1944.180479457459,1836.51950833551,1998.0109650184334,1782.6890227745355,SHAILY.BO,2023-08-21 12:17:32.222961
256,2022-07-18 00:00:00+05:30,1903.1500244140625,1955.449951171875,1903.0999755859375,1928.0999755859375,412,0.0,0.0,2022-07-18,1920.1365703171723,1896.3664139574262,54.20750371423399,13.121436025428105,1903.3499022419178,1885.4849914550782,1939.273619709696,23.770156359746125,16.142008957963387,1885.4849914550782,55.541143330412154,1941.0261347854903,1829.9438481246661,1996.5672781159026,1774.4027047942539,SHAILY.BO,2023-08-21 12:17:32.222961
257,2022-07-15 00:00:00+05:30,1961.1500244140625,1973.050048828125,1884.050048828125,1957.9000244140625,63,0.0,0.0,2022-07-15,1918.6886784501241,1893.827729027145,58.38393403772285,13.275948518821705,1900.7446313635999,1876.8474914550782,1944.860441771575,24.860949422979047,14.234972107517702,1876.8474914550782,61.66057804171354,1938.5080694967917,1815.1869134133647,2000.1686475385052,1753.5263353716512,SHAILY.BO,2023-08-21 12:17:32.222961
258,2022-07-14 00:00:00+05:30,1954.0999755859375,1990.5,1926.050048828125,1960.3499755859375,75,0.0,0.0,2022-07-14,1911.5593428203172,1888.7019453961916,58.72936900987254,13.442346588630198,1894.7282742003933,1874.294989013672,1938.340650450331,22.857397424125566,11.578477778652365,1874.294989013672,59.13358711871847,1933.4285761323904,1815.1614018949535,1992.5621632511088,1756.0278147762351,SHAILY.BO,2023-08-21 12:17:32.222961
259,2022-07-13 00:00:00+05:30,1941.4000244140625,1972.449951171875,1907.949951171875,1927.550048828125,159,0.0,0.0,2022-07-13,1902.6883186811135,1882.970102981012,55.452823478613546,12.486273316523787,1887.8207266861255,1866.2299926757812,1927.3359878825272,19.71821570010161,8.758747867284065,1866.2299926757812,57.762808274777086,1923.9928009505584,1808.467184401004,1981.7556092253353,1750.704376126227,SHAILY.BO,2023-08-21 12:17:32.222961
260,2022-07-12 00:00:00+05:30,1926.050048828125,1978.9000244140625,1896.8499755859375,1966.449951171875,52,0.0,0.0,2022-07-12,1898.1680041089296,1879.4037073132429,60.76563237632714,11.775823773335183,1883.6386927764413,1859.8924926757813,1927.228957409728,18.764296795686732,6.018880909079678,1859.8924926757813,57.63403075320469,1917.5265234289861,1802.2584619225765,1975.1605541821907,1744.624431169372,SHAILY.BO,2023-08-21 12:17:32.222961
261,2022-07-11 00:00:00+05:30,1933.8499755859375,1939.949951171875,1908.6500244140625,1938.6500244140625,96,0.0,0.0,2022-07-11,1885.7531046429397,1872.4400078045524,58.10180318108456,11.010724265285917,1874.9217182085008,1851.7349975585937,1907.6184605286542,13.31309683838731,2.8325269374279154,1851.7349975585937,53.12808095047805,1904.8630785090718,1798.6069166081156,1957.9911594595499,1745.4788356576375,SHAILY.BO,2023-08-21 12:17:32.222961
262,2022-07-08 00:00:00+05:30,1942.0,1955.0,1895.0,1906.199951171875,467,0.0,0.0,2022-07-08,1876.1354828663718,1867.1432064757914,54.77354104066866,10.886765056174244,1868.2134754500207,1846.1149963378907,1892.10267858595,8.9922763905804,0.2123844621880664,1846.1149963378907,49.25382253773288,1895.3688188756237,1796.8611738001578,1944.6226414133564,1747.607351262425,SHAILY.BO,2023-08-21 12:17:32.222961
263,2022-07-07 00:00:00+05:30,1948.9000244140625,1949.0,1877.199951171875,1892.8499755859375,458,0.0,0.0,2022-07-07,1870.6692159017348,1864.0186669001048,53.358138575084666,10.753270523284751,1864.2148990582468,1846.7,1885.054042292987,6.650549001629997,-1.982588519910017,1846.7,50.06778853650759,1896.7677885365076,1796.6322114634925,1946.8355770730152,1746.564422926985,SHAILY.BO,2023-08-21 12:17:32.222961
264,2022-07-06 00:00:00+05:30,1906.050048828125,1948.8499755859375,1858.0,1860.8499755859375,254,0.0,0.0,2022-07-06,1866.636350504607,1861.7121622052382,49.86589387086356,10.714918744679803,1861.2006804763846,1848.179998779297,1881.1560756465117,4.9241882993687796,-4.140872900295021,1848.179998779297,51.90746445561956,1900.0874632349164,1796.2725343236775,1951.994927690536,1744.3650698680578,SHAILY.BO,2023-08-21 12:17:32.222961
265,2022-07-05 00:00:00+05:30,1900.699951171875,1911.800048828125,1890.1500244140625,1900.0999755859375,147,0.0,0.0,2022-07-05,1867.688418671638,1861.7811371347823,54.51477002608403,10.67610357073067,1861.2375967806422,1851.5724975585938,1891.3091256767984,5.907281536855635,-6.407138200210971,1851.5724975585938,54.90952650529983,1906.4820240638937,1796.6629710532939,1961.3915505691934,1741.7534445479941,SHAILY.BO,2023-08-21 12:17:32.222961
266,2022-07-04 00:00:00+05:30,1833.0,1938.300048828125,1800.6500244140625,1925.4000244140625,163,0.0,0.0,2022-07-04,1861.7954083235834,1858.7156300586898,57.736514620174475,11.256764063055197,1857.1468200642953,1852.625,1886.913700722229,3.079778264893548,-9.485743134477621,1852.625,56.07796584433707,1908.702965844337,1796.547034155663,1964.7809316886742,1740.4690683113258,SHAILY.BO,2023-08-21 12:17:32.222961
267,2022-07-01 00:00:00+05:30,1906.949951171875,1909.0999755859375,1858.5999755859375,1890.0,537,0.0,0.0,2022-07-01,1850.2309326707689,1853.3808785102601,54.22141755503616,11.882090747096997,1849.962272238004,1852.5625,1867.6705388763119,-3.149945839491238,-12.627123484320412,1852.5625,55.99322027827585,1908.5557202782759,1796.5692797217241,1964.5489405565518,1740.5760594434482,SHAILY.BO,2023-08-21 12:17:32.222961
268,2022-06-30 00:00:00+05:30,1860.0,1923.0,1860.0,1895.8499755859375,233,0.0,0.0,2022-06-30,1843.0001931563634,1850.4513487910808,54.92237105910434,11.443715167842797,1845.7477745788467,1854.0,1856.5058083144677,-7.451155634717452,-14.996417895527705,1854.0,57.35735819840328,1911.3573581984033,1796.6426418015967,1968.7147163968066,1739.2852836031934,SHAILY.BO,2023-08-21 12:17:32.222961
269,2022-06-29 00:00:00+05:30,1810.050048828125,1900.0,1794.9000244140625,1880.0,129,0.0,0.0,2022-06-29,1833.3911418055318,1846.8194586474924,53.40696845517576,10.943091376679442,1840.4738586833635,1853.3424987792969,1836.8337246787328,-13.428316841960623,-16.882733460730268,1853.3424987792969,56.926122407222174,1910.268621186519,1796.4163763720746,1967.1947435937411,1739.4902539648526,SHAILY.BO,2023-08-21 12:17:32.222961
270,2022-06-28 00:00:00+05:30,1810.050048828125,1820.0,1810.0,1817.8499755859375,36,0.0,0.0,2022-06-28,1824.916803951992,1844.1650153392918,46.90836140614946,10.72297278343264,1836.3132122289805,1855.075,1815.250587018099,-19.24821138729976,-17.74633761542268,1855.075,58.29103205949015,1913.3660320594902,1796.78396794051,1971.6570641189803,1738.4929358810198,SHAILY.BO,2023-08-21 12:17:32.222961
271,2022-06-27 00:00:00+05:30,1821.8499755859375,1821.8499755859375,1808.75,1821.0,170,0.0,0.0,2022-06-27,1826.2016818367292,1846.27021851956,47.218313459084406,11.316084007152279,1838.256710822985,1859.9825012207032,1813.9508927341797,-20.06853668283088,-17.370869172453407,1859.9825012207032,59.11786877897673,1919.10036999968,1800.8646324417264,1978.2182387786565,1741.7467636627498,SHAILY.BO,2023-08-21 12:17:32.222961
272,2022-06-24 00:00:00+05:30,1814.8499755859375,1821.5999755859375,1784.4000244140625,1808.75,75,0.0,0.0,2022-06-24,1827.14744217068,1848.291836001125,45.92811470439488,11.954819171158045,1840.0732066990888,1862.957501220703,1810.4263391012691,-21.14439383044487,-16.696452294859036,1862.957501220703,58.547257396835185,1921.5047586175383,1804.4102438238679,1980.0520160143735,1745.8629864270326,SHAILY.BO,2023-08-21 12:17:32.222961
273,2022-06-23 00:00:00+05:30,1794.6500244140625,1825.0,1785.0,1797.0,297,0.0,0.0,2022-06-23,1830.4924316562583,1851.4551828812148,44.72468231209872,12.638519840605335,1843.3703863516243,1863.9825012207032,1811.2645086519035,-20.96275122495649,-15.584466910962576,1863.9825012207032,57.72191756265339,1921.7044187833565,1806.2605836580499,1979.42633634601,1748.5386660953964,SHAILY.BO,2023-08-21 12:17:32.222961
274,2022-06-22 00:00:00+05:30,1825.25,1825.300048828125,1784.1500244140625,1813.8499755859375,303,0.0,0.0,2022-06-22,1836.581964684669,1855.811597511712,46.09064982753903,13.383563222947258,1848.2514796517953,1863.1825012207032,1818.396762977855,-19.229632827043133,-14.239895832464097,1863.1825012207032,58.79993538044599,1921.9824366011492,1804.3825658402573,1980.7823719815951,1745.5826304598113,SHAILY.BO,2023-08-21 12:17:32.222961
275,2022-06-21 00:00:00+05:30,1767.25,1825.300048828125,1767.25,1821.0,92,0.0,0.0,2022-06-21,1840.715053611711,1859.168527265774,46.652066683752885,14.185917634700097,1851.8726906060963,1861.3050048828125,1820.6701566738136,-18.45347365406292,-12.992461583819336,1861.3050048828125,61.015778033837435,1922.32078291665,1800.289226848975,1983.3365609504874,1739.2734488151375,SHAILY.BO,2023-08-21 12:17:32.222961
276,2022-06-20 00:00:00+05:30,1880.050048828125,1880.050048828125,1732.0,1755.3499755859375,376,0.0,0.0,2022-06-20,1844.2996088138402,1862.2220094470358,40.46970106309581,15.04999161658777,1855.1224475120014,1860.2050048828125,1820.5052350107203,-17.922400633195593,-11.627208566258439,1860.2050048828125,61.97146984797866,1922.1764747307911,1798.233535034834,1984.14794457877,1736.2620651868551,SHAILY.BO,2023-08-21 12:17:32.222961
277,2022-06-17 00:00:00+05:30,1806.949951171875,1921.0,1796.8499755859375,1906.8499755859375,62,0.0,0.0,2022-06-17,1860.4722694007319,1870.7717721559236,53.839764027518406,15.980532827851418,1865.6248129779028,1862.1475036621093,1853.0828647231117,-10.299502755191725,-10.05341054952415,1862.1475036621093,59.051905064703085,1921.1994087268124,1803.0955985974063,1980.2513137915155,1744.0436935327032,SHAILY.BO,2023-08-21 12:17:32.222961
278,2022-06-16 00:00:00+05:30,1799.949951171875,1834.0,1790.0,1799.050048828125,1029,0.0,0.0,2022-06-16,1852.03995918524,1867.8855158815225,40.95000623096229,16.659651973270275,1861.2853221770572,1854.6975036621093,1826.1993092916987,-15.845556696282529,-9.991887498107257,1854.6975036621093,62.418382797623636,1917.115886459733,1792.2791208644855,1979.5342692573565,1729.860738066862,SHAILY.BO,2023-08-21 12:17:32.222961
279,2022-06-15 00:00:00+05:30,1806.800048828125,1850.050048828125,1789.8499755859375,1800.800048828125,184,0.0,0.0,2022-06-15,1861.6744883410788,1873.3923532457943,41.123106304935085,17.426825607385894,1867.8364035822078,1852.575,1839.7739395234853,-11.717864904715498,-8.528470198563438,1852.575,65.07543034598373,1917.6504303459838,1787.4995696540163,1982.7258606919675,1722.4241393080326,SHAILY.BO,2023-08-21 12:17:32.222961
280,2022-06-14 00:00:00+05:30,1808.449951171875,1840.949951171875,1757.199951171875,1803.300048828125,3401,0.0,0.0,2022-06-14,1872.742568252525,1879.199737599208,41.354999807903845,18.253012597971946,1874.8928619773744,1852.5574951171875,1859.2608848711652,-6.457169346683031,-7.731121522025422,1852.5574951171875,65.0901359159785,1917.647631033166,1787.467359201209,1982.7377669491445,1722.3772232852305,SHAILY.BO,2023-08-21 12:17:32.222961
281,2022-06-13 00:00:00+05:30,1846.050048828125,1865.699951171875,1811.050048828125,1826.25,202,0.0,0.0,2022-06-13,1885.3684808751432,1885.2717127008946,43.4432522422626,19.030934062441034,1882.4289475720323,1852.5074951171875,1887.241302892685,0.09676817424860928,-8.049609565861019,1852.5074951171875,65.13033692456051,1917.637832041748,1787.3771581926271,1982.7681689663086,1722.2468212680665,SHAILY.BO,2023-08-21 12:17:32.222961
282,2022-06-10 00:00:00+05:30,1903.300048828125,1928.050048828125,1903.300048828125,1917.9000244140625,47,0.0,0.0,2022-06-10,1896.1172955797144,1889.993449716966,53.452121497820315,20.440546829046262,1888.3425210006674,1846.8399963378906,1917.7369543390273,6.12384586274834,-10.086204000888426,1846.8399963378906,72.09483299547274,1918.9348293333633,1774.745163342418,1991.0296623288361,1702.650330346945,SHAILY.BO,2023-08-21 12:17:32.222961
283,2022-06-09 00:00:00+05:30,1877.4000244140625,1925.0,1856.3499755859375,1922.449951171875,231,0.0,0.0,2022-06-09,1892.156799428015,1887.7609237411984,54.02591958759223,20.938641904689966,1885.2312048518888,1831.4199951171875,1917.6554193015097,4.395875686816453,-14.138716466797616,1831.4199951171875,87.4434709027289,1918.8634660199164,1743.9765242144585,2006.3069369226453,1656.5330533117296,SHAILY.BO,2023-08-21 12:17:32.222961
284,2022-06-08 00:00:00+05:30,1891.25,1940.0,1891.199951171875,1928.699951171875,48,0.0,0.0,2022-06-08,1886.648953656404,1884.9858015467441,54.77593097287649,21.50521018292072,1881.3134420813642,1814.7524963378905,1915.2581533663267,1.6631521096599045,-18.772364505201132,1814.7524963378905,100.04138094386691,1914.7938772817574,1714.7111153940236,2014.8352582256243,1614.6697344501567,SHAILY.BO,2023-08-21 12:17:32.222961
285,2022-06-07 00:00:00+05:30,1941.949951171875,1941.949951171875,1901.1500244140625,1921.1500244140625,96,0.0,0.0,2022-06-07,1879.0033177445,1881.4886695767336,54.06055611480536,21.671505682123414,1876.3253884928893,1803.4724975585937,1908.5372544635525,-2.4853518322336186,-23.88124365891639,1803.4724975585937,99.23252215188593,1902.7050197104795,1704.2399754067078,2001.9375418623656,1605.0074532548217,SHAILY.BO,2023-08-21 12:17:32.222961
286,2022-06-06 00:00:00+05:30,1875.0,1940.0,1875.0,1924.1500244140625,1987,0.0,0.0,2022-06-06,1871.340280168216,1878.3157611897473,54.37793377833779,21.725252522718197,1871.6070057643449,1807.5749938964843,1902.2308694882972,-6.975481021531323,-29.23021661558708,1807.5749938964843,105.83035617535405,1913.4053500718385,1701.7446377211302,2019.2357062471924,1595.9142815457762,SHAILY.BO,2023-08-21 12:17:32.222961
287,2022-06-03 00:00:00+05:30,1915.449951171875,1944.9000244140625,1887.9000244140625,1918.75,48,0.0,0.0,2022-06-03,1861.738508487153,1874.649020131802,53.92582678789799,21.798275040688658,1866.0761616959535,1814.8799926757813,1891.2712920254144,-12.910511644648977,-34.79390051410102,1814.8799926757813,118.575399601808,1933.4553922775892,1696.3045930739734,2052.0307918793974,1577.7291934721652,SHAILY.BO,2023-08-21 12:17:32.222961
288,2022-06-02 00:00:00+05:30,1900.050048828125,1923.050048828125,1840.050048828125,1882.699951171875,143,0.0,0.0,2022-06-02,1851.3727827575444,1871.1209417423463,50.91014993129819,21.73255506884735,1860.531547137633,1818.9824951171875,1877.5319380381213,-19.748158984801876,-40.26474773146403,1818.9824951171875,123.66828737783372,1942.650782495021,1695.3142077393538,2066.319069872855,1571.64592036152,SHAILY.BO,2023-08-21 12:17:32.222961
289,2022-06-01 00:00:00+05:30,1949.25,1988.949951171875,1902.050048828125,1914.6500244140625,100,0.0,0.0,2022-06-01,1845.676933954939,1870.194620987984,53.80855790200927,21.810829738098654,1858.1980309235023,1825.5625,1874.9479314712441,-24.51768703304515,-45.39389491812956,1825.5625,130.54665712681745,1956.1091571268175,1695.0158428731825,2086.655814253635,1564.4691857463652,SHAILY.BO,2023-08-21 12:17:32.222961
290,2022-05-31 00:00:00+05:30,1856.0,1917.0,1841.0,1916.0,189,0.0,0.0,2022-05-31,1833.1363720532802,1866.6381887138978,53.92902151998349,21.238889843475555,1852.2557158192328,1831.6274963378905,1855.0968849998349,-33.50181666061758,-50.612946889400654,1831.6274963378905,137.53406717601376,1969.1615635139042,1694.0934291618769,2106.6956306899183,1556.559361985863,SHAILY.BO,2023-08-21 12:17:32.222961
291,2022-05-30 00:00:00+05:30,2189.89990234375,2189.949951171875,1826.199951171875,1880.5,435,0.0,0.0,2022-05-30,1818.0702578811495,1862.6892438110096,51.26488519370704,21.071600981497244,1845.5457911686258,1837.6099975585937,1824.6453274997523,-44.61898592986017,-54.89072944659642,1837.6099975585937,143.85435602807925,1981.464353586673,1693.7556415305144,2125.318709614752,1549.9012855024353,SHAILY.BO,2023-08-21 12:17:32.222961
292,2022-05-27 00:00:00+05:30,1809.1500244140625,1853.949951171875,1663.949951171875,1829.25,519,0.0,0.0,2022-05-27,1806.719395677722,1861.2643833158904,47.16950197672451,20.891443745520604,1841.8664007653233,1844.525,1796.7179912496283,-54.54498763816832,-57.45866532578047,1844.525,149.2474766446572,1993.7724766446572,1695.277523355343,2143.0199532893143,1546.0300467106856,SHAILY.BO,2023-08-21 12:17:32.222961
293,2022-05-26 00:00:00+05:30,1808.0999755859375,1808.0999755859375,1701.0999755859375,1781.0,189,0.0,0.0,2022-05-26,1802.6229221645806,1863.8255339811617,42.980664930678685,21.372564447890955,1843.1944429511468,1856.3724975585938,1780.4519868744424,-61.20261181658111,-58.18708474768351,1856.3724975585938,157.1657808603098,2013.5382784189035,1699.206716698284,2170.704059279213,1542.040935837974,SHAILY.BO,2023-08-21 12:17:32.222961
294,2022-05-25 00:00:00+05:30,1802.4000244140625,1830.949951171875,1760.0999755859375,1776.300048828125,265,0.0,0.0,2022-05-25,1806.5543625581406,1870.4515766996547,42.56878309794731,21.2982542869156,1849.7412264196885,1874.6299926757813,1780.1779803116633,-63.89721414151404,-57.4332029804591,1874.6299926757813,168.73270346786342,2043.3626961436448,1705.8972892079178,2212.095399611508,1537.1645857400545,SHAILY.BO,2023-08-21 12:17:32.222961
295,2022-05-24 00:00:00+05:30,1764.1500244140625,1811.949951171875,1717.800048828125,1799.0,216,0.0,0.0,2022-05-24,1812.0551468726887,1877.9836989293772,43.9940213340012,21.739658665770115,1857.4718766924848,1893.0074951171875,1782.116946053432,-65.92855205668843,-55.817200190195365,1893.0074951171875,177.2598173839504,2070.267312501138,1715.7476777332372,2247.5271298850885,1538.4878603492866,SHAILY.BO,2023-08-21 12:17:32.222961
296,2022-05-23 00:00:00+05:30,1835.8499755859375,1835.8499755859375,1775.550048828125,1794.199951171875,48,0.0,0.0,2022-05-23,1814.4288099404505,1884.3023948437276,43.623403958233006,21.976784332202637,1863.6268110811675,1914.4549926757813,1773.675419080148,-69.8735849032771,-53.28936222357209,1914.4549926757813,190.72561595130063,2105.180608627082,1723.7293767244807,2295.9062245783825,1533.0037607731801,SHAILY.BO,2023-08-21 12:17:32.222961
297,2022-05-20 00:00:00+05:30,1724.6500244140625,1810.699951171875,1699.5,1757.8499755859375,133,0.0,0.0,2022-05-20,1818.1067842620098,1891.5105903374758,40.871942112345174,22.744170283360592,1870.934901597935,1934.064990234375,1763.4131530342843,-73.40380607546604,-49.143306553645836,1934.064990234375,197.7439425943387,2131.8089328287138,1736.3210476400363,2329.5528754230527,1538.5771050456976,SHAILY.BO,2023-08-21 12:17:32.222961
298,2022-05-19 00:00:00+05:30,1754.0999755859375,1775.050048828125,1741.300048828125,1756.5999755859375,390,0.0,0.0,2022-05-19,1829.0625676576594,1902.203439517599,40.77965171485791,23.27573401359197,1882.8385780202507,1953.2399963378907,1766.1947417584572,-73.14087185993958,-43.078181673190784,1953.2399963378907,198.35009413345526,2151.590090471346,1754.8899022044354,2349.9401846048013,1556.5398080709801,SHAILY.BO,2023-08-21 12:17:32.222961
299,2022-05-18 00:00:00+05:30,1780.050048828125,1828.5,1760.050048828125,1800.449951171875,175,0.0,0.0,2022-05-18,1842.2375843979726,1913.8517166321321,42.96410929734945,24.209215025409545,1896.1268519607047,1970.025,1770.992124844717,-71.61413223415957,-35.562509126503585,1970.025,195.00986621339766,2165.034866213398,1775.0151337866025,2360.0447324267952,1580.0052675732047,SHAILY.BO,2023-08-21 12:17:32.222961
300,2022-05-17 00:00:00+05:30,1745.8499755859375,1866.949951171875,1743.0999755859375,1802.300048828125,365,0.0,0.0,2022-05-17,1849.8353358936267,1922.9238578689528,43.0544608679534,25.377039570706113,1906.1981046753183,1983.7275024414062,1756.2632116811378,-73.0885219753261,-26.549603349589592,1983.7275024414062,192.07348750818508,2175.8009899495914,1791.654014933221,2367.8744774577763,1599.580527425036,SHAILY.BO,2023-08-21 12:17:32.222961
301,2022-05-16 00:00:00+05:30,1623.550048828125,1744.0,1605.0,1712.9000244140625,710,0.0,0.0,2022-05-16,1858.4781153600816,1932.5737625922193,37.120871097568504,26.63469677333319,1917.1347421329174,1996.7949951171875,1733.244793107644,-74.09564723213771,-14.914873693155464,1996.7949951171875,187.92618221168092,2184.721177328868,1808.8688129055065,2372.647359540549,1620.9426306938255,SHAILY.BO,2023-08-21 12:17:32.222961
302,2022-05-13 00:00:00+05:30,1591.050048828125,1678.0,1580.0,1609.5,1587,0.0,0.0,2022-05-13,1884.9468591684486,1950.1476616464718,29.197608043828822,26.686382981794203,1938.6331334717443,2014.2024963378906,1743.4171774544345,-65.2008024780232,-0.11968030840990274,2014.2024963378906,175.9905327618792,2190.19302909977,1838.2119635760114,2366.1835618616487,1662.2214308141322,SHAILY.BO,2023-08-21 12:17:32.222961
303,2022-05-12 00:00:00+05:30,1659.0,1724.199951171875,1500.0,1589.0999755859375,2284,0.0,0.0,2022-05-12,1935.0281062899844,1977.3994745781895,27.52454047349488,25.928868339054265,1973.27872646877,2038.8474914550782,1810.3757661816517,-42.371368288205076,16.150600233993423,2038.8474914550782,148.73640424588464,2187.583895700963,1890.1110872091936,2336.3202999468476,1741.374682963309,SHAILY.BO,2023-08-21 12:17:32.222961
304,2022-05-11 00:00:00+05:30,2026.75,2027.0,1657.199951171875,1703.0999755859375,1939,0.0,0.0,2022-05-11,1997.9241300543565,2008.4634344975698,31.37122963256249,25.113083339180488,2013.7185949827524,2067.9199951171877,1921.0136614795083,-10.539304443213268,30.78109236454305,2067.9199951171877,107.23716147335323,2175.157156590541,1960.6828336438346,2282.394318063894,1853.4456721704812,SHAILY.BO,2023-08-21 12:17:32.222961
305,2022-05-10 00:00:00+05:30,2047.0,2073.89990234375,1960.050048828125,2003.199951171875,789,0.0,0.0,2022-05-10,2051.5285217758874,2032.8925112105003,47.64913379637424,25.251212375353685,2046.4152917613644,2090.784991455078,2029.9705044262937,18.636010565387096,41.11119156648213,2090.784991455078,66.29245120778519,2157.077442662863,2024.4925402472927,2223.3698938706484,1958.2000890395075,SHAILY.BO,2023-08-21 12:17:32.222961
306,2022-05-09 00:00:00+05:30,1996.050048828125,2120.0,1949.949951171875,2070.25,1444,0.0,0.0,2022-05-09,2060.3155346129806,2035.2679160135904,53.39737460355697,25.485077189823368,2050.9642749813106,2101.224993896484,2043.3557810535028,25.047618599390262,46.72998681675588,2101.224993896484,68.18749640405164,2169.412490300536,2033.0374974924325,2237.5999867045875,1964.8500010883808,SHAILY.BO,2023-08-21 12:17:32.222961
307,2022-05-06 00:00:00+05:30,2016.4000244140625,2026.0,1980.050048828125,2000.800048828125,597,0.0,0.0,2022-05-06,2058.5092681789774,2032.4693492946776,47.28033376456587,25.736931605406102,2048.934198663554,2097.724993896484,2029.9086715802541,26.039918884299823,52.15057887109728,2097.724993896484,71.57353884631212,2169.2985327427964,2026.151455050172,2240.8720715891086,1954.57791620386,SHAILY.BO,2023-08-21 12:17:32.222961
308,2022-05-05 00:00:00+05:30,2011.0999755859375,2048.0,1953.800048828125,2014.300048828125,863,0.0,0.0,2022-05-05,2069.001853515496,2035.0028933320018,48.42769894283806,27.138585163949188,2054.0009512778097,2099.3749938964843,2044.4629829563185,33.99896018349409,58.678243867796645,2099.3749938964843,69.573952106334,2168.9489460028185,2029.8010417901503,2238.5228981091523,1960.2270896838163,SHAILY.BO,2023-08-21 12:17:32.222961
309,2022-05-04 00:00:00+05:30,2099.0,2099.0,1995.949951171875,2035.949951171875,275,0.0,0.0,2022-05-04,2078.947636185927,2036.659120892312,50.24337941666871,28.648058226995587,2058.1799936409343,2104.3749938964843,2059.544450020415,42.288515293614864,64.84806478887228,2104.3749938964843,66.67090125484108,2171.0458951513256,2037.7040926416432,2237.7167964061664,1971.0331913868022,SHAILY.BO,2023-08-21 12:17:32.222961
310,2022-04-29 00:00:00+05:30,2054.85009765625,2056.85009765625,1986.949951171875,2035.6500244140625,280,0.0,0.0,2022-04-29,2086.7653970975725,2036.7158544699469,50.21936430014977,29.6219662510263,2060.5199981113615,2111.334991455078,2071.3416994446843,50.04954262762567,70.48795216268663,2111.334991455078,66.41711981348753,2177.752111268566,2044.9178716415906,2244.169231082053,1978.5007518281031,SHAILY.BO,2023-08-21 12:17:32.222961
311,2022-04-28 00:00:00+05:30,2077.39990234375,2120.050048828125,1997.0,2018.800048828125,1577,0.0,0.0,2022-04-28,2096.059101221847,2036.8011208744176,48.93389860086822,31.180968539620803,2063.137890079498,2103.192492675781,2089.1875369599948,59.25798034742934,75.59755454645186,2103.192492675781,83.87275486765068,2187.0652475434317,2019.3197378081304,2270.9380024110824,1935.4469829404798,SHAILY.BO,2023-08-21 12:17:32.222961
312,2022-04-27 00:00:00+05:30,2120.050048828125,2120.050048828125,2050.0,2066.199951171875,541,0.0,0.0,2022-04-27,2110.106201657069,2038.241206638121,52.473320683269606,32.71024981977459,2067.805031263853,2088.3124877929686,2124.3812810259296,71.8649950189481,79.6824480962075,2088.3124877929686,118.77135651779699,2207.0838443107655,1969.5411312751717,2325.8552008285624,1850.7697747573745,SHAILY.BO,2023-08-21 12:17:32.222961
313,2022-04-26 00:00:00+05:30,2188.050048828125,2188.050048828125,2100.0,2146.14990234375,581,0.0,0.0,2022-04-26,2118.0891562907404,2036.0045070754206,59.17730804358486,33.54016346549886,2067.9739870630087,2073.722491455078,2153.4719459529565,82.08464921531981,81.63681136552235,2073.722491455078,137.99709721937063,2211.7195886744485,1935.7253942357074,2349.716685893819,1797.7282970163367,SHAILY.BO,2023-08-21 12:17:32.222961
314,2022-04-25 00:00:00+05:30,2220.199951171875,2220.300048828125,2122.5,2143.85009765625,947,0.0,0.0,2022-04-25,2112.9872024629203,2027.1928754539542,59.03750852149165,33.57839684532621,2059.7449433492466,2053.054998779297,2157.1329677575595,85.79432700896609,81.52485190307297,2053.054998779297,156.31618681497332,2209.37118559427,1896.7388119643238,2365.687372409244,1740.4226251493503,SHAILY.BO,2023-08-21 12:17:32.222961
315,2022-04-22 00:00:00+05:30,2149.35009765625,2242.199951171875,2124.050048828125,2227.949951171875,1213,0.0,0.0,2022-04-22,2107.375766973224,2017.8602976777706,66.80531787616559,33.21401757076181,2050.8917692116675,2030.8874938964843,2163.774402808214,89.51546929545339,80.45748312659968,2030.8874938964843,173.27853553663613,2204.1660294331205,1857.6089583598482,2377.4445649697564,1684.330422823212,SHAILY.BO,2023-08-21 12:17:32.222961
316,2022-04-21 00:00:00+05:30,2137.699951171875,2190.0,2118.60009765625,2186.39990234375,662,0.0,0.0,2022-04-21,2085.4531880280147,2001.0531253982422,64.67291798123696,32.79456911931622,2032.254065847435,2005.8949951171876,2131.686628626383,84.40006262977249,78.19298658438625,2005.8949951171876,179.30241081381664,2185.197405931004,1826.592584303371,2364.4998167448207,1647.2901734895543,SHAILY.BO,2023-08-21 12:17:32.222961
317,2022-04-20 00:00:00+05:30,2071.35009765625,2176.0,2071.35009765625,2141.35009765625,523,0.0,0.0,2022-04-20,2067.0992399706083,1986.2253832426018,62.23013638887245,32.75017491584787,2016.028188321507,1986.0375,2104.3299917676995,80.87385672800656,76.64121757303968,1986.0375,180.24900409669564,2166.2865040966954,1805.7884959033042,2346.5355081933913,1625.5394918066086,SHAILY.BO,2023-08-21 12:17:32.222961
318,2022-04-19 00:00:00+05:30,2045.050048828125,2129.0,2045.0,2092.300048828125,143,0.0,0.0,2022-04-19,2053.599084027764,1973.81540608951,59.39119367647823,32.814984736644156,2002.8364083915342,1968.2524963378905,2085.819938823424,79.78367793825419,75.58305778429796,1968.2524963378905,181.66066925870769,2149.9131655965984,1786.5918270791828,2331.573834855306,1604.9311578204752,SHAILY.BO,2023-08-21 12:17:32.222961
319,2022-04-18 00:00:00+05:30,2005.0,2103.449951171875,2005.0,2074.5,790,0.0,0.0,2022-04-18,2046.5625449731529,1964.3366346704208,58.335909501713495,33.269950133322084,1993.4191830824193,1952.8349914550781,2082.579883821073,82.22591030273202,74.5329027458089,1952.8349914550781,183.65256386857706,2136.487555323655,1769.182427586501,2320.1401191922323,1585.529863717924,SHAILY.BO,2023-08-21 12:17:32.222961
320,2022-04-13 00:00:00+05:30,2066.0,2112.949951171875,2007.050048828125,2063.64990234375,244,0.0,0.0,2022-04-13,2041.4830076955443,1955.5235654440544,57.71393653154914,33.97668633590567,1984.8843602489899,1939.009991455078,2086.619825731609,85.95944225148992,72.60965085657811,1939.009991455078,184.417419526178,2123.427410981256,1754.5925719289,2307.844830507434,1570.175152402722,SHAILY.BO,2023-08-21 12:17:32.222961
321,2022-04-12 00:00:00+05:30,2098.949951171875,2140.0,1986.0,2061.050048828125,818,0.0,0.0,2022-04-12,2037.4526632140523,1946.8734584920787,57.57300414264525,34.710292830102716,1976.5932505548046,1925.1124938964845,2098.1047874255382,90.57920472197361,69.27220300785017,1925.1124938964845,185.00241252575915,2110.1149064222436,1740.1100813707253,2295.117318948003,1555.1076688449662,SHAILY.BO,2023-08-21 12:17:32.222961
322,2022-04-11 00:00:00+05:30,2170.0,2208.0,2097.300048828125,2102.39990234375,835,0.0,0.0,2022-04-11,2033.1622294660392,1937.739331265195,60.55336839334947,35.50033059308414,1967.7030612628762,1912.002490234375,2116.6321567242444,95.4228982008442,63.945452579319294,1912.002490234375,184.15064212923627,2096.1531323636113,1727.8518481051387,2280.3037744928474,1543.7012059759024,SHAILY.BO,2023-08-21 12:17:32.222961
323,2022-04-08 00:00:00+05:30,2160.050048828125,2201.14990234375,2102.0,2170.550048828125,38625,0.0,0.0,2022-04-08,2020.5735616700917,1924.5664855789107,65.76340022565148,34.85918705420468,1953.524446412258,1896.8199951171875,2123.7482839144914,96.00707609118103,56.07609117393806,1896.8199951171875,180.0997544903589,2076.9197496075462,1716.7202406268286,2257.019504097905,1536.6204861364697,SHAILY.BO,2023-08-21 12:17:32.222961
324,2022-04-07 00:00:00+05:30,2140.0,2273.89990234375,2136.0,2160.39990234375,2172,0.0,0.0,2022-04-07,1993.3051094595403,1904.8878005189736,65.3511062950447,34.20755436560204,1930.679646157956,1878.1724914550782,2100.347401457674,88.41730894056673,46.09334494462732,1878.1724914550782,169.24668882664577,2047.419180281724,1708.9258026284324,2216.66586910837,1539.6791138017866,SHAILY.BO,2023-08-21 12:17:32.222961
325,2022-04-06 00:00:00+05:30,2000.25,2323.0,1958.0,2212.0,2514,0.0,0.0,2022-04-06,1962.9242380260475,1884.4468323729916,69.29011147244678,33.029357184323146,1906.4985665594513,1860.0499938964845,2070.3211510146357,78.47740565305594,35.51235394564246,1860.0499938964845,156.349681980763,2016.3996758772475,1703.7003119157214,2172.7493578580106,1547.3506299349585,SHAILY.BO,2023-08-21 12:17:32.222961
326,2022-04-05 00:00:00+05:30,2087.0,2109.050048828125,1950.050048828125,2000.25,2499,0.0,0.0,2022-04-05,1917.6377358489651,1858.242578962831,60.133610461256254,31.760529450638174,1874.3405209341304,1838.6274963378905,1999.4817265219533,59.395156886134146,24.771091018789093,1838.6274963378905,133.23193169105483,1971.8594280289453,1705.3955646468357,2105.09135972,1572.163632955781,SHAILY.BO,2023-08-21 12:17:32.222961
327,2022-04-04 00:00:00+05:30,2081.0,2207.10009765625,1996.949951171875,2033.800048828125,5185,0.0,0.0,2022-04-04,1902.6173241851407,1846.8819852798574,62.892501832676714,31.583289066412316,1861.0868915587757,1826.0224975585938,1999.0975897829298,55.73533890528324,16.11507455195283,1826.0224975585938,128.99425204894447,1955.0167496075383,1697.0282455096494,2084.0110016564827,1568.033993460705,SHAILY.BO,2023-08-21 12:17:32.222961
328,2022-04-01 00:00:00+05:30,2141.050048828125,2249.0,2045.0,2114.300048828125,5160,0.0,0.0,2022-04-01,1878.7659197045982,1831.928540195996,70.05335801527937,30.7067492167814,1842.9065592146337,1812.7199951171874,1981.746360260332,46.837379508602226,6.210008463620227,1812.7199951171874,119.83230956714989,1932.5523046843373,1692.8876855500375,2052.384614251487,1573.0553759828877,SHAILY.BO,2023-08-21 12:17:32.222961
329,2022-03-31 00:00:00+05:30,1872.5,2205.0,1863.9000244140625,2175.14990234375,13743,0.0,0.0,2022-03-31,1835.9415325912296,1809.3388195054256,76.13819086239229,29.020135347675616,1814.3388234658453,1796.0499938964845,1915.4695159764356,26.602713085803998,-3.946834297625273,1796.0499938964845,96.6110130022342,1892.6610068987186,1699.4389808942503,1989.272019900953,1602.827967892016,SHAILY.BO,2023-08-21 12:17:32.222961
330,2022-03-30 00:00:00+05:30,1767.9000244140625,1914.800048828125,1712.050048828125,1872.800048828125,13176,0.0,0.0,2022-03-30,1774.2672835453168,1780.0739328783598,60.179877231586865,27.42572680880698,1776.35870989975,1777.0024963378905,1785.6293227927779,-5.806649333042969,-11.58422114348259,1777.0024963378905,37.25488851109309,1814.2573848489835,1739.7476078267975,1851.5122733600767,1702.4927193157043,SHAILY.BO,2023-08-21 12:17:32.222961
331,2022-03-29 00:00:00+05:30,1751.050048828125,1799.0,1701.0,1721.199951171875,2283,0.0,0.0,2022-03-29,1756.3522353120788,1772.6558436023784,42.1741781757915,28.00880857816094,1766.2069900125528,1771.2274963378907,1742.0439597751042,-16.303608290299508,-13.028614096092495,1771.2274963378907,29.836934473075797,1801.0644308109665,1741.3905618648148,1830.9013652840422,1711.5536273917392,SHAILY.BO,2023-08-21 12:17:32.222961
332,2022-03-28 00:00:00+05:30,1787.5,1808.050048828125,1695.0,1774.4000244140625,6476,0.0,0.0,2022-03-28,1762.743559701207,1776.7723149968187,49.46217844563233,29.94602385706149,1770.9445730484135,1770.7450012207032,1752.4659640767188,-14.028755295611745,-12.20986554754074,1770.7450012207032,30.75248980201928,1801.4974910227224,1739.992511418684,1832.2499808247417,1709.2400216166648,SHAILY.BO,2023-08-21 12:17:32.222961
333,2022-03-25 00:00:00+05:30,1820.0,1900.0,1705.5999755859375,1732.800048828125,8812,0.0,0.0,2022-03-25,1760.624202480688,1776.9620982434392,42.2110887207528,32.03225569587747,1770.5808413257137,1766.5,1741.4989339080466,-16.33789576275126,-11.75514311052299,1766.5,35.68545868747603,1802.185458687476,1730.814541312524,1837.8709173749521,1695.1290826250479,SHAILY.BO,2023-08-21 12:17:32.222961
334,2022-03-24 00:00:00+05:30,1714.0,1740.050048828125,1675.0,1700.5,233241,0.0,0.0,2022-03-24,1765.6831395084268,1780.4950621966643,35.54334269399568,34.449645942480636,1774.5577668517756,1768.4049987792969,1745.8483764480075,-14.811922688237473,-10.609454947465924,1768.4049987792969,34.79767110465768,1803.2026698839545,1733.6073276746392,1838.0003409886122,1698.8096565699816,SHAILY.BO,2023-08-21 12:17:32.222961
335,2022-03-23 00:00:00+05:30,1788.0999755859375,1791.0,1712.0,1728.0999755859375,2052,0.0,0.0,2022-03-23,1777.53461941905,1786.8946671723972,39.125242698884065,33.41220163531826,1782.3533212572256,1772.854998779297,1768.5225646720112,-9.360047753347317,-9.558838012273037,1772.854998779297,31.157106639818576,1804.0121054191154,1741.6978921394784,1835.1692120589341,1710.5407854996597,SHAILY.BO,2023-08-21 12:17:32.222961
336,2022-03-22 00:00:00+05:30,1785.75,1800.0,1751.0,1789.25,4860,0.0,0.0,2022-03-22,1786.522736479616,1791.598242499314,49.358676683804546,32.74515162766377,1788.0641997489404,1776.2224975585937,1788.7338592150477,-5.075506019697968,-9.608535577004467,1776.2224975585937,29.66945922302552,1805.8919567816192,1746.553038335568,1835.5614160046448,1716.8835791125425,SHAILY.BO,2023-08-21 12:17:32.222961
337,2022-03-21 00:00:00+05:30,1783.949951171875,1811.0,1782.0999755859375,1785.6500244140625,3021,0.0,0.0,2022-03-21,1786.0268703850008,1791.7861018992592,48.6240862595012,32.57755879487318,1787.9393786698815,1776.3599975585937,1788.4757888225715,-5.7592315142583175,-10.741792966331092,1776.3599975585937,29.73930151692452,1806.0992990755183,1746.6206960416691,1835.8386005924428,1716.8813945247446,SHAILY.BO,2023-08-21 12:17:32.222961
338,2022-03-17 00:00:00+05:30,1790.8499755859375,1805.0,1780.300048828125,1783.949951171875,2683,0.0,0.0,2022-03-17,1786.0953878342623,1792.276988098075,48.295209841059325,32.9015003911531,1788.1803633283887,1774.8499938964844,1789.8886710268257,-6.1816002638126974,-11.987433329349285,1774.8499938964844,30.00826049370605,1804.8582543901905,1744.8417334027783,1834.8665148838966,1714.8334729090723,SHAILY.BO,2023-08-21 12:17:32.222961
339,2022-03-16 00:00:00+05:30,1780.0,1798.0,1780.0,1798.0,1309,0.0,0.0,2022-03-16,1786.4854672274237,1792.943151052171,50.790363015164694,33.06883201764295,1788.6256698711798,1774.6474975585938,1792.8580309543008,-6.4576838247473916,-13.43889159573343,1774.6474975585938,29.95724299536331,1804.604740553957,1744.6902545632306,1834.5619835493205,1714.7330115678672,SHAILY.BO,2023-08-21 12:17:32.222961
340,2022-03-15 00:00:00+05:30,1800.0,1801.0,1770.050048828125,1785.699951171875,1367,0.0,0.0,2022-03-15,1784.391915814228,1792.5386031363448,48.63300917226343,33.04469444829748,1787.6388982786725,1773.554998779297,1790.287046431451,-8.146687322116804,-15.184193538479938,1773.554998779297,29.45499590794309,1803.0099946872401,1744.1000028713538,1832.464990595183,1714.6450069634109,SHAILY.BO,2023-08-21 12:17:32.222961
341,2022-03-14 00:00:00+05:30,1810.0,1821.0,1760.050048828125,1798.8499755859375,2245,0.0,0.0,2022-03-14,1784.154091203747,1793.0856952935023,50.845916672626444,33.01870014284851,1787.842997974125,1772.0299987792969,1792.580594061239,-8.93160408975541,-16.94357009257072,1772.0299987792969,29.58238656154313,1801.61238534084,1742.4476122177537,1831.194771902383,1712.8652256562107,SHAILY.BO,2023-08-21 12:17:32.222961
342,2022-03-11 00:00:00+05:30,1751.050048828125,1811.0,1739.949951171875,1798.75,800,0.0,0.0,2022-03-11,1781.4821122251667,1792.6245528701074,50.83011799096434,32.99070627544192,1786.6843687518287,1768.9974975585938,1789.4459032988896,-11.142440644940734,-18.94656159327455,1768.9974975585938,29.796214869991523,1798.7937124285852,1739.2012826886023,1828.5899272985769,1709.4050678186106,SHAILY.BO,2023-08-21 12:17:32.222961
343,2022-03-10 00:00:00+05:30,1799.0,1800.050048828125,1763.050048828125,1797.5999755859375,438,0.0,0.0,2022-03-10,1778.342496266106,1792.134517099716,50.66077519512068,32.716411107616125,1785.4143023046527,1770.5324951171874,1784.7938549483342,-13.792020833609968,-20.897591830358,1770.5324951171874,32.11053064456672,1802.6430257617542,1738.4219644726206,1834.753556406321,1706.3114338280539,SHAILY.BO,2023-08-21 12:17:32.222961
344,2022-03-09 00:00:00+05:30,1776.050048828125,1810.0,1725.0,1797.949951171875,1612,0.0,0.0,2022-03-09,1774.841136389773,1791.6972804208183,50.710132089118055,32.68351231520774,1784.1315998539912,1773.5074951171875,1778.3907946295324,-16.856144031045233,-22.673984579545003,1773.5074951171875,37.116392365963215,1810.6238874831508,1736.3911027512243,1847.740279849114,1699.2747103852612,SHAILY.BO,2023-08-21 12:17:32.222961
345,2022-03-08 00:00:00+05:30,1799.0,1811.0,1739.949951171875,1783.550048828125,4219,0.0,0.0,2022-03-08,1770.6395337021181,1791.1970667607338,48.80459804356532,32.648082846460255,1782.6770365573718,1776.825,1768.6112163583607,-20.557533058615718,-24.128444716669943,1776.825,42.05300066985438,1818.8780006698544,1734.7719993301457,1860.9310013397087,1692.7189986602914,SHAILY.BO,2023-08-21 12:17:32.222961
346,2022-03-07 00:00:00+05:30,1682.050048828125,1845.0,1682.050048828125,1748.1500244140625,1121,0.0,0.0,2022-03-07,1768.2921673155715,1791.8088281953424,43.84929325868282,32.76906355251303,1782.5851405288715,1778.7849975585937,1761.1418001234783,-23.516660879770825,-25.021172631183497,1778.7849975585937,43.27858956264267,1822.0635871212364,1735.506407995951,1865.342176683879,1692.2278184333084,SHAILY.BO,2023-08-21 12:17:32.222961
347,2022-03-04 00:00:00+05:30,1780.0,1810.0,1766.75,1767.75,378,0.0,0.0,2022-03-04,1771.9543751158458,1795.3015324978446,46.145644164017305,32.89935046672372,1786.2098895935883,1784.9224975585937,1767.637687978186,-23.34715738199884,-25.39730056903666,1784.9224975585937,47.22899892189292,1832.1514964804867,1737.6934986367007,1879.3804954023794,1690.464499714808,SHAILY.BO,2023-08-21 12:17:32.222961
348,2022-03-03 00:00:00+05:30,1800.0,1885.0,1780.0,1780.9000244140625,749,0.0,0.0,2022-03-03,1772.7188069550907,1797.5056550976724,47.70195681701812,33.983832513188204,1788.1530358665975,1790.8924987792968,1767.5815319672788,-24.786848142581675,-25.90983636579611,1790.8924987792968,52.22609890365884,1843.1185976829556,1738.666399875638,1895.3446965866144,1686.4403009719792,SHAILY.BO,2023-08-21 12:17:32.222961
349,2022-03-02 00:00:00+05:30,1757.3499755859375,1850.0,1676.050048828125,1794.199951171875,1230,0.0,0.0,2022-03-02,1771.2313128716414,1798.834105552361,49.26230703872102,35.31760231818349,1788.9165107563379,1795.3699951171875,1760.9222857438865,-27.60279268071963,-26.190583421599715,1795.3699951171875,55.08477769733954,1850.4547728145271,1740.2852174198479,1905.5395505118665,1685.2004397225085,SHAILY.BO,2023-08-21 12:17:32.222961
350,2022-02-28 00:00:00+05:30,1701.550048828125,1787.0,1630.0,1757.300048828125,1024,0.0,0.0,2022-02-28,1767.0551968170535,1799.2048379028,44.593139277590915,36.12880916997634,1788.3603591336496,1797.917498779297,1744.2834530298921,-32.14964108574645,-25.837531106819732,1797.917498779297,56.19477816213296,1854.1122769414299,1741.722720617164,1910.3070551035628,1685.527942455031,SHAILY.BO,2023-08-21 12:17:32.222961
351,2022-02-25 00:00:00+05:30,1720.050048828125,1799.0,1702.0,1711.550048828125,3002,0.0,0.0,2022-02-25,1768.8288600877677,1802.557221028774,38.02731722790782,35.737383070571326,1791.6298654815996,1804.5474975585937,1737.7751551307756,-33.72836094100626,-24.259503612088047,1804.5474975585937,58.90718786740971,1863.4546854260034,1745.640309691184,1922.361873293413,1686.7331218237744,SHAILY.BO,2023-08-21 12:17:32.222961
352,2022-02-24 00:00:00+05:30,1769.949951171875,1770.0,1655.0,1689.5,2751,0.0,0.0,2022-02-24,1779.2431894077029,1809.837794804826,34.5565578162973,36.05117230253314,1800.0593198661757,1813.4899963378907,1750.887708282101,-30.594605397123132,-21.892289279858492,1813.4899963378907,57.607494064399845,1871.0974904022905,1755.882502273491,1928.7049844666903,1698.275008209091,SHAILY.BO,2023-08-21 12:17:32.222961
353,2022-02-23 00:00:00+05:30,1780.0,1803.800048828125,1750.0,1770.9000244140625,760,0.0,0.0,2022-02-23,1795.5601329363762,1819.4648183892123,42.766943382695445,35.733240392615826,1811.6971430099836,1822.1824951171875,1781.5815624231514,-23.90468545283602,-19.71671025054233,1822.1824951171875,50.60432252881211,1872.7868176459997,1771.5781725883753,1923.3911401748117,1720.9738500595633,SHAILY.BO,2023-08-21 12:17:32.222961
354,2022-02-22 00:00:00+05:30,1760.0,1800.050048828125,1705.050048828125,1789.5,326,0.0,0.0,2022-02-22,1800.0437890313424,1823.3500019072244,45.0373836782442,36.51960437487283,1815.9915765463963,1823.3574951171875,1786.9223314276956,-23.30621287588201,-18.66971644996891,1823.3574951171875,49.61404358188252,1872.97153869907,1773.743451535305,1922.5855822809524,1724.1294079534225,SHAILY.BO,2023-08-21 12:17:32.222961
355,2022-02-21 00:00:00+05:30,1803.050048828125,1840.0,1749.949951171875,1795.449951171875,1160,0.0,0.0,2022-02-21,1801.9608415824955,1826.0580020598022,45.758985464299286,37.27885687238936,1818.7801635512803,1828.5474975585937,1785.633497141543,-24.097160477306716,-17.510592343490636,1828.5474975585937,51.28682062547043,1879.8343181840642,1777.2606769331232,1931.1211388095346,1725.9738563076528,SHAILY.BO,2023-08-21 12:17:32.222961
356,2022-02-18 00:00:00+05:30,1794.1500244140625,1800.0,1744.9000244140625,1792.0,1778,0.0,0.0,2022-02-18,1803.1446398389717,1828.5066461308365,45.28699583801254,38.72957307440658,1821.2359753806916,1834.025,1780.725270126377,-25.362006291864873,-15.863950310036614,1834.025,53.373509258281814,1887.3985092582818,1780.6514907417184,1940.7720185165638,1727.2779814834364,SHAILY.BO,2023-08-21 12:17:32.222961
357,2022-02-17 00:00:00+05:30,1796.0999755859375,1798.199951171875,1750.0,1755.449951171875,465,0.0,0.0,2022-02-17,1805.170937991512,1831.4271778213035,40.16494419785687,39.359922331189864,1824.3134464733957,1841.4700012207031,1775.0879051895652,-26.25623982979164,-13.48943631457955,1841.4700012207031,57.43348907320375,1898.9034902939068,1784.0365121474995,1956.3369793671106,1726.6030230742956,SHAILY.BO,2023-08-21 12:17:32.222961
358,2022-02-16 00:00:00+05:30,1812.25,1900.0,1766.800048828125,1779.9000244140625,926,0.0,0.0,2022-02-16,1814.211117413264,1837.5053559532578,42.644799051585906,40.10427728866768,1831.562235452503,1848.7000061035155,1784.9068821984101,-23.294238539993785,-10.297735435776527,1848.7000061035155,55.08855131345544,1903.788557416971,1793.6114547900602,1958.8771087304265,1738.5229034766046,SHAILY.BO,2023-08-21 12:17:32.222961
359,2022-02-15 00:00:00+05:30,1710.050048828125,1829.0,1710.0,1776.1500244140625,739,0.0,0.0,2022-02-15,1820.4494979585734,1842.1137824763935,42.13598939286129,41.11665989802474,1837.0003629302337,1856.9450073242188,1787.410311090584,-21.66428451782008,-7.048609659722212,1856.9450073242188,56.56965946098445,1913.5146667852032,1800.3753478632343,1970.0843262461876,1743.8056884022499,SHAILY.BO,2023-08-21 12:17:32.222961
360,2022-02-11 00:00:00+05:30,1779.25,1779.5,1701.25,1755.199951171875,3733,0.0,0.0,2022-02-11,1828.5039476939392,1847.39088312138,39.34460225935638,40.444144722939214,1843.4056617214096,1863.1700073242187,1793.0404544288447,-18.886935427440903,-3.3946909451977447,1863.1700073242187,54.00277176827609,1917.1727790924947,1809.1672355559426,1971.1755508607707,1755.1644637876666,SHAILY.BO,2023-08-21 12:17:32.222961
361,2022-02-10 00:00:00+05:30,1813.050048828125,1850.050048828125,1721.0,1738.199951171875,1442,0.0,0.0,2022-02-10,1841.8319470615872,1854.7661576773403,37.056679266526714,38.194417164908664,1852.6904733582028,1870.365008544922,1811.9607060573294,-12.934210615753045,0.4783701753630454,1870.365008544922,48.126891791608514,1918.4919003365305,1822.2381167533133,1966.618792128139,1774.111224961705,SHAILY.BO,2023-08-21 12:17:32.222961
362,2022-02-09 00:00:00+05:30,1869.949951171875,1881.0,1824.949951171875,1829.449951171875,487,0.0,0.0,2022-02-09,1860.674128132444,1864.0914541977775,45.63662973227233,35.89183503963433,1864.7421072725533,1877.7150085449218,1848.8410835000566,-3.4173260653335547,3.831515373142068,1877.7150085449218,36.76366891463014,1914.478677459552,1840.9513396302916,1951.242346374182,1804.1876707156616,SHAILY.BO,2023-08-21 12:17:32.222961
363,2022-02-08 00:00:00+05:30,1869.9000244140625,1876.0,1825.0,1857.0999755859375,903,0.0,0.0,2022-02-08,1866.3512512161838,1866.8627744398495,48.81691589494267,34.23796944716297,1868.4570710726246,1880.9200134277344,1858.536649664147,-0.5115232236657903,5.643725732760974,1880.9200134277344,35.090538011501636,1916.010551439236,1845.8294754162328,1951.1010894507376,1810.7389374047311,SHAILY.BO,2023-08-21 12:17:32.222961
364,2022-02-07 00:00:00+05:30,1814.050048828125,1885.050048828125,1800.0,1864.300048828125,404,0.0,0.0,2022-02-07,1868.033301330774,1867.6437983481626,49.65358929222791,32.271951042111986,1869.6525548080654,1883.4175170898438,1859.2549867032517,0.3895029826114751,7.182537971867664,1883.4175170898438,35.08351341494211,1918.501030504786,1848.3340036749016,1953.584543919728,1813.2504902599596,SHAILY.BO,2023-08-21 12:17:32.222961
365,2022-02-04 00:00:00+05:30,1856.050048828125,1891.0,1810.949951171875,1822.75,1769,0.0,0.0,2022-02-04,1868.712074513074,1867.9112983097657,44.56208184668198,30.15470045205708,1870.2159764901644,1884.9575134277343,1856.7324556408148,0.8007762033082599,8.88079671918171,1884.9575134277343,34.875550043994934,1919.8330634717292,1850.0819633837393,1954.7086135157242,1815.2064133397444,SHAILY.BO,2023-08-21 12:17:32.222961
366,2022-02-03 00:00:00+05:30,1850.0,1900.0,1850.0,1870.9000244140625,3180,0.0,0.0,2022-02-03,1877.068815333633,1871.524202174547,50.003594923360275,27.96643474001393,1875.2123950680764,1889.4900146484374,1873.7236834612222,5.544613159085884,10.900801848150072,1889.4900146484374,32.14940957515026,1921.6394242235876,1857.3406050732872,1953.7888337987379,1825.191195498137,SHAILY.BO,2023-08-21 12:17:32.222961
367,2022-02-02 00:00:00+05:30,1898.949951171875,1900.0,1860.25,1887.1500244140625,1669,0.0,0.0,2022-02-02,1878.1904136826458,1871.5741363953857,51.993229833486616,25.957200147725423,1875.6663288211305,1892.0250122070313,1875.1355129848016,6.616277287260118,12.23984902041612,1892.0250122070313,32.60210179423891,1924.6271140012702,1859.4229104127924,1957.2292157955092,1826.8208086185534,SHAILY.BO,2023-08-21 12:17:32.222961
368,2022-02-01 00:00:00+05:30,1887.9000244140625,1908.0,1780.0,1870.449951171875,1493,0.0,0.0,2022-02-01,1876.561393549661,1870.3280653538916,50.098423386432486,23.889872309779076,1874.4575187587166,1890.5900085449218,1869.1282572701712,6.233328195769445,13.64574195370512,1890.5900085449218,33.44860810097849,1924.0386166459002,1857.1414004439434,1957.4872247468788,1823.6927923429648,SHAILY.BO,2023-08-21 12:17:32.222961
369,2022-01-31 00:00:00+05:30,1889.9000244140625,1970.0,1755.0,1845.1500244140625,5664,0.0,0.0,2022-01-31,1877.6725648910767,1870.3183144884529,47.164794787333996,21.663519253529163,1874.879367978384,1893.440008544922,1868.467410319319,7.3542504026238475,15.498845393189038,1893.440008544922,34.06492389033845,1927.5049324352603,1859.3750846545836,1961.569856325599,1825.310160764245,SHAILY.BO,2023-08-21 12:17:32.222961
370,2022-01-28 00:00:00+05:30,1897.6500244140625,1900.0,1870.050048828125,1889.9000244140625,5475,0.0,0.0,2022-01-28,1883.5857540687155,1872.331777694404,52.20554699869444,19.26590826987541,1878.008772564102,1898.085009765625,1880.1261032719472,11.253976374311378,17.534994140830335,1898.085009765625,33.46213425833965,1931.5471440239646,1864.6228755072855,1965.0092782823044,1831.1607412489457,SHAILY.BO,2023-08-21 12:17:32.222961
371,2022-01-27 00:00:00+05:30,1869.25,1900.0,1852.25,1890.4000244140625,1342,0.0,0.0,2022-01-27,1882.437704915016,1870.9263179568313,52.26349896327308,17.86415619082524,1876.7570618430534,1895.7900085449219,1875.2391427008893,11.51138695818463,19.105248582460074,1895.7900085449219,35.56123542746324,1931.3512439723852,1860.2287731174586,1966.9124793998483,1824.6675376899955,SHAILY.BO,2023-08-21 12:17:32.222961
372,2022-01-25 00:00:00+05:30,1848.25,1900.0,1770.0,1863.3499755859375,2075,0.0,0.0,2022-01-25,1880.9900104606438,1869.3684214402529,49.44424159517579,16.35457702877121,1875.3209605197892,1893.6000061035156,1867.6587018443024,11.621589020390957,21.003713988528933,1893.6000061035156,37.220617544248924,1930.8206236477645,1856.3793885592668,1968.0412411920136,1819.1587710150177,SHAILY.BO,2023-08-21 12:17:32.222961
373,2022-01-24 00:00:00+05:30,1925.9000244140625,1926.300048828125,1705.0,1794.4000244140625,3146,0.0,0.0,2022-01-24,1884.1972895287722,1869.8498971085983,41.22879770338033,14.728876392713026,1876.5810641970368,1890.9325073242187,1869.8130649734849,14.347392420173946,23.349245230563426,1890.9325073242187,41.20149378779749,1932.1340011120162,1849.7310135364212,1973.3354948998137,1808.5295197486237,SHAILY.BO,2023-08-21 12:17:32.222961
374,2022-01-21 00:00:00+05:30,1905.050048828125,1940.0,1880.0999755859375,1893.300048828125,1606,0.0,0.0,2022-01-21,1900.524065004174,1875.885886924161,52.61728952928279,12.978121861573438,1885.2316999636655,1888.9925048828125,1907.5195852531956,24.63817808001295,25.599708433160792,1888.9925048828125,46.55206503250028,1935.5445699153126,1842.4404398503123,1982.096634947813,1795.8883748178118,SHAILY.BO,2023-08-21 12:17:32.222961
375,2022-01-20 00:00:00+05:30,1921.0,1940.0,1890.0,1905.0,590,0.0,0.0,2022-01-20,1901.8375224907281,1874.492753971844,54.263863096393024,13.893655091352832,1884.3824000831962,1881.7225036621094,1914.629353465731,27.344768518884166,25.84009102144775,1881.7225036621094,56.19808723660883,1937.9205908987183,1825.5244164255005,1994.118678135327,1769.3263291888918,SHAILY.BO,2023-08-21 12:17:32.222961
376,2022-01-19 00:00:00+05:30,1946.9000244140625,1950.0,1880.0,1940.9000244140625,1230,0.0,0.0,2022-01-19,1901.2625265799516,1872.0521742895914,59.575713324320674,14.805130671203708,1882.2121264077432,1875.1750061035157,1919.4440301985962,29.210352290360106,25.463921647088647,1875.1750061035157,60.78451862311693,1935.9595247266327,1814.3904874803986,1996.7440433497495,1753.6059688572818,SHAILY.BO,2023-08-21 12:17:32.222961
377,2022-01-18 00:00:00+05:30,1950.0,1950.0,1899.5999755859375,1900.050048828125,831,0.0,0.0,2022-01-18,1894.0557087919315,1866.5443462796338,54.91227347974937,15.78671975719696,1876.0344529333938,1866.3525024414062,1908.7160330908628,27.511362512297637,24.527313986270777,1866.3525024414062,63.488053049775864,1929.840555491182,1802.8644493916304,1993.328608540958,1739.3763963418544,SHAILY.BO,2023-08-21 12:17:32.222961
378,2022-01-17 00:00:00+05:30,1970.0,1970.0,1901.5,1944.800048828125,1034,0.0,0.0,2022-01-17,1892.9658287853508,1863.8638900757544,62.21291187796458,16.397047168421416,1873.5064954707907,1859.2125,1913.0490252222312,29.101938709596425,23.78130185476406,1859.2125,67.40770041526125,1926.6202004152613,1791.804799584739,1994.0279008305226,1724.3970991694775,SHAILY.BO,2023-08-21 12:17:32.222961
379,2022-01-14 00:00:00+05:30,1920.050048828125,1920.050048828125,1811.0999755859375,1900.6500244140625,309,0.0,0.0,2022-01-14,1883.54142514121,1857.3889973755647,56.97215526178917,17.01159874505106,1866.0019109068608,1846.3824951171875,1897.1735134192843,26.15242776564537,22.451142641055963,1846.3824951171875,74.32504935350731,1920.7075444706948,1772.0574457636803,1995.0325938242022,1697.732396410173,SHAILY.BO,2023-08-21 12:17:32.222961
380,2022-01-13 00:00:00+05:30,1922.0,1922.0,1861.050048828125,1899.0999755859375,1103,0.0,0.0,2022-01-13,1880.4307707279643,1853.9281152124847,56.77672828721019,17.953877034549578,1862.3547410639974,1840.322491455078,1895.435257921895,26.502655515479546,21.52582135990861,1840.322491455078,74.60794866709769,1914.9304401221757,1765.7145427879805,1989.5383887892735,1691.1065941208826,SHAILY.BO,2023-08-21 12:17:32.222961
381,2022-01-12 00:00:00+05:30,1949.949951171875,1949.949951171875,1870.199951171875,1885.199951171875,439,0.0,0.0,2022-01-12,1877.0363698446963,1850.3143663826086,55.077721513137774,18.57237349968215,1858.4868216406353,1834.427490234375,1893.6028990898735,26.72200346208774,20.281612821015873,1834.427490234375,74.37679159200042,1908.8042818263755,1760.0506986423745,1983.181073418376,1685.673907050374,SHAILY.BO,2023-08-21 12:17:32.222961
382,2022-01-11 00:00:00+05:30,1916.050048828125,1932.0,1865.6500244140625,1893.550048828125,598,0.0,0.0,2022-01-11,1875.5520823306638,1847.5235195994671,56.31244250048153,19.010875231047667,1855.674913268926,1830.1674926757812,1897.8043730488728,28.028562731196644,18.671515160747905,1830.1674926757812,73.75303495381738,1903.9205276295986,1756.4144577219638,1977.673562583416,1682.6614227681464,SHAILY.BO,2023-08-21 12:17:32.222961
383,2022-01-10 00:00:00+05:30,1895.0999755859375,1950.0,1860.0,1907.050048828125,3412,0.0,0.0,2022-01-10,1872.2797247856709,1843.8413972611745,58.27366939321827,19.828666111355716,1851.6880568942736,1826.0249877929687,1899.9315351592463,28.438327524496344,16.33225326813572,1826.0249877929687,72.31841977881757,1898.3434075717862,1753.7065680141511,1970.6618273506037,1681.3881482353336,SHAILY.BO,2023-08-21 12:17:32.222961
384,2022-01-07 00:00:00+05:30,1895.0,1914.949951171875,1855.0,1895.0999755859375,3539,0.0,0.0,2022-01-07,1865.9578476870429,1838.7847051358185,57.04397551922003,20.70936398245669,1845.8604787959734,1821.0099853515626,1896.3722783248068,27.173142551224373,13.305734704045562,1821.0099853515626,69.83913191859769,1890.8491172701604,1751.1708534329648,1960.688249188758,1681.3317215143672,SHAILY.BO,2023-08-21 12:17:32.222961
385,2022-01-06 00:00:00+05:30,1842.050048828125,1948.0,1842.050048828125,1913.4000244140625,2369,0.0,0.0,2022-01-06,1860.6592789781528,1834.279483499809,59.53907220062451,22.27701576607732,1840.677373870714,1817.282489013672,1897.008429694241,26.379795478343794,9.83888274225086,1817.282489013672,67.63119138129697,1884.9136803949689,1749.651297632375,1952.5448717762658,1682.020106251078,SHAILY.BO,2023-08-21 12:17:32.222961
386,2022-01-05 00:00:00+05:30,1858.0,1935.0,1835.0,1921.5999755859375,1324,0.0,0.0,2022-01-05,1851.07005253526,1827.9498402266688,60.642729949080746,23.96525614843799,1833.0223580240458,1813.4249877929688,1888.81263233433,23.120212308591135,5.703654558227626,1813.4249877929688,63.96099241093233,1877.385980203901,1749.4639953820365,1941.3469726148335,1685.503002971104,SHAILY.BO,2023-08-21 12:17:32.222961
387,2022-01-04 00:00:00+05:30,1948.300048828125,1950.0,1840.0,1858.449951171875,1164,0.0,0.0,2022-01-04,1838.2464301624093,1820.4578293979273,54.628335857873644,25.541380682619064,1823.698398280689,1807.3999877929687,1872.418960708526,17.788600764482,1.3495151206367488,1807.3999877929687,58.69332782645487,1866.0933156194235,1748.7066599665138,1924.7866434458783,1690.013332140059,SHAILY.BO,2023-08-21 12:17:32.222961
388,2022-01-03 00:00:00+05:30,1930.0,1984.949951171875,1893.199951171875,1927.449951171875,1280,0.0,0.0,2022-01-03,1834.5730627061428,1817.4184596560115,64.65236672059852,27.322830760527843,1820.0403400816167,1805.477490234375,1879.4034654768511,17.1546030501313,-2.7602562903245635,1805.477490234375,57.55179338049113,1863.029283614866,1747.925696853884,1920.5810769953573,1690.3739034733926,SHAILY.BO,2023-08-21 12:17:32.222961
389,2021-12-31 00:00:00+05:30,1869.8499755859375,1950.0,1841.1500244140625,1938.050048828125,7373,0.0,0.0,2021-12-31,1817.6863557123734,1808.6159403347424,66.39016870049139,28.661841748163972,1808.7340652300106,1799.6549926757812,1855.3802226293387,9.07041537763098,-7.738971125438529,1799.6549926757812,49.95111127548887,1849.6061039512701,1749.7038814002922,1899.557215226759,1699.7527701248034,SHAILY.BO,2023-08-21 12:17:32.222961
390,2021-12-30 00:00:00+05:30,1850.0,1877.0,1780.0,1844.0,4595,0.0,0.0,2021-12-30,1795.802047873146,1798.2612116552718,56.829982923871874,30.680753664993922,1795.1218564302092,1795.134991455078,1814.0453095299454,-2.45916378212587,-11.941317751205906,1795.134991455078,39.83444695428053,1834.9694384093586,1755.3005445007975,1874.8038853636392,1715.466097546517,SHAILY.BO,2023-08-21 12:17:32.222961
391,2021-12-29 00:00:00+05:30,1879.949951171875,1879.949951171875,1819.949951171875,1846.5999755859375,8793,0.0,0.0,2021-12-29,1787.0387838500817,1794.6021085876935,57.24799627628841,31.781210157432348,1789.9767886860204,1796.039990234375,1799.0679642949176,-7.563324737611765,-14.311856243475916,1796.039990234375,41.185728048397614,1837.2257182827725,1754.8542621859774,1878.4114463311703,1713.6685341375796,SHAILY.BO,2023-08-21 12:17:32.222961
392,2021-12-28 00:00:00+05:30,1755.6500244140625,1839.5,1722.0,1810.0,14560,0.0,0.0,2021-12-28,1776.2094762617444,1790.442279227834,52.700269679599,33.66405453651089,1784.0164532228712,1795.4449890136718,1775.3019586494074,-14.232802966089594,-15.998989119941951,1795.4449890136718,40.49705618576089,1835.9420451994326,1754.947932827911,1876.4391013851937,1714.45087664215,SHAILY.BO,2023-08-21 12:17:32.222961
393,2021-12-27 00:00:00+05:30,1700.0,1800.0,1700.0,1755.5999755859375,3836,0.0,0.0,2021-12-27,1770.0657446729708,1788.8776615660606,44.56097904597994,34.75438074263419,1781.281343035805,1794.9574890136719,1757.9529379741111,-18.8119168930898,-16.44053565840504,1794.9574890136719,40.37111154181222,1835.3286005554842,1754.5863774718596,1875.6997120972962,1714.2152659300475,SHAILY.BO,2023-08-21 12:17:32.222961
394,2021-12-24 00:00:00+05:30,1775.449951171875,1775.75,1717.0999755859375,1747.9000244140625,145,0.0,0.0,2021-12-24,1772.6958845069769,1791.5398764444703,43.27809972169121,34.873448496144164,1783.9846448726332,1795.072491455078,1759.1294191681977,-18.843991937493456,-15.847690349733845,1795.072491455078,40.256208153731,1835.328699608809,1754.816283301347,1875.58490776254,1714.560075147616,SHAILY.BO,2023-08-21 12:17:32.222961
395,2021-12-23 00:00:00+05:30,1778.9000244140625,1800.0,1686.0,1774.050048828125,4254,0.0,0.0,2021-12-23,1777.2042227056886,1795.0310646069029,46.68486866738925,34.2841726657896,1787.7830259735356,1795.1499877929687,1764.7441165452651,-17.826841901214266,-15.098614952793943,1795.1499877929687,40.16199959959722,1835.311987392566,1754.9879881933714,1875.4739869921632,1714.8259885937741,SHAILY.BO,2023-08-21 12:17:32.222961
396,2021-12-22 00:00:00+05:30,1702.0999755859375,1791.0,1685.0,1764.449951171875,855,0.0,0.0,2021-12-22,1777.7777088652458,1796.7095458692052,45.21474788327022,33.64956792540776,1789.228602515158,1793.6724853515625,1760.0911504038352,-18.931837003959345,-14.41655821568886,1793.6724853515625,41.50034343215124,1835.1728287837138,1752.1721419194112,1876.673172215865,1710.67179848726,SHAILY.BO,2023-08-21 12:17:32.222961
397,2021-12-21 00:00:00+05:30,1622.050048828125,1777.949951171875,1622.050048828125,1757.25,939,0.0,0.0,2021-12-21,1780.200937536768,1799.2903134449914,44.14208353488265,32.71483127311713,1791.8368816039244,1793.5549865722655,1757.9117500198151,-19.089375908223474,-13.287738518621238,1793.5549865722655,41.59066339083064,1835.1456499630963,1751.9643231814348,1876.7363133539268,1710.3736597906043,SHAILY.BO,2023-08-21 12:17:32.222961
398,2021-12-20 00:00:00+05:30,1779.800048828125,1800.0,1602.0,1688.199951171875,8786,0.0,0.0,2021-12-20,1784.3738352707257,1802.6535385205907,32.34592352399554,31.351032232937804,1795.4776059832848,1793.2674865722656,1758.2426250297226,-18.27970324986495,-11.837329171220679,1793.2674865722656,41.8737444839775,1835.1412310562432,1751.393742088288,1877.0149755402206,1709.5199976043107,SHAILY.BO,2023-08-21 12:17:32.222961
399,2021-12-17 00:00:00+05:30,1780.0,1849.0,1774.25,1779.449951171875,7044,0.0,0.0,2021-12-17,1801.8599960159713,1811.8098255084878,43.66017761566835,29.882325574283144,1806.7699907002752,1795.1999877929688,1793.2639619586462,-9.949829492516528,-10.226735651559611,1795.1999877929688,37.42515802886548,1832.6251458218344,1757.7748297641033,1870.0503038506997,1720.349671735238,SHAILY.BO,2023-08-21 12:17:32.222961
400,2021-12-16 00:00:00+05:30,1800.0,1826.75,1767.050048828125,1781.199951171875,164,0.0,0.0,2021-12-16,1805.9345496239887,1814.3986154554168,43.9338469255742,30.467569918193902,1809.6457843348437,1793.8074890136718,1800.1709673520318,-8.464065831428115,-10.295962191320383,1793.8074890136718,38.54342934658333,1832.350918360255,1755.2640596670885,1870.8943477068385,1716.720630320505,SHAILY.BO,2023-08-21 12:17:32.222961
401,2021-12-15 00:00:00+05:30,1801.050048828125,1801.050048828125,1799.8499755859375,1800.0,13741,0.0,0.0,2021-12-15,1810.431749342555,1817.0545085981,46.864178211973055,30.409591922598295,1812.6400825625246,1793.014990234375,1809.6564754421101,-6.622759255545134,-10.75393628129345,1793.014990234375,38.976809531512174,1831.9917997658872,1754.038180702863,1870.9686092973993,1715.0613711713509,SHAILY.BO,2023-08-21 12:17:32.222961
402,2021-12-14 00:00:00+05:30,1781.75,1850.0,1781.699951171875,1810.699951171875,2813,0.0,0.0,2021-12-14,1812.3284310412014,1818.4188692859482,48.576498250080405,30.93607148698676,1813.9706175691063,1793.9624877929687,1814.484713163165,-6.090438244746792,-11.786730537730529,1793.9624877929687,39.38375215932308,1833.3462399522919,1754.5787356336455,1872.7299921116148,1715.1949834743225,SHAILY.BO,2023-08-21 12:17:32.222961
403,2021-12-13 00:00:00+05:30,1800.0,1857.9000244140625,1800.0,1806.75,742,0.0,0.0,2021-12-13,1812.6245182901698,1819.036382735074,47.924257333016065,31.503049479405103,1814.314898242499,1793.4499877929688,1816.3770941588098,-6.411864444904268,-13.210803610976463,1793.4499877929688,39.22083906649973,1832.6708268594687,1754.229148726469,1871.8916659259683,1715.0083096599694,SHAILY.BO,2023-08-21 12:17:32.222961
404,2021-12-10 00:00:00+05:30,1887.6500244140625,1887.8499755859375,1799.949951171875,1820.550048828125,47896,0.0,0.0,2021-12-10,1813.692612524746,1820.0192933538801,49.98084533260104,32.44630268419094,1815.1112033206568,1794.3074890136718,1821.1906412382145,-6.326680829134148,-14.91053840249451,1794.3074890136718,39.71133893697164,1834.0188279506435,1754.5961500767,1873.730166887615,1714.8848111397285,SHAILY.BO,2023-08-21 12:17:32.222961
405,2021-12-09 00:00:00+05:30,1899.949951171875,1900.0,1799.949951171875,1836.25,4974,0.0,0.0,2021-12-09,1812.4458059241315,1819.9768329159406,52.35429544640969,33.462113827806455,1814.538693267239,1792.4549865722656,1821.5109374432593,-7.531026991809085,-17.0565027958346,1792.4549865722656,39.284597845942365,1831.739584418208,1753.1703887263232,1871.0241822641503,1713.885790880381,SHAILY.BO,2023-08-21 12:17:32.222961
406,2021-12-08 00:00:00+05:30,1850.050048828125,1850.050048828125,1791.0,1801.0999755859375,2177,0.0,0.0,2021-12-08,1808.11777063761,1818.6749795492158,47.135348554260865,34.55606429016163,1812.2532925585274,1792.232489013672,1814.1414061648888,-10.557208911605812,-19.437871746840976,1792.232489013672,39.03531029717729,1831.2677993108493,1753.1971787164946,1870.3031096080265,1714.1618684193174,SHAILY.BO,2023-08-21 12:17:32.222961
407,2021-12-07 00:00:00+05:30,1811.050048828125,1850.0,1811.0,1820.0,455,0.0,0.0,2021-12-07,1809.3937333742776,1820.080979866278,49.862338642893924,34.44000806769624,1813.4273259240633,1797.427490234375,1820.6621214543643,-10.68724649200044,-21.65803745564977,1797.427490234375,46.4811631412019,1843.908653375577,1750.946327093173,1890.3898165167789,1704.4651639519711,SHAILY.BO,2023-08-21 12:17:32.222961
408,2021-12-06 00:00:00+05:30,1850.0,1850.0,1800.050048828125,1811.0,859,0.0,0.0,2021-12-06,1807.4653212605099,1820.0874582555803,48.54604861760502,34.587303478279104,1812.7354654950175,1801.627490234375,1820.9931821815462,-12.622136995070377,-24.4007351965621,1801.627490234375,52.085382156228235,1853.7128723906033,1749.5421080781468,1905.7982545468315,1697.4567259219186,SHAILY.BO,2023-08-21 12:17:32.222961
409,2021-12-03 00:00:00+05:30,1869.949951171875,1869.949951171875,1816.0,1847.6500244140625,4040,0.0,0.0,2021-12-03,1806.8226523987844,1820.8144549160265,53.89656079712839,34.74592930506065,1812.9181460734405,1806.1874877929688,1825.9897732723193,-13.99180251724215,-27.345384746935025,1806.1874877929688,56.7338931735264,1862.9213809664952,1749.4535946194424,1919.6552741400217,1692.719701445916,SHAILY.BO,2023-08-21 12:17:32.222961
410,2021-12-02 00:00:00+05:30,1835.0,1875.0,1790.0,1862.0999755859375,1744,0.0,0.0,2021-12-02,1799.399493850552,1818.6676093561837,56.16276551868616,35.12217217253555,1809.262158879691,1806.9024841308594,1815.1596477014477,-19.268115505631613,-30.68378030435824,1806.9024841308594,57.37046922445167,1864.272953355311,1749.5320149064078,1921.6434225797627,1692.161545681956,SHAILY.BO,2023-08-21 12:17:32.222961
411,2021-12-01 00:00:00+05:30,1800.0,1883.0,1720.199951171875,1834.699951171875,2317,0.0,0.0,2021-12-01,1787.9994062623002,1815.1930200578036,52.65779298229238,35.52735679904698,1803.7002834369282,1809.2474853515625,1791.6894837592029,-27.193613795503325,-33.53769650403989,1809.2474853515625,60.612315541547964,1869.8598008931106,1748.6351698100145,1930.4721164346586,1688.0228542684665,SHAILY.BO,2023-08-21 12:17:32.222961
412,2021-11-30 00:00:00+05:30,1800.0,1900.0,1760.199951171875,1800.25,1919,0.0,0.0,2021-11-30,1779.508398096923,1813.632465568678,47.78360423957274,35.96370947375159,1800.4371605174601,1810.3424865722657,1770.1842500528664,-34.1240674717551,-35.12371718117403,1810.3424865722657,61.290358507015355,1871.632845079281,1749.0521280652504,1932.9232035862965,1687.7617695582348,SHAILY.BO,2023-08-21 12:17:32.222961
413,2021-11-29 00:00:00+05:30,1784.449951171875,1784.449951171875,1650.0,1757.9000244140625,1570,0.0,0.0,2021-11-29,1775.7371977509088,1814.7030628141724,40.82954735767356,36.89942319942218,1800.4568616245613,1811.8299865722656,1755.1513750792994,-38.965865063263664,-35.37362960852876,1811.8299865722656,61.3934504034605,1873.2234369757261,1750.436536168805,1934.6168873791867,1689.0430857653446,SHAILY.BO,2023-08-21 12:17:32.222961
414,2021-11-26 00:00:00+05:30,1671.199951171875,1800.0,1671.199951171875,1749.449951171875,3084,0.0,0.0,2021-11-26,1778.98032017579,1819.2473058861813,39.33260419395837,35.037444720677385,1804.9365286993507,1814.8599853515625,1753.7770504119178,-40.26698571039128,-34.47557074484503,1814.8599853515625,60.072933613229985,1874.9329189647924,1754.7870517383326,1935.0058525780225,1694.7141181251025,SHAILY.BO,2023-08-21 12:17:32.222961
415,2021-11-25 00:00:00+05:30,1741.0,1785.0,1731.0,1744.5,226,0.0,0.0,2021-11-25,1784.3494781765019,1824.831094263326,38.48608344897866,33.19414722425938,1810.777221070664,1818.6874877929688,1755.940600031939,-40.48161608682403,-33.02771700345847,1818.6874877929688,58.092042013782915,1876.7795298067517,1760.5954457791859,1934.8715718205347,1702.503403765403,SHAILY.BO,2023-08-21 12:17:32.222961
416,2021-11-24 00:00:00+05:30,1780.0,1780.0,1750.050048828125,1762.0999755859375,420,0.0,0.0,2021-11-24,1791.5948378449566,1831.257581804392,40.344707753490475,31.729925822516147,1817.7537706570497,1822.5999877929687,1761.6609000479084,-39.662743959435375,-31.164242232617074,1822.5999877929687,55.405485713910096,1878.0054735068788,1767.1945020790586,1933.410959220789,1711.7890163651484,SHAILY.BO,2023-08-21 12:17:32.222961
417,2021-11-23 00:00:00+05:30,1720.0,1785.0,1650.0,1751.5,807,0.0,0.0,2021-11-23,1796.957540073869,1836.7901903018685,38.688799664869045,30.341816419944678,1823.6120648750614,1824.419989013672,1761.4413622788938,-39.832650227999466,-29.039616800912494,1824.419989013672,53.89067829870447,1878.3106673123764,1770.5293107149676,1932.2013456110808,1716.6386324162631,SHAILY.BO,2023-08-21 12:17:32.222961
418,2021-11-22 00:00:00+05:30,1730.0,1800.0,1715.0,1726.8499755859375,2622,0.0,0.0,2021-11-22,1805.222547360027,1843.6134055260181,34.77951161933379,28.84692937102156,1831.2028085461204,1829.4549865722656,1766.4120434183405,-38.390858165991176,-26.341358444140752,1829.4549865722656,51.364167539684544,1880.8191541119502,1778.090819032581,1932.1833216516347,1726.7266514928965,SHAILY.BO,2023-08-21 12:17:32.222961
419,2021-11-18 00:00:00+05:30,1730.0999755859375,1829.800048828125,1730.0999755859375,1751.5999755859375,4818,0.0,0.0,2021-11-18,1819.4721058644068,1852.9544799212247,36.97773463405115,27.92479191562678,1842.1873172787712,1838.9974853515625,1786.1930773345418,-33.48237405681789,-23.328983513678146,1838.9974853515625,48.9712462748214,1887.968731626384,1790.0262390767411,1936.9399779012053,1741.0549928019198,SHAILY.BO,2023-08-21 12:17:32.222961
420,2021-11-17 00:00:00+05:30,1869.5,1869.5,1750.0,1765.3499755859375,1874,0.0,0.0,2021-11-17,1831.812493187765,1861.0628402680477,38.22404950676169,27.113464169485432,1851.7228269306484,1848.9174865722657,1803.489628208844,-29.25034708028261,-20.79063587789321,1848.9174865722657,50.40915817646834,1899.326644748734,1798.5083283957974,1949.7358029252023,1748.0991702193292,SHAILY.BO,2023-08-21 12:17:32.222961
421,2021-11-16 00:00:00+05:30,1800.0,1849.0,1725.0,1818.949951171875,1098,0.0,0.0,2021-11-16,1843.8965872971883,1868.7198694426165,43.53543429630605,26.48289999986089,1860.8147060195652,1860.657489013672,1822.5594545202969,-24.823282145428266,-18.675708077295855,1860.657489013672,56.85243122898352,1917.5099202426554,1803.8050577846884,1974.362351471639,1746.952626555705,SHAILY.BO,2023-08-21 12:17:32.222961
422,2021-11-15 00:00:00+05:30,1823.9000244140625,1840.0,1780.0,1800.449951171875,1352,0.0,0.0,2021-11-15,1848.4323393199725,1872.7014629042758,40.90362657796185,25.265835476376235,1865.2215223193218,1867.5299926757812,1824.3642061945075,-24.269123584303316,-17.13881456026275,1867.5299926757812,59.777776206914744,1927.3077688826959,1807.7522164688664,1987.0855450896106,1747.9744402619517,SHAILY.BO,2023-08-21 12:17:32.222961
423,2021-11-12 00:00:00+05:30,1848.0,1890.0,1780.0,1823.9000244140625,12077,0.0,0.0,2021-11-12,1857.1564098923536,1878.4815838428678,43.27790027475459,24.611110712072,1872.0395824401057,1876.3574951171875,1836.3213337058235,-21.325173950514227,-15.356237304252609,1876.3574951171875,62.331762024700375,1938.6892571418878,1814.0257330924871,2001.0210191665883,1751.6939710677866,SHAILY.BO,2023-08-21 12:17:32.222961
424,2021-11-11 00:00:00+05:30,1899.0,1899.0,1761.0,1783.5,6442,0.0,0.0,2021-11-11,1863.2030254338613,1882.8481085971723,37.47159078614419,23.90602250435975,1877.106904337584,1884.0299926757812,1842.5319883517038,-19.64508316331103,-13.864003142687205,1884.0299926757812,64.9250876366483,1948.9550803124293,1819.104905039133,2013.8801679490778,1754.1798174024846,SHAILY.BO,2023-08-21 12:17:32.222961
425,2021-11-10 00:00:00+05:30,1975.0,1975.0,1800.0,1831.800048828125,595,0.0,0.0,2021-11-10,1877.6944846036542,1890.795957284946,42.27578610887882,23.146696742208096,1886.9602626889084,1894.3199951171875,1872.0479825275556,-13.101472681291852,-12.418733137531248,1894.3199951171875,64.46047151792237,1958.7804666351099,1829.8595235992652,2023.2409381530324,1765.3990520813427,SHAILY.BO,2023-08-21 12:17:32.222961
426,2021-11-09 00:00:00+05:30,1975.0,1975.0,1900.0,1905.0,286,0.0,0.0,2021-11-09,1886.0389274719323,1895.5156299614919,51.58259978467744,22.79557290081187,1892.7666009900436,1901.9674926757812,1892.1719493772705,-9.476702489559557,-12.248048251591095,1901.9674926757812,65.71351423088787,1967.681006906669,1836.2539784448934,2033.394521137557,1770.5404642140054,SHAILY.BO,2023-08-21 12:17:32.222961
427,2021-11-08 00:00:00+05:30,1950.0,1982.5,1852.5999755859375,1904.0,431,0.0,0.0,2021-11-08,1882.5914597395563,1894.7568803584113,51.44700919482159,23.96844933112408,1891.4788747784694,1904.5374938964844,1885.7579240659056,-12.165420618855023,-12.940884692098978,1904.5374938964844,66.83391015446549,1971.3714040509499,1837.703583742019,2038.2053142054153,1770.8696735875535,SHAILY.BO,2023-08-21 12:17:32.222961
428,2021-11-04 00:00:00+05:30,1862.0,1999.0,1862.0,1902.199951171875,271,0.0,0.0,2021-11-04,1878.6989978740212,1894.0174307870843,51.21867576978421,25.231547025306465,1890.1608615972557,1907.3174926757813,1876.636886098858,-15.318432913063134,-13.134750710409966,1907.3174926757813,67.95729290092605,1975.2747855767072,1839.3601997748553,2043.2320784776334,1771.4029068739292,SHAILY.BO,2023-08-21 12:17:32.222961
429,2021-11-03 00:00:00+05:30,1925.0,1925.0,1861.0999755859375,1861.949951171875,96,0.0,0.0,2021-11-03,1874.4260972744116,1893.362829156301,45.939821461722346,26.756300103777996,1888.8935890104538,1909.7149963378906,1863.8553535623491,-18.936731881889273,-12.588830159746673,1909.7149963378906,68.60994080877666,1978.3249371466673,1841.105055529114,2046.9348779554439,1772.4951147203374,SHAILY.BO,2023-08-21 12:17:32.222961
430,2021-11-02 00:00:00+05:30,1811.0,1929.449951171875,1811.0,1909.0,1710,0.0,0.0,2021-11-02,1876.6944874748729,1895.875859395055,52.05417773430342,26.748375532213508,1891.7297614145145,1915.195001220703,1864.8080547575862,-19.181371920182073,-11.001854729211022,1915.195001220703,68.97010057162389,1984.1651017923268,1846.2249006490792,2053.1352023639506,1777.2548000774552,SHAILY.BO,2023-08-21 12:17:32.222961
431,2021-11-01 00:00:00+05:30,1820.0,1889.949951171875,1790.0,1856.5999755859375,1886,0.0,0.0,2021-11-01,1870.8207579248497,1894.8259281466594,44.401539570920235,26.73984137822098,1889.9118415634107,1915.5225036621093,1842.7120821363792,-24.00517022180975,-8.956975431468258,1915.5225036621093,68.95468517574454,1984.4771888378539,1846.5678184863648,2053.4318740135986,1777.6131333106202,SHAILY.BO,2023-08-21 12:17:32.222961
432,2021-10-29 00:00:00+05:30,1820.0,1855.0,1730.0,1830.0,851,0.0,0.0,2021-10-29,1873.406354713743,1897.884004351517,39.878212872010664,25.72228196480197,1893.4183537715658,1919.5075073242188,1835.7681354115998,-24.477649637773993,-5.194926733882884,1919.5075073242188,67.66109841296618,1987.1686057371849,1851.8464089112526,2054.829704150151,1784.1853104982863,SHAILY.BO,2023-08-21 12:17:32.222961
433,2021-10-28 00:00:00+05:30,1862.550048828125,1862.550048828125,1780.0,1818.5,1132,0.0,0.0,2021-10-28,1881.298419207151,1903.3147246996384,37.84828876494232,23.627548480155077,1900.0939699580465,1926.472509765625,1838.6522031173995,-22.01630549248739,-0.37424600791010665,1926.472509765625,65.0829182344702,1991.5554280000954,1861.3895915311548,2056.6383462345657,1796.3066732966847,SHAILY.BO,2023-08-21 12:17:32.222961
434,2021-10-27 00:00:00+05:30,1800.0,1849.949951171875,1800.0,1826.0,469,0.0,0.0,2021-10-27,1892.7163136084512,1910.0999026756094,38.63832117399806,21.880401548662253,1908.6828089009987,1934.1400085449218,1848.728304676099,-17.383589067158255,5.0362688632342145,1934.1400085449218,60.56974208166764,1994.7097506265895,1873.570266463254,2055.279492708257,1813.0005243815865,SHAILY.BO,2023-08-21 12:17:32.222961
435,2021-10-26 00:00:00+05:30,1767.0,1857.0,1767.0,1822.75,1577,0.0,0.0,2021-10-26,1904.8465524463513,1916.827894889658,38.11856887114886,20.226245651051695,1917.3862624695248,1937.3825073242188,1860.0924570141483,-11.98134244330663,10.641233345832331,1937.3825073242188,56.04259141599095,1993.4250987402097,1881.3399159082278,2049.4676901562007,1825.2973244922368,SHAILY.BO,2023-08-21 12:17:32.222961
436,2021-10-25 00:00:00+05:30,1852.199951171875,1887.699951171875,1704.0,1798.5,2997,0.0,0.0,2021-10-25,1919.773198345688,1924.3541264808307,34.260506529005696,18.444846992086475,1927.3479743084222,1942.3300048828125,1878.7636855212224,-4.580928135142813,16.29687729311707,1942.3300048828125,49.35928707471735,1991.6892919575298,1892.9707178080953,2041.0485790322473,1843.6114307333778,SHAILY.BO,2023-08-21 12:17:32.222961
437,2021-10-22 00:00:00+05:30,1999.4000244140625,1999.4000244140625,1825.550048828125,1852.199951171875,2052,0.0,0.0,2021-10-22,1941.8228707721764,1934.4224565992972,39.298568195456966,16.526417667047006,1940.9109189724668,1948.7475036621095,1918.8955282818333,7.400414172879209,21.51632865018204,1948.7475036621095,36.28782627589375,1985.0353299380033,1912.4596773862156,2021.323156213897,1876.171851110322,SHAILY.BO,2023-08-21 12:17:32.222961
438,2021-10-21 00:00:00+05:30,2001.0,2001.0,1915.0,1917.699951171875,535,0.0,0.0,2021-10-21,1958.1179470631405,1941.000257033491,47.15184100646733,16.055379302328856,1950.2489155830556,1954.8750061035157,1952.2433168368125,17.117690029649566,25.045307269507745,1954.8750061035157,28.675218148408987,1983.5502242519246,1926.1997879551068,2012.2254424003336,1897.5245698066979,SHAILY.BO,2023-08-21 12:17:32.222961
439,2021-10-20 00:00:00+05:30,2009.0,2009.0,1910.0,1950.0,1500,0.0,0.0,2021-10-20,1965.4666735888252,1942.8642815024202,51.901114498571104,17.046581832202662,1953.6751223631798,1959.0500061035157,1969.514999669281,22.60239208640496,27.027211579472286,1959.0500061035157,29.053940676405762,1988.1039467799214,1929.99606542711,2017.1578874563272,1900.9421247507041,SHAILY.BO,2023-08-21 12:17:32.222961
440,2021-10-19 00:00:00+05:30,1958.0,2009.0,1925.0,2000.1500244140625,2633,0.0,0.0,2021-10-19,1968.2787960595208,1942.2934240226139,60.7183447229712,18.1140307105283,1954.0619773487774,1958.8925048828125,1979.2724995039212,25.985372036906938,28.133416452739112,1958.8925048828125,29.114058739270092,1988.0065636220827,1929.7784461435424,2017.1206223613526,1900.6643874042725,SHAILY.BO,2023-08-21 12:17:32.222961
441,2021-10-18 00:00:00+05:30,1905.0,1977.0,1905.0,1956.4000244140625,1995,0.0,0.0,2021-10-18,1962.484027267786,1937.664895991298,54.44977501031233,18.861129398077562,1949.2106039734842,1956.9825012207032,1968.8337370488503,24.81913127648795,28.670427556697156,1956.9825012207032,27.47165303530679,1984.45415425601,1929.5108481853963,2011.9258072913167,1902.0391951500897,SHAILY.BO,2023-08-21 12:17:32.222961
442,2021-10-14 00:00:00+05:30,1952.0,2014.0,1941.0,1977.0,1955,0.0,0.0,2021-10-14,1963.5902096048267,1936.1660857174768,58.53381504295834,20.1713866196184,1948.4538228744761,1957.575,1975.0505933662441,27.42412388734988,29.633251626749455,1957.575,27.585979317108812,1985.160979317109,1929.9890206828911,2012.7469586342177,1902.4030413657824,SHAILY.BO,2023-08-21 12:17:32.222961
443,2021-10-13 00:00:00+05:30,1985.0,2032.949951171875,1960.0,1977.3499755859375,2911,0.0,0.0,2021-10-13,1961.1520658966133,1932.899372574875,58.60316258865176,20.86626195184543,1945.448962124421,1959.0474975585937,1974.075890049366,28.252693321738207,30.18553356159935,1959.0474975585937,29.40354802136264,1988.4510455799564,1929.643949537231,2017.854593601319,1900.2404015158684,SHAILY.BO,2023-08-21 12:17:32.222961
444,2021-10-12 00:00:00+05:30,1985.0,1999.0,1970.0999755859375,1989.300048828125,2525,0.0,0.0,2021-10-12,1958.2069914076453,1929.34332433399,60.89027427133142,21.022949720886057,1942.0909607074193,1958.2474975585938,1972.4388472810801,28.86366707365528,30.66874362156463,1958.2474975585938,29.095419056842328,1987.342916615436,1929.1520785017515,2016.4383356722783,1900.0566594449092,SHAILY.BO,2023-08-21 12:17:32.222961
445,2021-10-11 00:00:00+05:30,1990.0,2041.0,1947.0,1984.75,4543,0.0,0.0,2021-10-11,1952.5537082402855,1924.5467863744593,60.34307672220207,22.001654506473397,1937.121583010503,1956.9399963378905,1964.0082465075575,28.006921865826143,31.120012758541964,1956.9399963378905,28.200324216268896,1985.1403205541594,1928.7396721216217,2013.3406447704283,1900.5393479053528,SHAILY.BO,2023-08-21 12:17:32.222961
446,2021-10-08 00:00:00+05:30,1998.800048828125,1998.800048828125,1925.050048828125,1956.4000244140625,1323,0.0,0.0,2021-10-08,1946.6998370112465,1919.730529284416,56.8500959870047,23.055644275567456,1932.108065432661,1952.8624938964845,1953.6373697613362,26.969307726830493,31.89828548172092,1952.8624938964845,29.816970670828947,1982.6794645673135,1923.0455232256554,2012.4964352381423,1893.2285525548266,SHAILY.BO,2023-08-21 12:17:32.222961
447,2021-10-07 00:00:00+05:30,1933.0,2000.0,1933.0,1959.5999755859375,5117,0.0,0.0,2021-10-07,1944.9361665743709,1916.7969696740442,57.379818677913995,24.328523438494223,1929.5510171188293,1948.864990234375,1952.256042434973,28.139196900326624,33.13052992044352,1948.864990234375,34.33484106837615,1983.1998313027511,1914.5301491659989,2017.5346723711273,1880.1953080976227,SHAILY.BO,2023-08-21 12:17:32.222961
448,2021-10-06 00:00:00+05:30,2010.0,2010.0,1950.0,1950.1500244140625,4181,0.0,0.0,2021-10-06,1942.2700194813588,1913.3727292010929,56.26225861517007,25.908375354439528,1926.3879688591337,1945.7224914550782,1948.5840758594907,28.897290280265906,34.37836317547275,1945.7224914550782,36.12986171087747,1981.8523531659557,1909.5926297442006,2017.982214876833,1873.4627680333233,SHAILY.BO,2023-08-21 12:17:32.222961
449,2021-10-05 00:00:00+05:30,1978.75,1994.4000244140625,1932.0,1971.550048828125,1427,0.0,0.0,2021-10-05,1940.8372913117764,1910.4305455840554,59.54549195747091,27.73954977121964,1923.8866998533517,1939.352490234375,1947.8011015822046,30.406745727721045,35.74863139927446,1939.352490234375,45.36000065744613,1984.712490891821,1893.9924895769288,2030.0724915492672,1848.6324889194827,SHAILY.BO,2023-08-21 12:17:32.222961
450,2021-10-04 00:00:00+05:30,1999.0,1999.0,1900.0,1915.550048828125,3032,0.0,0.0,2021-10-04,1935.2531535815313,1905.5409853245299,52.86124897949147,29.620416640597522,1918.8695052244282,1930.8749877929688,1935.9266279592443,29.712168257001395,37.08410281716281,1930.8749877929688,54.03932601869045,1984.9143138116592,1876.8356617742784,2038.9536398303496,1822.796335755588,SHAILY.BO,2023-08-21 12:17:32.222961
451,2021-10-01 00:00:00+05:30,2029.800048828125,2029.800048828125,1929.949951171875,1936.300048828125,411,0.0,0.0,2021-10-01,1938.8355362639688,1904.7402602442423,56.047554087016564,31.645965576850625,1919.2189216871968,1925.4424865722656,1946.114917524804,34.0952760197265,38.92708645720316,1925.4424865722656,60.71045291719073,1986.1529394894562,1864.732033655075,2046.863392406647,1804.021580737884,SHAILY.BO,2023-08-21 12:17:32.222961
452,2021-09-30 00:00:00+05:30,2029.800048828125,2029.800048828125,1935.050048828125,1969.300048828125,2160,0.0,0.0,2021-09-30,1939.296533979577,1902.2154771575317,61.52409489752614,33.58696259673783,1917.4209083039414,1918.2074829101562,1951.0223518731434,37.081056822045184,40.13503906657232,1918.2074829101562,67.58170427593906,1985.7891871860952,1850.625778634217,2053.3708914620343,1783.044074358278,SHAILY.BO,2023-08-21 12:17:32.222961
453,2021-09-29 00:00:00+05:30,1870.0,1980.0,1866.0,1971.8499755859375,637,0.0,0.0,2021-09-29,1933.841349461659,1896.8487114238842,61.958497177533715,35.545337242424054,1911.9599461435012,1909.2274780273438,1941.8835033956525,36.992638037774896,40.8985346277041,1909.2274780273438,72.2092624075646,1981.4367404349084,1837.018215619779,2053.646002842473,1764.8089532122146,SHAILY.BO,2023-08-21 12:17:32.222961
454,2021-09-28 00:00:00+05:30,1921.0,1969.9000244140625,1876.5,1890.8499755859375,1668,0.0,0.0,2021-09-28,1926.9306901663358,1890.8486102909199,51.951992567961966,37.69532275262387,1905.6557325179815,1899.284979248047,1926.9002673005098,36.08207987541596,41.875008775186394,1899.284979248047,76.68412890797859,1975.9691081560256,1822.6008503400683,2052.6532370640043,1745.9167214320898,SHAILY.BO,2023-08-21 12:17:32.222961
455,2021-09-27 00:00:00+05:30,1999.3499755859375,1999.3499755859375,1890.0,1921.699951171875,3212,0.0,0.0,2021-09-27,1933.4908200900445,1890.8485010673185,57.280654556675465,40.25712304804225,1907.2142332476706,1893.647479248047,1944.9254131577957,42.64231902272604,43.323241000128995,1893.647479248047,81.33998971242796,1974.9874689604749,1812.307489535619,2056.327458672903,1730.967499823191,SHAILY.BO,2023-08-21 12:17:32.222961
456,2021-09-24 00:00:00+05:30,1975.0,2010.0,1905.0,1926.8499755859375,2464,0.0,0.0,2021-09-24,1935.6346144388026,1888.3803850589538,58.206102209739086,43.33353754479222,1905.6894208345964,1887.1999816894531,1956.538144150756,47.254229379848766,43.49347149447973,1887.1999816894531,84.06439894952447,1971.2643806389776,1803.1355827399286,2055.328779588502,1719.0711837904041,SHAILY.BO,2023-08-21 12:17:32.222961
457,2021-09-23 00:00:00+05:30,2030.0,2044.0,1960.0,1974.75,1006,0.0,0.0,2021-09-23,1937.23182150296,1885.3028178167951,67.64504811943473,46.32945768255136,1903.4619940186658,1880.79248046875,1971.3822284331648,51.92900368616483,42.55328202313746,1880.79248046875,85.75014260902866,1966.5426230777787,1795.0423378597213,2052.2927656868073,1709.2921952506927,SHAILY.BO,2023-08-21 12:17:32.222961
458,2021-09-22 00:00:00+05:30,1992.0,2043.3499755859375,1850.0,2001.199951171875,1783,0.0,0.0,2021-09-22,1930.410334503498,1878.1470432421386,73.77981433684168,48.04055579226849,1895.9579933890518,1872.05498046875,1969.6983426497468,52.26329126135943,40.20935160738061,1872.05498046875,84.56737690359357,1956.6223573723437,1787.4876035651564,2041.189734275937,1702.920226661563,SHAILY.BO,2023-08-21 12:17:32.222961
459,2021-09-21 00:00:00+05:30,1924.0,1975.0,1900.0,1946.8499755859375,1750,0.0,0.0,2021-09-21,1917.5394951092476,1868.3028106077595,68.29321260069054,49.895395551861625,1884.8798925698072,1861.7524841308593,1953.9475383886825,49.23668450148807,37.195866693885904,1861.7524841308593,80.45734524799695,1942.2098293788563,1781.2951388828624,2022.6671746268532,1700.8377936348654,SHAILY.BO,2023-08-21 12:17:32.222961
460,2021-09-20 00:00:00+05:30,1950.0,1994.949951171875,1920.0,1961.949951171875,2445,0.0,0.0,2021-09-20,1912.2103168407584,1862.0190374095052,72.19029137175576,53.37994473946229,1878.3567259365304,1853.3249877929688,1957.4963197900547,50.19127943125318,34.18566224198536,1853.3249877929688,79.90012703311787,1933.2251148260866,1773.424860759851,2013.1252418592046,1693.524733726733,SHAILY.BO,2023-08-21 12:17:32.222961
461,2021-09-17 00:00:00+05:30,2000.0,2000.0,1961.0,1968.25,1123,0.0,0.0,2021-09-17,1903.1667469623735,1854.0245643085157,73.82232183275752,56.53579243636468,1869.5574390696522,,1955.2695040991443,49.142182653857844,30.184257944668403,,,,,,,SHAILY.BO,2023-08-21 12:17:32.222961
462,2021-09-16 00:00:00+05:30,1976.0,2030.0,1976.0,2006.449951171875,3663,0.0,0.0,2021-09-16,1891.3334282282594,1844.886529453197,84.58956119648361,58.51361113386416,1859.168748445405,,1948.7792561487165,46.44689877506244,25.44477676737104,,,,,,,SHAILY.BO,2023-08-21 12:17:32.222961
463,2021-09-15 00:00:00+05:30,1932.0,1980.0,1932.0,1961.3499755859375,1695,0.0,0.0,2021-09-15,1870.4031513294203,1831.9614557157026,81.65644981345746,60.0483062466849,1843.665463947882,,1919.9439086371372,38.441695613717684,20.194246265448186,,,,,,,SHAILY.BO,2023-08-21 12:17:32.222961
464,2021-09-14 00:00:00+05:30,1890.0,1980.0,1867.25,1963.1500244140625,3090,0.0,0.0,2021-09-14,1853.8673651009626,1821.6103741260838,82.23653211873724,62.760242361742286,1831.2776206175604,,1899.2408751627368,32.25699097487882,15.632383928380808,,,,,,,SHAILY.BO,2023-08-21 12:17:32.222961
465,2021-09-13 00:00:00+05:30,1885.0,1922.0,1810.0,1903.199951171875,4103,0.0,0.0,2021-09-13,1833.997790680399,1810.2872021030455,77.23506323593546,65.6807889471887,1817.3963149547708,,1867.2863005370737,23.71058857735352,11.476232166756304,,,,,,,SHAILY.BO,2023-08-21 12:17:32.222961
466,2021-09-09 00:00:00+05:30,1910.0,1930.0,1866.0,1876.449951171875,2158,0.0,0.0,2021-09-09,1821.4155796819489,1802.8541821775393,,70.49753669952074,1808.3643532477072,,1849.329475219673,18.56139750440957,8.417643064106999,,,,,,,SHAILY.BO,2023-08-21 12:17:32.222961
467,2021-09-08 00:00:00+05:30,1822.75,1913.8499755859375,1800.0,1896.75,6211,0.0,0.0,2021-09-08,1811.4093303201441,1796.9665206579925,,72.91309109351941,1801.197448203058,,1835.769237243572,14.442809662151603,5.881704454031356,,,,,,,SHAILY.BO,2023-08-21 12:17:32.222961
468,2021-09-07 00:00:00+05:30,1829.9000244140625,1829.9000244140625,1781.0,1822.75,4549,0.0,0.0,2021-09-07,1795.8928449238067,1788.9838423106319,,75.99839338806946,1791.1392848560115,,1805.2788558653579,6.9090026131748346,3.741428152001294,,,,,,,SHAILY.BO,2023-08-21 12:17:32.222961
469,2021-09-06 00:00:00+05:30,1760.0,1825.0,1722.0,1802.0,1036,0.0,0.0,2021-09-06,1791.0097258190444,1786.2825496954824,,79.22798717660268,1787.8118411566443,,1796.5432837980366,4.727176123562003,2.949534536707909,,,,,,,SHAILY.BO,2023-08-21 12:17:32.222961
470,2021-09-03 00:00:00+05:30,1767.0,1825.0,1765.0,1806.9000244140625,1180,0.0,0.0,2021-09-03,1789.0114941497798,1785.025153671121,,82.11877987567776,1786.3183507520805,,1793.8149256970544,3.9863404786588035,2.5051241399943858,,,,,,,SHAILY.BO,2023-08-21 12:17:32.222961
471,2021-09-02 00:00:00+05:30,1790.0,1810.0,1756.0,1791.5999755859375,4764,0.0,0.0,2021-09-02,1785.7590341017285,1783.2751640116858,,87.75073209719929,1784.1518587876615,,1787.2723763385502,2.4838700900427284,2.134820055328281,,,,,,,SHAILY.BO,2023-08-21 12:17:32.222961
472,2021-09-01 00:00:00+05:30,1760.0,1800.0,1755.0,1789.699951171875,3076,0.0,0.0,2021-09-01,1784.697044740963,1782.6091790857458,,92.45223673434703,1783.367846493106,,1785.1085767148566,2.0878656552172288,2.047557546649669,,,,,,,SHAILY.BO,2023-08-21 12:17:32.222961
473,2021-08-31 00:00:00+05:30,1778.0,1805.0,1761.25,1773.0,3023,0.0,0.0,2021-08-31,1783.787425389888,1782.0419173188554,,94.41440370290762,1782.7013091584988,,1782.812889486347,1.7455080710326456,2.037480519507779,,,,,,,SHAILY.BO,2023-08-21 12:17:32.222961
474,2021-08-30 00:00:00+05:30,1809.0,1830.0,1750.0,1778.0999755859375,4326,0.0,0.0,2021-08-30,1785.7487754607769,1782.765270704364,,97.10376488298914,1783.7224995962356,,1787.7193342295204,2.9835047564129127,2.110473631626562,,,,,,,SHAILY.BO,2023-08-21 12:17:32.222961
475,2021-08-27 00:00:00+05:30,1780.0,1815.0,1775.5,1792.75,1430,0.0,0.0,2021-08-27,1787.1394663471115,1783.1384943138382,,100.0,1784.3143442288986,,1792.529013551312,4.000972033273229,1.8922158504299742,,,,,,,SHAILY.BO,2023-08-21 12:17:32.222961
476,2021-08-26 00:00:00+05:30,1800.0,1810.0,1780.0,1798.699951171875,1951,0.0,0.0,2021-08-26,1786.1193693193136,1782.3695738589454,,100.0,1783.4263804635195,,1792.4185203269678,3.7497954603682047,1.3650268047191605,,,,,,,SHAILY.BO,2023-08-21 12:17:32.222961
477,2021-08-25 00:00:00+05:30,1799.0,1830.0,1761.0,1800.0,3101,0.0,0.0,2021-08-25,1783.8319908006658,1781.0631436739109,,100.0,1781.8186361784296,,1789.2778049045141,2.768847126754963,0.7688346408068992,,,,,,,SHAILY.BO,2023-08-21 12:17:32.222961
478,2021-08-24 00:00:00+05:30,1752.0999755859375,1827.699951171875,1752.0999755859375,1795.1500244140625,3096,0.0,0.0,2021-08-24,1780.8923527644233,1779.548195167824,,,1779.904808407738,,1783.916707356771,1.3441575965994161,0.26883151931988325,,,,,,,SHAILY.BO,2023-08-21 12:17:32.222961
479,2021-08-23 00:00:00+05:30,1790.0,1840.0,1751.0,1778.300048828125,4369,0.0,0.0,2021-08-23,1778.300048828125,1778.300048828125,,,1778.300048828125,,1778.300048828125,0.0,0.0,,,,,,,SHAILY.BO,2023-08-21 12:17:32.222961
=======
Trading Day,Date,Open,High,Low,Close,Volume,Dividends,Stock Splits,date_only,RollingMean,RollingStd,UpperBand1,LowerBand1,UpperBand2,LowerBand2,CCI_10,CCI_40,OBV,VPT,VPT_signal,VWAP,MFI_14,PP,R1,S1,R2,S2,R3,S3,CMF,%R,macd,macd_signal,macde_histogram,rsi,ADX,sma_5,sma_20,sma_50,sma_100,symbol,created_on
1,2023-08-21 00:00:00+05:30,1638.949951171875,1759.0,1638.949951171875,1731.0,1997,0.0,0.0,2023-08-21,1456.9224914550782,108.85227948919669,1565.774770944275,1348.0702119658815,1674.6270504334716,1239.2179324766848,142.92745787813283,197.41614010620742,-164757,1943.882868517035,1138.0603102943455,1779.7384037729882,69.48961509457584,1709.6499837239583,1780.3500162760415,1660.2999674479165,1829.7000325520833,1589.5999348958333,1900.4000651041665,1540.2499186197915,0.03425945456061519,-6.499535010770408,55.711482277083405,26.326874319779087,29.38460795730432,75.32413317841662,37.92343870327417,1614.6199951171875,1456.9224914550782,1425.2929956054688,1262.555498046875,SHAILY.BO,2023-08-21 22:03:22.178920
2,2023-08-18 00:00:00+05:30,1633.050048828125,1649.0,1587.800048828125,1615.300048828125,1093,0.0,0.0,2023-08-18,1444.1799926757812,87.99860886477539,1532.1786015405567,1356.1813838110058,1620.177210405332,1268.1827749462304,110.89044616563565,135.6044097199511,-166754,992.8149945970002,936.6046707386731,1779.847345115752,62.3698757401814,1617.36669921875,1646.933349609375,1585.7333984375,1678.566650390625,1556.166748046875,1708.13330078125,1524.533447265625,-0.03547397529935667,-10.504970711500864,41.39540361512354,18.980722330453002,22.41468128467054,68.60200539229784,35.68122596825002,1564.8099853515625,1444.1799926757812,1415.9989965820312,1256.092998046875,SHAILY.BO,2023-08-21 22:03:22.178920
3,2023-08-17 00:00:00+05:30,1648.949951171875,1648.949951171875,1579.949951171875,1629.199951171875,1386,0.0,0.0,2023-08-17,1438.4224914550782,79.57748375992244,1517.9999752150006,1358.8450076951558,1597.577458974923,1279.2675239352334,134.79274173943284,144.43038312618276,-165661,1269.7919756636434,922.5520897740913,1780.048896555683,68.87721549321378,1619.3666178385417,1658.7832845052085,1589.7832845052085,1688.3666178385417,1550.3666178385417,1727.7832845052085,1520.7832845052085,-0.01826620636439222,-6.157443491816056,33.83397379794883,13.377052009285364,20.456921788663465,70.75216570967495,33.90279783181161,1532.319970703125,1438.4224914550782,1407.15099609375,1250.8444970703124,SHAILY.BO,2023-08-21 22:03:22.178920
4,2023-08-16 00:00:00+05:30,1550.0,1590.800048828125,1550.0,1565.449951171875,373,0.0,0.0,2023-08-16,1431.0324951171874,66.75868987212918,1497.7911849893167,1364.2738052450582,1564.5498748614457,1297.5151153729291,124.67811271285622,111.70766515384173,-167047,328.3545047259599,835.7421183017033,1780.283565483215,62.818258015697246,1568.75,1587.5,1546.699951171875,1609.550048828125,1527.949951171875,1628.300048828125,1505.89990234375,-0.079138246330244,-9.65349894478482,22.271486546682127,8.262821562119496,14.00866498456263,66.24680430946823,31.987903907167954,1504.22998046875,1431.0324951171874,1398.76099609375,1245.2734973144532,SHAILY.BO,2023-08-21 22:03:22.178920
5,2023-08-14 00:00:00+05:30,1482.800048828125,1548.0,1470.0,1532.1500244140625,2620,0.0,0.0,2023-08-14,1428.2224975585937,61.80177763058797,1490.0242751891817,1366.4207199280056,1551.8260528197695,1304.6189422974178,115.52333316142796,75.10919485901042,-167420,2257.342941991238,962.5890216956391,1780.3735448651144,58.03329402951191,1516.7166748046875,1563.433349609375,1485.433349609375,1594.7166748046875,1438.7166748046875,1641.433349609375,1407.433349609375,-0.06675293048812476,-7.211088291582482,13.408961406095386,4.7606553159788385,8.648306090116549,63.52124735894031,30.335592464386334,1460.339990234375,1428.2224975585937,1391.4249975585938,1240.487998046875,SHAILY.BO,2023-08-21 22:03:22.178920
6,2023-08-11 00:00:00+05:30,1465.050048828125,1491.050048828125,1448.5999755859375,1481.949951171875,148,0.0,0.0,2023-08-11,1426.3699951171875,59.0150585469985,1485.385053664186,1367.354936570189,1544.4001122111845,1308.3398780231905,105.72948924053553,44.376852310367475,-170040,123.33610006813635,638.9005416217393,1781.1059573022806,43.083507546320526,1473.8666585286458,1499.133341471354,1456.6832682291665,1516.3167317708333,1431.4165852864583,1541.5834147135415,1414.233194986979,-0.2076110237097228,-29.569415661902774,5.138615771854575,2.5985787934497013,2.5400369784048733,58.87236084608766,28.903216612199678,1421.92998046875,1426.3699951171875,1383.94099609375,1236.550997314453,SHAILY.BO,2023-08-21 22:03:22.178920
7,2023-08-10 00:00:00+05:30,1505.050048828125,1505.050048828125,1447.0,1452.8499755859375,736,0.0,0.0,2023-08-10,1426.625,59.27829212342126,1485.9032921234214,1367.3467078765786,1545.1815842468425,1308.0684157531575,130.3594947125696,42.58772857895015,-170188,601.3032405503794,767.7916520101401,1781.155827756399,40.137937020641836,1468.3000081380208,1489.6000162760415,1431.5499674479165,1526.3500569661458,1410.2499593098958,1547.6500651041665,1373.4999186197915,-0.27985102102062964,-43.80072273534304,-0.5838440128572984,1.963569548848483,-2.547413561705781,55.8432837840535,27.895029243063078,1394.6,1426.625,1378.302998046875,1234.2734973144532,SHAILY.BO,2023-08-21 22:03:22.178920
8,2023-08-09 00:00:00+05:30,1437.050048828125,1546.5,1437.050048828125,1488.75,3235,0.0,0.0,2023-08-09,1428.7049987792968,60.953109321350844,1489.6581081006477,1367.751889457946,1550.6112174219986,1306.798780136595,220.29364802561685,63.25724914809523,-169452,2708.2641386495743,809.4137548750803,1781.428223617809,44.0944249608874,1490.7666829427083,1544.4833170572915,1435.0333658854165,1600.2166341145833,1381.3167317708333,1653.9332682291665,1325.5834147135415,-0.2569312641324542,-27.614962360744663,-5.035573808110485,2.600422939274928,-7.635996747385413,60.988987049306175,26.80928899937751,1374.7199951171874,1428.7049987792968,1373.4059985351562,1232.192998046875,SHAILY.BO,2023-08-21 22:03:22.178920
9,2023-08-08 00:00:00+05:30,1357.9000244140625,1359.75,1328.199951171875,1346.0,141,0.0,0.0,2023-08-08,1429.6924987792968,62.12580026217101,1491.8182990414678,1367.5666985171258,1553.9440993036387,1305.4408982549548,-91.5343343983579,-49.149452899675985,-172687,106.72327210757614,334.7011589314567,1782.4994850392839,13.34864953081778,1344.6499837239583,1361.1000162760415,1329.5499674479165,1376.2000325520833,1313.0999348958333,1392.6500651041665,1297.9999186197915,-0.3566951886827986,-91.97473178109243,-14.194448847234753,4.509422126121281,-18.703870973356032,40.87192783846922,25.64003027540844,1346.0099853515626,1429.6924987792968,1367.677998046875,1229.8569982910155,SHAILY.BO,2023-08-21 22:03:22.178920
10,2023-08-07 00:00:00+05:30,1380.050048828125,1382.3499755859375,1331.75,1340.0999755859375,248,0.0,0.0,2023-08-07,1443.695001220703,72.89615458882233,1516.5911558095254,1370.7988466318807,1589.4873103983477,1297.9026920430583,-96.53651321337314,-42.70897676529626,-172828,186.88904280485337,391.6956306374268,1782.5691321184527,12.52258776582417,1351.3999837239583,1371.0499674479165,1320.449991861979,1401.9999593098958,1300.8000081380208,1421.649943033854,1269.8500162760415,-0.3616691064328576,-95.40910200639205,-11.646804786003713,9.18538986946029,-20.832194655464,39.6780949834994,26.86097609363101,1355.0599853515625,1443.695001220703,1364.1969970703126,1228.8669982910155,SHAILY.BO,2023-08-21 22:03:22.178920
11,2023-08-04 00:00:00+05:30,1354.5999755859375,1362.699951171875,1339.1500244140625,1345.300048828125,187,0.0,0.0,2023-08-04,1458.7650024414063,81.05096745839118,1539.8159698997974,1377.7140349830152,1620.8669373581886,1296.663067524624,-127.65785499592523,-44.32201503242069,-172580,141.46718901382312,442.89727759557013,1782.6933421410913,12.483255839507194,1349.0500081380208,1358.949991861979,1335.4000651041665,1372.5999348958333,1325.5000813802083,1382.4999186197915,1311.850138346354,-0.3306545517484798,-93.04543235085227,-7.62751862461846,14.39343853332629,-22.02095715794475,40.34475364182902,28.09215173300654,1367.17998046875,1458.7650024414063,1361.1139965820312,1228.545498046875,SHAILY.BO,2023-08-21 22:03:22.178920
12,2023-08-03 00:00:00+05:30,1429.0,1429.0,1330.0,1353.449951171875,292,0.0,0.0,2023-08-03,1472.507501220703,84.04561147550966,1556.5531126962128,1388.4618897451933,1640.5987241717223,1304.4162782696837,-89.6111823187858,-25.288471848316302,-172393,222.2388657092055,518.2547997410069,1782.785945688028,12.390379220650757,1370.816650390625,1411.63330078125,1312.63330078125,1469.816650390625,1271.816650390625,1510.63330078125,1213.63330078125,-0.14530711703860588,-89.34093128551136,-2.8781743338993238,19.898677822812477,-22.7768521567118,41.356009187063684,29.786110781195102,1380.4499755859374,1472.507501220703,1358.0079956054688,1228.045498046875,SHAILY.BO,2023-08-21 22:03:22.178920
13,2023-07-28 00:00:00+05:30,1374.949951171875,1376.9000244140625,1342.0,1345.199951171875,317,0.0,0.0,2023-07-28,1479.6500061035156,79.3329787851435,1558.982984888659,1400.317027318372,1638.3159636738026,1320.9840485332286,-135.27434539354775,-32.73583861522161,-172685,239.79551977322078,592.2587832489572,1782.9279291124735,26.166779871784968,1354.6999918619792,1367.3999837239585,1332.499959309896,1389.6000162760417,1319.7999674479167,1402.300008138021,1297.5999348958335,-0.13296989795216552,-98.46156193659856,2.443392357998846,25.592890861990426,-23.14949850399158,39.940985511932645,31.610374371552016,1388.9199951171875,1479.6500061035156,1354.4399975585939,1227.419998779297,SHAILY.BO,2023-08-21 22:03:22.178920
14,2023-07-26 00:00:00+05:30,1409.8499755859375,1411.1500244140625,1383.300048828125,1391.25,2367,0.0,0.0,2023-07-26,1487.185009765625,72.77666961174644,1559.9616793773714,1414.4083401538785,1632.7383489891179,1341.631670542132,-84.25310360859535,0.10679698505767665,-172368,1851.818399358476,680.3745991178912,1783.0851379697133,25.08144385209549,1395.2333577473958,1407.1666666666665,1379.316691080729,1423.0833333333333,1367.3833821614583,1435.016642252604,1351.4667154947915,-0.08065448868766258,-80.17676767676768,10.032089223262574,31.38026548798832,-21.348176264725748,45.65016269522187,33.49824403577219,1406.05,1487.185009765625,1351.0159985351563,1227.9009997558594,SHAILY.BO,2023-08-21 22:03:22.178920
15,2023-07-24 00:00:00+05:30,1405.0,1426.0999755859375,1366.25,1400.699951171875,406,0.0,0.0,2023-07-24,1485.7425109863282,75.0293204342431,1560.7718314205713,1410.713190552085,1635.8011518548144,1335.683870117842,-94.63573989558455,5.037489079861826,-170001,319.79090398751094,387.51364905774483,1784.1387513940642,29.149255283892728,1397.6833089192708,1429.1166178385415,1369.266642252604,1457.5332845052083,1337.8333333333333,1488.966593424479,1309.4166666666665,-0.04675584321000413,-81.40513683386274,15.060687382485412,36.71730955416976,-21.656622171684347,46.928389394685986,35.798203123048914,1414.6,1485.7425109863282,1346.3709985351563,1228.7725,SHAILY.BO,2023-08-21 22:03:22.178920
16,2023-07-21 00:00:00+05:30,1389.949951171875,1420.25,1383.0,1411.6500244140625,217,0.0,0.0,2023-07-21,1483.2250122070313,78.78375641821839,1562.0087686252498,1404.441255788813,1640.7925250434682,1325.6574993705945,-106.80052822070719,13.282154727638375,-169595,172.25892531449762,404.44433532530326,1784.3156816475102,32.391344001751335,1404.9666748046875,1426.933349609375,1389.683349609375,1442.2166748046875,1367.7166748046875,1464.183349609375,1352.433349609375,-0.027536488977466286,-80.83841469392236,20.33994760149517,42.131465097090846,-21.791517495595677,48.38614321749089,38.275082140116155,1423.960009765625,1483.2250122070313,1340.5569995117187,1229.7290002441407,SHAILY.BO,2023-08-21 22:03:22.178920
17,2023-07-20 00:00:00+05:30,1432.449951171875,1432.449951171875,1370.0,1395.800048828125,340,0.0,0.0,2023-07-20,1477.7925109863281,87.26805649055646,1565.0605674768847,1390.5244544957716,1652.328623967441,1303.2563980052153,-156.1461223623503,12.590641183567763,-169812,266.8683594280384,462.4906878280046,1784.4076135477299,35.008176570179955,1399.4166666666667,1428.8333333333335,1366.3833821614585,1461.8666178385417,1336.9667154947917,1491.2832845052085,1303.9334309895835,-0.040918047086842504,-87.22285805446728,25.71240312923169,47.57934447098976,-21.86694134175807,46.13725706869084,40.60924136648593,1436.860009765625,1477.7925109863281,1334.4859985351563,1231.3315002441407,SHAILY.BO,2023-08-21 22:03:22.178920
18,2023-07-19 00:00:00+05:30,1499.0,1499.0,1352.0,1430.8499755859375,682,0.0,0.0,2023-07-19,1474.092510986328,92.3482095653397,1566.4407205516677,1381.7443014209884,1658.7889301170076,1289.3960918556486,-157.8829959205504,32.31761476354985,-169472,548.7486119075763,511.3962699279961,1784.5578741730394,74.91091232178812,1427.2833251953125,1502.566650390625,1355.566650390625,1574.2833251953125,1280.2833251953125,1649.566650390625,1208.566650390625,-0.05054102925287366,-81.10019539444926,33.76217480003629,53.04607980642927,-19.283905006392978,50.67074563385292,43.12295130257646,1457.7300048828124,1474.092510986328,1327.0799975585937,1233.3584997558594,SHAILY.BO,2023-08-21 22:03:22.178920
19,2023-07-17 00:00:00+05:30,1445.0,1460.699951171875,1412.5,1434.0,531,0.0,0.0,2023-07-17,1470.0125122070312,96.08615987454344,1566.0986720815747,1373.9263523324878,1662.1848319561182,1277.8401924579443,-204.44487989379536,40.25421822154122,-168790,428.1920818153198,502.058184433101,1784.8324239706076,77.26274654939682,1435.7333170572917,1458.9666341145835,1410.7666829427085,1483.9332682291667,1387.5333658854167,1507.1665852864585,1362.5667317708335,-0.05399128814854258,-90.13176638644208,40.10488703423607,57.86705605802751,-17.762169023791436,51.08968563705686,45.83002354144319,1467.8400146484375,1470.0125122070312,1319.222998046875,1234.9715002441405,SHAILY.BO,2023-08-21 22:03:22.178920
20,2023-07-14 00:00:00+05:30,1550.0,1550.0,1397.300048828125,1447.5,485,0.0,0.0,2023-07-14,1464.6375122070312,101.08349334084949,1565.7210055478808,1363.5540188661817,1666.8044988887302,1262.4705255253323,-100.53610429291693,60.90025010479913,-168259,394.7801162478923,520.5247100875463,1785.0445767785677,84.09779832344523,1464.933349609375,1532.566650390625,1379.86669921875,1617.63330078125,1312.2333984375,1685.2666015625,1227.166748046875,-0.04856422976055607,-85.9241546693863,47.30760124733047,62.30759831397536,-14.999997066644895,52.82787136475955,47.6031776559232,1482.8900146484375,1464.6375122070312,1310.9689978027343,1236.0790002441406,SHAILY.BO,2023-08-21 22:03:22.178920
21,2023-07-10 00:00:00+05:30,1500.1500244140625,1510.0,1474.300048828125,1476.1500244140625,122,0.0,0.0,2023-07-10,1457.110009765625,107.8087336162782,1564.9187433819031,1349.3012761493467,1672.7274769981814,1241.4925425330684,-59.74594036692381,78.19918636829065,-167774,101.27104427466702,551.9608585474598,1785.2311147936696,86.2627302219501,1486.8166910807292,1499.3333333333335,1463.6333821614585,1522.5166422526042,1451.1167399088542,1535.0332845052085,1427.9334309895835,-0.04513195427997906,-70.07411787988771,54.48293078913548,66.05759758063658,-11.574666791501102,56.624269354967176,49.512728240747826,1492.410009765625,1457.110009765625,1302.1389978027344,1236.9105004882813,SHAILY.BO,2023-08-21 22:03:22.178920
22,2023-07-07 00:00:00+05:30,1490.5,1500.1500244140625,1452.0999755859375,1500.1500244140625,180,0.0,0.0,2023-07-07,1447.7450073242187,114.02367929623279,1561.7686866204515,1333.721328027986,1675.7923659166843,1219.6976487317531,-70.40827180985333,82.2168939762046,-167652,151.84558116189402,664.633312115658,1785.2740869474187,86.49658560544691,1484.1333414713542,1516.166707356771,1468.116658528646,1532.1833902994792,1436.0832926432292,1564.216756184896,1420.066609700521,-0.039290332555395394,-56.10467476803328,60.02243468007441,68.95126427851186,-8.928829598437446,59.97697244381792,49.889801894157664,1494.5900146484375,1447.7450073242187,1292.8459973144531,1237.375,SHAILY.BO,2023-08-21 22:03:22.178920
23,2023-06-30 00:00:00+05:30,1524.9000244140625,1527.0,1465.25,1481.4000244140625,532,0.0,0.0,2023-06-30,1437.5950073242188,118.0764031032619,1555.6714104274806,1319.518604220957,1673.7478135307426,1201.442201117695,-61.370985149476596,92.40540581112808,-167832,443.1787613724866,792.830244854099,1785.3325862011154,86.11893877175284,1491.2166748046875,1517.183349609375,1455.433349609375,1552.9666748046875,1429.4666748046875,1578.933349609375,1393.683349609375,-0.047194782388243324,-60.01459091102319,63.841611105896845,71.18347167812122,-7.341860572224377,58.180689706361655,50.387815457963974,1493.45,1437.5950073242188,1283.9089978027343,1237.81,SHAILY.BO,2023-08-21 22:03:22.178920
24,2023-06-28 00:00:00+05:30,1508.0999755859375,1520.6500244140625,1480.5,1509.25,220,0.0,0.0,2023-06-28,1428.5725036621093,121.40050785211037,1549.9730115142197,1307.1719958099989,1671.3735193663301,1185.7714879578884,-45.300374083218536,106.69220508824449,-167300,186.71483488897516,880.243115724502,1785.5170012028384,87.25674083308323,1503.4666748046875,1526.433349609375,1486.2833251953125,1543.61669921875,1463.316650390625,1566.5833740234375,1446.13330078125,-0.03409636747128571,-54.20706722433882,69.61060802826205,73.0189368211773,-3.408328792915256,62.019835570137786,50.62093707491123,1498.8699951171875,1428.5725036621093,1276.0279968261718,1238.285,SHAILY.BO,2023-08-21 22:03:22.178920
25,2023-06-27 00:00:00+05:30,1501.050048828125,1501.6500244140625,1480.800048828125,1495.0999755859375,218,0.0,0.0,2023-06-27,1416.9600036621093,124.34924187742264,1541.309245539532,1292.6107617846867,1665.6584874169546,1168.261519907264,-34.97324396490645,107.79320119888824,-167520,183.282790152606,1053.6251859333836,1785.5863386844878,87.8957669964816,1492.5166829427083,1504.2333170572915,1483.383341471354,1513.3666585286458,1471.6667073567708,1525.083292643229,1462.5333658854165,-0.044450563962014134,-57.15775569795185,73.19916546164063,73.87101901940612,-0.6718535577654876,60.79945753764988,50.52628165989653,1522.2300048828124,1416.9600036621093,1266.8499963378906,1238.4184997558593,SHAILY.BO,2023-08-21 22:03:22.178920
26,2023-06-26 00:00:00+05:30,1545.949951171875,1545.949951171875,1479.0,1487.050048828125,1485,0.0,0.0,2023-06-26,1407.0150024414063,125.71710498573607,1532.7321074271424,1281.2978974556702,1658.4492124128785,1155.580792469934,-4.449401874473757,122.98918011594887,-167738,1241.786684966344,1271.210784878578,1785.6586001282046,88.90662198562637,1504.0,1529.0,1462.050048828125,1570.949951171875,1437.050048828125,1595.949951171875,1395.10009765625,-0.047498586516711384,-56.930975835939066,78.0780911639174,74.03898240884749,4.039108755069918,60.12256533686951,50.55980868817434,1551.510009765625,1407.0150024414063,1258.3569958496093,1238.4525,SHAILY.BO,2023-08-21 22:03:22.178920
27,2023-06-23 00:00:00+05:30,1496.25,1529.9000244140625,1480.0,1494.449951171875,622,0.0,0.0,2023-06-23,1397.0575012207032,126.9253307145627,1523.982831935266,1270.1321705061405,1650.9081626498287,1143.2068397915777,8.429104684253874,129.7033246536933,-166253,522.7171141571215,1278.5668098566364,1786.165462016757,88.24001065604841,1501.4499918619792,1522.8999837239585,1472.999959309896,1551.3500162760417,1451.5499674479167,1572.800008138021,1423.0999348958335,-0.007149093072391873,-55.437855838303626,83.93438896095131,73.02920522008002,10.905183740871294,61.021990343586005,50.59591471862737,1578.1300048828125,1397.0575012207032,1250.1599938964844,1238.9619995117187,SHAILY.BO,2023-08-21 22:03:22.178920
28,2023-06-22 00:00:00+05:30,1600.5999755859375,1613.9000244140625,1486.0,1508.5,1045,0.0,0.0,2023-06-22,1387.882501220703,126.1445203622335,1514.0270215829364,1261.7379808584697,1640.17154194517,1135.593460496236,38.271341630994236,158.37460424292388,-165631,886.4547358241448,1467.5292337815151,1786.373010579273,90.41498393082335,1536.1333414713542,1586.2666829427085,1458.366658528646,1664.0333658854167,1408.2333170572917,1714.166707356771,1330.4666341145835,0.019853487216296966,-51.20298559850548,89.43171334964882,70.30290928486218,19.128804064786635,62.67502473930492,50.73987326824128,1578.5000244140624,1387.882501220703,1242.0639953613281,1238.9034997558595,SHAILY.BO,2023-08-21 22:03:22.178920
29,2023-06-21 00:00:00+05:30,1663.300048828125,1663.300048828125,1603.550048828125,1626.050048828125,141,0.0,0.0,2023-06-21,1376.979998779297,124.58427499371595,1501.564273773013,1252.395723785581,1626.1485487667287,1127.8114487918651,102.11586743455084,225.1727204633005,-164586,128.92821829243792,1612.7978582708574,1786.7055567214306,95.69941825457856,1630.9667154947917,1658.3833821614585,1598.6333821614585,1690.7167154947917,1571.2167154947917,1718.1333821614585,1538.8833821614585,0.040555137844074725,-28.11547280767287,93.73121153317129,65.52070826866552,28.210503264505775,79.38109154498024,50.78517241021831,1575.980029296875,1376.979998779297,1234.595994873047,1239.0419995117188,SHAILY.BO,2023-08-21 22:03:22.178920
30,2023-06-20 00:00:00+05:30,1556.050048828125,1694.800048828125,1556.050048828125,1641.5,437,0.0,0.0,2023-06-20,1360.3999938964844,111.01943348776999,1471.4194273842543,1249.3805604087145,1582.4388608720244,1138.3611269209443,131.78245745012705,236.73551544023317,-164445,403.3827139985257,1983.7652682654623,1786.731502943038,95.67773766289713,1630.7833658854167,1705.5166829427085,1566.7666829427085,1769.5333658854167,1492.0333658854167,1844.2666829427085,1428.0166829427085,0.024673197173308604,-25.0810126023866,86.23880346637839,58.46808245253908,27.770721013839307,82.05029077635638,48.39248630711629,1523.2500244140624,1360.3999938964844,1224.6759948730469,1237.8534985351562,SHAILY.BO,2023-08-21 22:03:22.178920
31,2023-06-19 00:00:00+05:30,1490.1500244140625,1769.199951171875,1452.300048828125,1620.1500244140625,9502,0.0,0.0,2023-06-19,1345.3299926757813,89.15797812491513,1434.4879708006965,1256.1720145508662,1523.6459489256117,1167.014036425951,178.90300121813422,240.6999819672522,-164882,8656.956143102672,2378.860906832196,1786.804233865673,94.98411697652877,1613.8833414713542,1775.4666341145835,1458.5667317708335,1930.7832438151042,1296.9834391276042,2092.3665364583335,1141.6668294270835,0.010906066396010348,-29.27427189354191,73.81801607656644,51.52540219907925,22.292613877487184,81.24089535572585,45.81574742685258,1465.02001953125,1345.3299926757813,1213.0779943847656,1236.7784985351564,SHAILY.BO,2023-08-21 22:03:22.178920
32,2023-06-16 00:00:00+05:30,1493.550048828125,1499.25,1458.0,1496.300048828125,135,0.0,0.0,2023-06-16,1327.6374938964843,63.03422133294321,1390.6717152294275,1264.6032725635412,1453.7059365623707,1201.569051230598,157.4382276756476,171.34070258521996,-174384,113.59191421319048,809.3370977645772,1788.6389258046397,87.65721751727595,1484.5166829427083,1511.0333658854165,1469.7833658854165,1525.7666829427083,1443.2666829427083,1552.2833658854165,1428.5333658854165,-0.04727432522110997,-25.684154585068327,58.899838664338404,45.95224872970745,12.947589934630955,75.22261815644491,43.04079786349166,1401.5900146484375,1327.6374938964843,1201.2299938964843,1235.6709985351563,SHAILY.BO,2023-08-21 22:03:22.178920
33,2023-06-15 00:00:00+05:30,1400.0,1577.949951171875,1394.800048828125,1495.9000244140625,4398,0.0,0.0,2023-06-15,1311.4674926757812,58.83079946948772,1370.298292145269,1252.6366932062933,1429.1290916147566,1193.8058937368057,260.09576469431624,186.6201197239599,-174519,3699.582818832229,983.2733936524237,1788.6846577962547,89.43403931017211,1489.5500081380208,1584.2999674479165,1401.1500651041665,1672.6999104817708,1306.4001057942708,1767.4498697916665,1218.0001627604165,-0.070897949298016,-25.80998803487856,51.10497519935279,42.71535124604971,8.389623953303087,75.19875582650232,40.93804639494445,1366.6900146484375,1311.4674926757812,1191.611993408203,1235.937998046875,SHAILY.BO,2023-08-21 22:03:22.178920
34,2023-06-14 00:00:00+05:30,1351.050048828125,1390.0,1351.0,1362.4000244140625,242,0.0,0.0,2023-06-14,1297.157489013672,44.724858272452046,1341.882347286124,1252.4326307412198,1386.607205558576,1207.7077724687679,142.82885906779316,113.82370324882973,-178917,185.40223632421944,304.1960373574722,1790.1844194001276,72.59910434273961,1367.8000081380208,1384.6000162760415,1345.6000162760415,1406.8000081380208,1328.8000081380208,1423.6000162760415,1306.6000162760415,-0.14485551168527858,-26.866730049630604,40.390266422092054,40.61794525772393,-0.22767883563187752,64.64715363202674,38.673544813432066,1337.360009765625,1297.157489013672,1182.6149938964843,1236.1524975585937,SHAILY.BO,2023-08-21 22:03:22.178920
35,2023-06-13 00:00:00+05:30,1320.6500244140625,1353.199951171875,1289.6500244140625,1350.3499755859375,527,0.0,0.0,2023-06-13,1288.969989013672,47.079090807356685,1336.0490798210285,1241.8908982063153,1383.1281706283853,1194.8118073989585,68.84572576981358,93.7052199731119,-179159,400.1768079592339,333.8944876157854,1790.3050288837776,65.05388302607949,1331.066650390625,1372.4832763671875,1308.933349609375,1394.6165771484375,1267.5167236328125,1436.033203125,1245.3834228515625,-0.1367586122747339,-35.476985878391936,39.20794584481018,40.6748649666319,-1.466919121821718,63.33990053866807,37.64138219119388,1330.1800048828125,1288.969989013672,1176.0689929199218,1237.8684973144532,SHAILY.BO,2023-08-21 22:03:22.178920
36,2023-06-12 00:00:00+05:30,1329.449951171875,1334.5,1295.0,1303.0,306,0.0,0.0,2023-06-12,1279.3499877929687,53.14341773789652,1332.4934055308652,1226.2065700550722,1385.6368232687616,1173.0631523171758,10.706868127344944,83.84974580349652,-179686,224.2130062712136,317.32390752992325,1790.5753169108605,54.883856178450046,1310.8333333333333,1326.6666666666665,1287.1666666666665,1350.3333333333333,1271.3333333333333,1366.1666666666665,1247.6666666666665,-0.2037842984222741,-69.31049220651217,38.28690467447154,41.04159474708733,-2.7546900726157872,57.62219168127462,36.99566847723443,1319.5,1279.3499877929687,1169.9829943847656,1239.8514978027345,SHAILY.BO,2023-08-21 22:03:22.178920
37,2023-06-09 00:00:00+05:30,1367.699951171875,1385.0,1319.199951171875,1321.800048828125,293,0.0,0.0,2023-06-09,1274.202490234375,55.65847774293141,1329.8609679773065,1218.5440124914437,1385.5194457202379,1162.8855347485123,113.66584003252957,111.51793651235656,-179380,217.78519016622502,340.60163284460066,1790.7493075849486,71.9461845042654,1342.0,1364.800048828125,1299.0,1407.800048828125,1276.199951171875,1430.60009765625,1233.199951171875,-0.1866524155555529,-58.819593125961624,41.19084342811561,41.730267265241274,-0.5394238371256606,61.13772188216666,36.56358650095114,1316.6699951171875,1274.202490234375,1164.3299938964844,1242.2589978027345,SHAILY.BO,2023-08-21 22:03:22.178920
38,2023-06-08 00:00:00+05:30,1316.699951171875,1385.0,1316.699951171875,1349.25,1429,0.0,0.0,2023-06-08,1268.5124877929688,56.34908878076592,1324.8615765737347,1212.163399012203,1381.2106653545006,1155.814310231437,199.94356027397959,124.70323992121048,-179087,1084.225494606816,371.30574351419455,1790.9095969562202,77.68599514645283,1350.316650390625,1383.933349609375,1315.63330078125,1418.61669921875,1282.0166015625,1452.2333984375,1247.333251953125,-0.12184966787787246,-36.81818181818182,42.43314136557001,41.86512322452269,0.5680181410473182,66.65096741087072,35.1931033336719,1311.739990234375,1268.5124877929688,1157.8259924316405,1244.1629968261718,SHAILY.BO,2023-08-21 22:03:22.178920
39,2023-06-07 00:00:00+05:30,1296.949951171875,1351.3499755859375,1273.5999755859375,1326.5,226,0.0,0.0,2023-06-07,1261.1674865722657,54.82466195328734,1315.9921485255531,1206.3428246189783,1370.8168104788404,1151.518162665691,119.55051137349534,107.16188370460816,-180516,168.58178696984046,193.07580574103912,1791.647086280688,68.6240056059096,1317.1499837239583,1360.699991861979,1282.949991861979,1394.8999837239583,1239.3999837239583,1438.449991861979,1205.199991861979,-0.15206337754197427,-34.151329243353786,40.67732851302685,41.723118689260865,-1.0457901762340143,64.16398840451271,33.71719838429426,1302.07998046875,1261.1674865722657,1150.6529919433594,1245.7859973144532,SHAILY.BO,2023-08-21 22:03:22.178920
40,2023-06-06 00:00:00+05:30,1315.4000244140625,1319.949951171875,1283.0999755859375,1296.949951171875,329,0.0,0.0,2023-06-06,1253.4399841308593,56.01046567620824,1309.4504498070676,1197.429518454651,1365.4609154832758,1141.4190527784428,-0.45109664115196607,99.28009709777476,-180742,239.94630952000128,199.19931043383878,1791.7699572508611,65.83408801928789,1299.9999593098958,1316.899943033854,1280.0499674479165,1336.8499348958333,1263.1499837239583,1353.7499186197915,1243.199991861979,-0.16326800986728557,-46.2372387845092,40.053563141012546,41.98456623331936,-1.9310030923068169,60.62211829864066,32.51303389754551,1292.17998046875,1253.4399841308593,1143.5729919433593,1248.0374975585937,SHAILY.BO,2023-08-21 22:03:22.178920
41,2023-06-05 00:00:00+05:30,1297.199951171875,1311.449951171875,1260.050048828125,1288.8499755859375,164,0.0,0.0,2023-06-05,1247.8899841308594,56.963520347371514,1304.853504478231,1190.9264637834879,1361.8170248256024,1133.9629434361163,-92.3721019133187,93.4472510837924,-181071,118.86149142006967,189.01256066229814,1791.9603106907002,66.31816412199115,1286.7833251953125,1313.5166015625,1262.11669921875,1338.1832275390625,1235.3834228515625,1364.91650390625,1210.716796875,-0.14725101461178608,-48.92974004838442,41.55831435777941,42.46731700639606,-0.9090026486166494,59.60593183439302,31.625671942629157,1292.02998046875,1247.8899841308594,1137.6519934082032,1250.867998046875,SHAILY.BO,2023-08-21 22:03:22.178920
42,2023-06-02 00:00:00+05:30,1296.8499755859375,1319.050048828125,1275.300048828125,1297.1500244140625,243,0.0,0.0,2023-06-02,1242.9474853515626,57.50833982354519,1300.4558251751077,1185.4391455280174,1357.964164998653,1127.9308057044723,-30.519202868316327,106.07375496452434,-180907,177.25212128309525,206.55032797285523,1792.0568063898074,65.63216617230658,1297.1667073567708,1319.0333658854165,1275.2833658854165,1340.9167073567708,1253.4167073567708,1362.7833658854165,1231.5333658854165,-0.14667010816136525,-38.95408857662705,43.652905339107065,42.69456766855022,0.958337670556844,61.10636231015138,30.786874541153118,1291.839990234375,1242.9474853515626,1132.0509936523438,1253.9184985351562,SHAILY.BO,2023-08-21 22:03:22.178920
43,2023-06-01 00:00:00+05:30,1289.3499755859375,1303.0,1280.0,1300.949951171875,69,0.0,0.0,2023-06-01,1236.8424865722657,57.93085728043422,1294.7733438526998,1178.9116292918316,1352.7042011331341,1120.9807720113972,5.875127538642493,108.38600813866856,-180664,50.47829059556826,213.8748796452952,1792.1974933960146,64.88841046034972,1294.6499837239583,1309.2999674479165,1286.2999674479165,1317.6499837239583,1271.6499837239583,1332.2999674479165,1263.2999674479165,-0.17958898892820865,-37.642411877186376,44.855779811838374,42.454983250911006,2.4007965609273683,61.76736971339183,29.364290128298627,1294.5999755859375,1236.8424865722657,1127.5399926757811,1256.9639978027344,SHAILY.BO,2023-08-21 22:03:22.178920
44,2023-05-31 00:00:00+05:30,1308.3499755859375,1308.3499755859375,1277.0,1277.0,129,0.0,0.0,2023-05-31,1230.4949890136718,57.49018079808925,1287.9851698117611,1173.0048082155824,1345.4753506098502,1115.5146274174933,7.9131170277072895,107.88815243820108,-180733,92.63509839554729,254.7240269077269,1792.2371493906862,60.77555771122682,1287.4499918619792,1297.8999837239585,1266.550008138021,1318.7999674479167,1256.1000162760417,1329.249959309896,1235.2000325520835,-0.16880518967751215,-45.90956935339383,45.341955405901444,41.85478411067916,3.487171295222282,59.18335847706765,28.02162412645301,1292.4999755859376,1230.4949890136718,1123.503994140625,1259.7419982910155,SHAILY.BO,2023-08-21 22:03:22.178920
45,2023-05-30 00:00:00+05:30,1282.949951171875,1311.449951171875,1273.199951171875,1296.199951171875,98,0.0,0.0,2023-05-30,1224.594989013672,58.51221837448695,1283.107207388159,1166.082770639185,1341.6194257626457,1107.570552264698,27.31639152859918,118.3530636591829,-180604,71.43203718548683,295.2462590357718,1792.3149211268783,64.30601554569074,1293.6166178385417,1314.0332845052085,1275.7832845052085,1331.8666178385417,1255.3666178385417,1352.2832845052085,1237.5332845052085,-0.08932831885507676,-39.28203935409329,47.63611548028939,40.98299128687359,6.653124193415799,62.318736331792685,26.575676124465417,1295.9899658203126,1224.594989013672,1119.8299951171875,1262.3499987792968,SHAILY.BO,2023-08-21 22:03:22.178920
46,2023-05-26 00:00:00+05:30,1400.0,1400.0,1282.9000244140625,1287.9000244140625,261,0.0,0.0,2023-05-26,1215.2849914550782,61.267804756320984,1276.5527962113993,1154.017186698757,1337.82060096772,1092.7493819424362,70.99510828227952,149.18872230625925,-180702,189.02429125702548,351.199814498343,1792.3718173091543,60.64050391731647,1323.6000162760417,1364.300008138021,1247.2000325520835,1440.6999918619792,1206.5000406901042,1481.3999837239585,1130.100056966146,-0.01566643618713568,-42.14704734744579,47.96067196799072,39.31971023851964,8.64096172947108,61.50000168128646,25.018501353094166,1304.769970703125,1215.2849914550782,1116.30099609375,1265.9264990234376,SHAILY.BO,2023-08-21 22:03:22.178920
47,2023-05-25 00:00:00+05:30,1301.0,1311.0,1287.5,1310.949951171875,289,0.0,0.0,2023-05-25,1206.294989013672,63.21243041931513,1269.507419432987,1143.082558594357,1332.7198498523023,1079.8701281750416,61.75389609458532,142.37984071236477,-180441,213.04871252651552,391.7436953086724,1792.5259464587105,58.27857220427636,1303.1499837239583,1318.7999674479165,1295.2999674479165,1326.6499837239583,1279.6499837239583,1342.2999674479165,1271.7999674479165,0.2064457032262975,-34.190564557382324,48.466942803878055,37.15946980615187,11.307472997726187,65.15042401456526,23.06994197303077,1300.4499755859374,1206.294989013672,1113.2779956054687,1269.3079992675782,SHAILY.BO,2023-08-21 22:03:22.178920
48,2023-05-24 00:00:00+05:30,1317.3499755859375,1343.4000244140625,1281.0,1290.449951171875,407,0.0,0.0,2023-05-24,1192.0224914550781,70.18040626531769,1262.2028977203959,1121.8420851897604,1332.3833039857136,1051.6616789244426,79.10804998476353,154.09877274247583,-180730,295.34561980868244,436.4174410042116,1792.6889199645677,60.61193888737237,1304.9499918619792,1328.8999837239585,1266.499959309896,1367.3500162760417,1242.5499674479167,1391.300008138021,1204.0999348958335,0.16011768821921463,-41.26685156298063,46.11070672664823,34.33260155672032,11.778105169927912,63.3540697742861,21.95567677489126,1272.839990234375,1192.0224914550781,1110.3639965820312,1272.6194995117187,SHAILY.BO,2023-08-21 22:03:22.178920
49,2023-05-23 00:00:00+05:30,1343.8499755859375,1346.0999755859375,1287.0,1294.449951171875,453,0.0,0.0,2023-05-23,1179.3999938964844,74.13675599618853,1253.536749892673,1105.2632379002957,1327.6735058888614,1031.1264819041073,110.423395919706,169.6166445442423,-180323,329.7451564865441,471.68539630309385,1792.9283982730567,66.53359216840566,1309.1833089192708,1331.3666178385415,1272.266642252604,1368.2832845052083,1250.0833333333333,1390.466593424479,1213.1666666666665,0.20521625675072494,-39.88611263505901,44.414302859185,31.388075264238335,13.026227594946665,63.95133266377577,20.755698869202554,1256.689990234375,1179.3999938964844,1107.6919970703125,1275.8615002441406,SHAILY.BO,2023-08-21 22:03:22.178920
50,2023-05-22 00:00:00+05:30,1303.0999755859375,1410.0,1280.0999755859375,1340.0999755859375,2043,0.0,0.0,2023-05-22,1165.742495727539,76.93383600939767,1242.6763317369368,1088.8086597181414,1319.6101677463344,1011.8748237087437,225.68242644147958,213.57925311012826,-179870,1539.5738485899817,507.17045625723125,1793.1930876430097,72.99322843956173,1343.3999837239583,1406.699991861979,1276.7999674479165,1473.3000081380208,1213.4999593098958,1536.6000162760415,1146.899943033854,0.25374946942326604,-24.128421192791908,41.17550847039979,28.131518365501666,13.043990104898125,71.04953472155347,19.302506505590365,1237.5300048828126,1165.742495727539,1104.5489990234375,1279.4885009765626,SHAILY.BO,2023-08-21 22:03:22.178920
51,2023-05-19 00:00:00+05:30,1288.0,1318.0999755859375,1245.0,1266.300048828125,650,0.0,0.0,2023-05-19,1149.0374969482423,73.26716856950816,1222.3046655177504,1075.7703283787341,1295.5718340872586,1002.503159809226,274.05032677532967,171.00809988831,-181913,462.8549789900129,249.0696081740436,1794.2807372664058,61.30385650821916,1276.4666748046875,1307.933349609375,1234.8333740234375,1349.566650390625,1203.36669921875,1381.0333251953125,1161.7333984375,0.31972184453222674,-26.122010030329836,31.909163121700203,24.870520839277134,7.038642282423069,65.26134664359934,17.737530114008006,1201.1,1149.0374969482423,1099.8180004882813,1282.4405017089844,SHAILY.BO,2023-08-21 22:03:22.178920
52,2023-05-17 00:00:00+05:30,1203.050048828125,1225.3499755859375,1165.5,1172.9000244140625,256,0.0,0.0,2023-05-17,1136.2974945068358,73.95353646678092,1210.2510309736167,1062.343958040055,1284.2045674403976,988.390421573274,-11.574672676779926,96.75021451384232,-182563,168.84799977814126,195.62326547005128,1794.684286379594,62.09548754455859,1187.9166666666667,1210.3333333333335,1150.483357747396,1247.7666422526042,1128.0666910807292,1270.183308919271,1090.6333821614585,0.34844718640153854,-41.61683201000747,26.830135528351093,23.110860268671363,3.71927525967973,54.592402492282915,17.218865885922053,1187.85,1136.2974945068358,1096.1869995117188,1286.425001220703,SHAILY.BO,2023-08-21 22:03:22.178920
53,2023-05-16 00:00:00+05:30,1198.75,1210.0,1183.75,1209.699951171875,131,0.0,0.0,2023-05-16,1130.3174957275392,75.65399375428679,1205.971489481826,1054.6635019732523,1281.6254832361128,979.0095082189656,64.32533472742531,117.31679911955251,-182307,89.1135855886331,202.31708189302876,1794.871516383891,79.21336123772217,1201.1499837239583,1218.5499674479165,1192.2999674479165,1227.3999837239583,1174.8999837239583,1244.7999674479165,1166.0499674479165,0.34105957724606245,-14.90455785158244,29.119411157518698,22.181041453751426,6.938369703767272,61.503097215270024,18.449941777931304,1194.8699951171875,1130.3174957275392,1094.537998046875,1290.8330004882812,SHAILY.BO,2023-08-21 22:03:22.178920
54,2023-05-15 00:00:00+05:30,1232.3499755859375,1246.0,1162.4000244140625,1198.6500244140625,442,0.0,0.0,2023-05-15,1124.1999969482422,73.82167930648205,1198.0216762547243,1050.37831764176,1271.8433555612064,976.5566383352781,85.5238666142072,126.97274408489699,-182438,297.9268381284409,230.61795596912765,1794.9616978291976,81.75802210918016,1202.3500162760417,1242.300008138021,1158.7000325520835,1285.9499918619792,1118.7500406901042,1325.8999837239585,1075.100056966146,0.3312217625465432,-19.441584052218328,27.98493927238769,20.44644902780961,7.538490244578082,60.0946169663096,19.31133645545239,1193.4,1124.1999969482422,1091.7859985351563,1294.847000732422,SHAILY.BO,2023-08-21 22:03:22.178920
55,2023-05-12 00:00:00+05:30,1199.449951171875,1214.4000244140625,1120.300048828125,1157.949951171875,247,0.0,0.0,2023-05-12,1116.784994506836,73.39673742153258,1190.1817319283687,1043.3882570853034,1263.5784693499013,969.9915196637709,-76.45313877223519,91.18542405599423,-182880,160.83542151839447,213.79073542929933,1795.2719280799404,81.16148452135566,1164.2166748046875,1208.13330078125,1114.0333251953125,1258.316650390625,1070.11669921875,1302.2332763671875,1019.933349609375,0.2764663836618315,-33.46173263051063,27.196707611172997,18.56182646666509,8.634881144507908,54.38690632881943,20.238992262013564,1188.0599853515625,1116.784994506836,1089.5509985351562,1299.449500732422,SHAILY.BO,2023-08-21 22:03:22.178920
56,2023-05-11 00:00:00+05:30,1202.5,1230.050048828125,1172.050048828125,1200.050048828125,132,0.0,0.0,2023-05-11,1112.409994506836,73.42167695901341,1185.8316714658495,1038.9883175478226,1259.253348424863,965.5666405888092,79.27905621867725,136.7073595299342,-182633,89.07754714942519,227.0295639070255,1795.457268733756,84.93101390567881,1200.7167154947917,1229.3833821614585,1171.3833821614585,1258.7167154947917,1142.7167154947917,1287.3833821614585,1113.3833821614585,0.23084136852034734,-15.206390848121202,29.78380144587618,16.40310618053811,13.380695265338069,63.04874090253572,21.65625132045482,1193.6599853515625,1112.409994506836,1089.1609985351563,1305.0590014648437,SHAILY.BO,2023-08-21 22:03:22.178920
57,2023-05-10 00:00:00+05:30,1190.9000244140625,1216.050048828125,1159.449951171875,1208.0,362,0.0,0.0,2023-05-10,1106.2674896240235,70.79565516236607,1177.0631447863896,1035.4718344616574,1247.8587999487556,964.6761792992913,66.91897823347989,134.98792681249603,-182501,245.90675813576664,261.5175680964256,1795.549817444068,83.20142350867903,1194.5,1229.550048828125,1172.949951171875,1251.10009765625,1137.89990234375,1286.150146484375,1116.349853515625,0.22425252863927694,-11.72428992940412,28.498574064375134,13.057932364203594,15.44064170017154,64.86005252995326,22.142941771542283,1191.6499755859375,1106.2674896240235,1090.2439965820313,1310.294500732422,SHAILY.BO,2023-08-21 22:03:22.178920
58,2023-05-09 00:00:00+05:30,1188.75,1236.1500244140625,1188.75,1202.3499755859375,373,0.0,0.0,2023-05-09,1100.3499908447266,66.67074307214628,1167.0207339168728,1033.6792477725803,1233.691476989019,967.0085047004341,93.41633960145488,158.91558966744222,-182863,252.19396534858907,265.4202705865903,1795.8003826584393,84.48886317141995,1209.0833333333333,1229.4166666666665,1182.016642252604,1256.4833577473958,1161.6833089192708,1276.816691080729,1134.6166178385415,0.1858527850146167,-13.915210140328076,25.6383472398536,9.19777193916071,16.440575300692892,64.18096257969609,22.965859565841555,1185.0599853515625,1100.3499908447266,1090.9799975585938,1315.5375012207032,SHAILY.BO,2023-08-21 22:03:22.178920
59,2023-05-08 00:00:00+05:30,1166.6500244140625,1215.5999755859375,1135.6500244140625,1171.949951171875,513,0.0,0.0,2023-05-08,1096.9874908447266,62.84157527647882,1159.8290661212054,1034.1459155682478,1222.6706413976842,971.304340291769,57.041475646860846,121.15543582713622,-183236,338.081487062524,268.72684689609054,1796.0612691871,73.97220959975115,1174.3999837239583,1213.149943033854,1133.199991861979,1254.3499348958333,1094.4500325520833,1293.099894205729,1053.250040690104,0.10043691815524303,-19.631225188595497,22.144372160754983,5.087628113987486,17.0567440467675,60.35290931449695,23.013000253502263,1179.389990234375,1096.9874908447266,1092.0359985351563,1320.8160009765625,SHAILY.BO,2023-08-21 22:03:22.178920
60,2023-05-05 00:00:00+05:30,1175.0,1185.949951171875,1170.0,1185.949951171875,77,0.0,0.0,2023-05-05,1094.892495727539,60.878736358973725,1155.7712320865128,1034.0137593685652,1216.6499684454864,973.1350230095916,75.17513346936626,133.55121199482025,-182723,51.3513713843801,251.38818685448214,1796.4388417885596,80.09524515644884,1180.63330078125,1191.2666015625,1175.316650390625,1196.583251953125,1164.683349609375,1207.216552734375,1159.36669921875,0.1340003947443696,-12.785700947281304,20.3294462872218,0.8234421022956102,19.50600418492619,63.243242842139615,23.47042772612199,1176.8,1094.892495727539,1093.5369995117187,1326.3165014648437,SHAILY.BO,2023-08-21 22:03:22.178920
61,2023-05-04 00:00:00+05:30,1175.050048828125,1193.1500244140625,1170.0,1190.0,55,0.0,0.0,2023-05-04,1088.674996948242,57.33648427742542,1146.0114812256675,1031.3385126708167,1203.3479655030928,974.0020283933912,96.99890868758193,147.2505241290113,-182646,36.804812575431576,301.39739072200763,1796.4942825232981,72.55473283395494,1184.3833414713542,1198.7666829427085,1175.616658528646,1207.5333658854167,1161.2333170572917,1221.916707356771,1152.4666341145835,0.12733933542426085,-10.952684553005433,16.31898139933128,-4.0530589439359375,20.372040343267216,64.06743675673609,22.898961635050696,1161.610009765625,1088.674996948242,1095.9769995117188,1331.8365014648436,SHAILY.BO,2023-08-21 22:03:22.178920
62,2023-05-03 00:00:00+05:30,1200.0,1214.199951171875,1173.0,1175.050048828125,270,0.0,0.0,2023-05-03,1080.5624969482421,53.602249580305575,1134.1647465285478,1026.9602473679365,1187.7669961088534,973.357997787631,127.96151386827835,162.40071441807183,-182701,178.40831382345507,367.5455352586516,1796.5336264823688,68.15724463894189,1187.4166666666667,1201.8333333333335,1160.6333821614585,1228.6166178385417,1146.2167154947917,1243.0332845052085,1119.4334309895835,0.10948271126928887,-17.71890065424619,10.538245311317723,-9.146069029752741,19.684314341070465,62.38727312673157,22.283536613897,1145.2300048828124,1080.5624969482421,1098.0830004882812,1337.040001220703,SHAILY.BO,2023-08-21 22:03:22.178920
63,2023-05-02 00:00:00+05:30,1166.0,1180.800048828125,1141.4000244140625,1174.0,178,0.0,0.0,2023-05-02,1072.579995727539,50.59366815649516,1123.173663884034,1021.9863275710438,1173.7673320405293,971.3926594145487,147.41398317053017,142.27415120959796,-182971,117.51222755558577,414.82984061745077,1796.7316060661963,66.16641849818095,1165.4000244140625,1189.4000244140625,1150.0,1204.800048828125,1126.0,1228.800048828125,1110.5999755859375,0.10787902620511368,-3.625724904159697,4.449824672964951,-14.067147615020355,18.516972287985304,62.27222275583913,21.53036730183865,1115.3199951171875,1072.579995727539,1100.4,1342.4045007324219,SHAILY.BO,2023-08-21 22:03:22.178920
64,2023-04-28 00:00:00+05:30,1121.9000244140625,1162.300048828125,1119.800048828125,1159.0,501,0.0,0.0,2023-04-28,1066.1824981689454,44.85880023308037,1111.0412984020256,1021.323697935865,1155.9000986351061,976.4648977027846,170.85806855343606,121.7424057868046,-183149,326.5247618829264,489.159243882917,1796.862415514394,64.02599665975825,1147.0333658854167,1174.2666829427085,1131.7666829427085,1189.5333658854167,1104.5333658854167,1216.7666829427085,1089.2666829427085,0.10901902082651957,-1.9521135018897244,-3.309206406291878,-18.69639068701668,15.387184280724803,60.676633243157994,21.25385747321901,1088.1199951171875,1066.1824981689454,1104.7860009765625,1348.0230004882812,SHAILY.BO,2023-08-21 22:03:22.178920
65,2023-04-27 00:00:00+05:30,1102.5999755859375,1117.550048828125,1070.3499755859375,1110.0,850,0.0,0.0,2023-04-27,1059.987496948242,39.61485697520416,1099.6023539234463,1020.372639973038,1139.2172108986504,980.7577829978338,126.62878149919312,49.20465451952768,-183650,530.5628825808969,529.8178643829146,1797.2397615446419,66.68034278484296,1099.3000081380208,1128.250040690104,1081.0499674479165,1146.5000813802083,1052.0999348958333,1175.4501139322915,1033.849894205729,0.06999470759400264,-51.98437660808732,-11.715705191002826,-22.54318675719788,10.827481566195054,54.889587886258994,21.276004088051465,1060.5799926757813,1059.987496948242,1111.1740014648437,1353.2915002441407,SHAILY.BO,2023-08-21 22:03:22.178920
66,2023-04-26 00:00:00+05:30,1019.2999877929688,1121.949951171875,1002.4500122070312,1108.0999755859375,2836,0.0,0.0,2023-04-26,1056.7899993896485,37.90981205857028,1094.6998114482187,1018.8801873310782,1132.6096235067891,980.9703752725079,81.69091293566845,9.882058133957358,-184500,1767.1773291760458,529.6316098334191,1797.9302212854957,64.61967668971444,1077.499979654948,1152.5499471028647,1033.050008138021,1196.9999186197917,958.0000406901042,1272.0498860677085,913.5500691731772,0.031490913189437364,-52.765797222229196,-17.475302798837447,-25.25005714874664,7.774754349909195,54.649282674031255,22.166495831385635,1039.7799926757812,1056.7899993896485,1118.9010009765625,1358.962000732422,SHAILY.BO,2023-08-21 22:03:22.178920
67,2023-04-25 00:00:00+05:30,1041.0,1080.0,1010.0,1025.5,378,0.0,0.0,2023-04-25,1052.4024993896485,36.71804497472846,1089.1205443643769,1015.6844544149201,1125.8385893391055,978.9664094401916,-28.479153851645226,-51.202173930620155,-187336,217.9828990363289,220.2451799977625,1800.2503808879671,46.656195204714805,1038.5,1067.0,997.0,1108.5,968.5,1137.0,927.0,-0.2505958024186082,-86.73658368831533,-24.39743213780389,-27.19374573622394,2.796313598420049,42.22511700945421,23.125486939591664,1020.4599975585937,1052.4024993896485,1128.177001953125,1364.6055004882812,SHAILY.BO,2023-08-21 22:03:22.178920
68,2023-04-24 00:00:00+05:30,1021.25,1040.949951171875,1020.2000122070312,1038.0,266,0.0,0.0,2023-04-24,1050.9574981689452,38.36425030474297,1089.321748473688,1012.5932478642022,1127.6859987784312,974.2289975594592,-53.173693931806696,-62.3563295744747,-186958,155.26513660163891,220.81075023812087,1800.597851224498,46.25970018098463,1033.0499877929688,1045.8999633789062,1025.1500244140625,1053.7999267578125,1012.300048828125,1066.64990234375,1004.4000854492188,-0.5014653438395608,-81.59572465277864,-24.755351163504656,-27.89282413582895,3.137472972324293,43.91574724625446,24.74590837136436,1026.0200073242188,1050.9574981689452,1139.637001953125,1370.6220007324218,SHAILY.BO,2023-08-21 22:03:22.178920
69,2023-04-21 00:00:00+05:30,1005.7999877929688,1028.949951171875,998.75,1021.2999877929688,337,0.0,0.0,2023-04-21,1048.5874969482422,40.605479268127155,1089.1929762163693,1007.9820176801151,1129.7984554844966,967.3765384119879,-98.0403166081367,-85.86438528743817,-187224,193.5433202698493,237.19715364724135,1800.838607955713,38.86176799199552,1016.3333129882812,1033.9166259765625,1003.7166748046875,1046.5332641601562,986.1333618164062,1064.1165771484375,973.5167236328125,-0.5209168407802088,-87.33251887058964,-26.06957550453808,-28.67719237891002,2.607616874371942,40.9844063629559,25.495146889164293,1035.8900024414063,1048.5874969482422,1150.7200024414062,1376.5530004882812,SHAILY.BO,2023-08-21 22:03:22.178920
70,2023-04-20 00:00:00+05:30,1020.5499877929688,1027.5,996.0499877929688,1006.0,131,0.0,0.0,2023-04-20,1046.1474975585938,43.68121424522738,1089.8287118038213,1002.4662833133665,1133.5099260490485,958.7850690681391,-139.59082787188063,-96.23353048805441,-187561,74.10785378251838,248.11061199158934,1801.1505274386443,37.82642288449256,1009.8499959309896,1023.6500040690105,992.1999918619792,1041.300008138021,978.3999837239584,1055.1000162760417,960.749979654948,-0.44389447706390156,-93.54444934553871,-25.71248917070602,-29.329096597503003,3.616607426796982,38.238183858342346,25.969791710500317,1041.7,1046.1474975585938,1161.189002685547,1383.2560003662109,SHAILY.BO,2023-08-21 22:03:22.178920
71,2023-04-19 00:00:00+05:30,1052.300048828125,1057.800048828125,993.25,1011.5,306,0.0,0.0,2023-04-19,1045.8924987792968,43.94202691526199,1089.8345256945588,1001.9504718640349,1133.7765526098208,958.0084449487729,-149.17593860336396,-85.98596953903177,-187430,174.05330456126833,291.61130154385705,1801.274225578381,37.03410141552985,1020.8500162760416,1048.4500325520833,983.8999837239583,1085.4000651041665,956.2999674479166,1113.0000813802083,919.3499348958333,-0.4281838146680491,-91.3114006611521,-23.35891030655762,-30.233248454202247,6.874338147644629,38.841509264548606,26.442108717853163,1054.589990234375,1045.8924987792968,1171.6820031738282,1390.0715008544921,SHAILY.BO,2023-08-21 22:03:22.178920
72,2023-04-18 00:00:00+05:30,1103.9000244140625,1110.75,1000.5999755859375,1053.300048828125,895,0.0,0.0,2023-04-18,1045.7574981689454,44.057246703460244,1089.8147448724058,1001.7002514654852,1133.8719915758659,957.6430047620249,-73.7832767951968,-53.08483622502654,-187124,530.1150074884158,321.0008007895042,1801.56131999597,42.05789549946055,1054.8833414713542,1109.166707356771,999.0166829427085,1165.0333658854167,944.7333170572917,1219.3167317708335,888.866658528646,-0.455488544213619,-74.34021083516298,-20.533359937965088,-31.951832991113402,11.418473053148315,43.70835685329976,26.95075780269469,1067.72998046875,1045.7574981689454,1181.9040026855469,1397.031000366211,SHAILY.BO,2023-08-21 22:03:22.178920
73,2023-04-17 00:00:00+05:30,1060.9000244140625,1110.75,1046.8499755859375,1087.3499755859375,105,0.0,0.0,2023-04-17,1046.6724945068358,44.41074902918746,1091.0832435360232,1002.2617454776484,1135.4939925652106,957.8509964484609,-1.5440829029215404,-30.035797905416636,-186229,64.2027466128458,268.7222491147762,1802.3577335898242,47.529254133977744,1081.6499837239583,1116.449991861979,1052.5499674479165,1145.5500081380208,1017.7499593098958,1180.3500162760415,988.649943033854,-0.4848276257779692,-60.51563917152784,-20.721359200068036,-34.80645125440048,14.085092054332442,48.28468551871268,27.61473773014399,1074.9999755859376,1046.6724945068358,1191.7110021972655,1402.768999633789,SHAILY.BO,2023-08-21 22:03:22.178920
74,2023-04-13 00:00:00+05:30,1065.9000244140625,1117.0,1030.449951171875,1050.3499755859375,842,0.0,0.0,2023-04-13,1047.2624969482422,45.0533307244355,1092.3158276726776,1002.2091662238067,1137.369158397113,957.1558354993712,-23.191967106404437,-46.99850528633573,-186334,497.325904043113,319.8521247402588,1802.4470264321906,71.42899822205712,1065.9333089192708,1101.4166666666665,1014.8666178385415,1152.4833577473958,979.3832600911458,1187.9667154947915,928.3165690104165,-0.4861459844483071,-75.53796668467406,-24.00149711481663,-38.32772426798359,14.326227153166961,42.17579531135728,29.107164928565957,1084.5499755859375,1047.2624969482422,1200.542003173828,1407.9524993896484,SHAILY.BO,2023-08-21 22:03:22.178920
75,2023-04-12 00:00:00+05:30,1094.5,1105.5999755859375,1064.8499755859375,1070.449951171875,572,0.0,0.0,2023-04-12,1049.4100006103515,46.216844614969894,1095.6268452253214,1003.1931559953816,1141.8436898402913,956.9763113804117,9.645618731588433,-38.62707484749415,-185492,344.316119472531,275.4836799145452,1803.200968043273,79.05708918183296,1080.2999674479167,1095.749959309896,1054.999959309896,1121.0499674479167,1039.5499674479167,1136.499959309896,1014.249959309896,-0.48821354825421454,-63.83922502377894,-24.19346918574729,-41.909281056275326,17.715811870528036,44.848171156591455,30.71439421917423,1100.489990234375,1049.4100006103515,1209.987003173828,1413.3789996337891,SHAILY.BO,2023-08-21 22:03:22.178920
76,2023-04-11 00:00:00+05:30,1105.0,1135.0,1069.5,1077.199951171875,101,0.0,0.0,2023-04-11,1051.8750030517579,48.64882161763386,1100.5238246693916,1003.226181434124,1149.1726462870256,954.5773598164901,39.08333597964877,-32.35487615921144,-184920,61.18044878874924,258.2755700250487,1803.7003122899566,75.10937531155841,1093.8999837239583,1118.2999674479165,1052.7999674479165,1159.3999837239583,1028.3999837239583,1183.7999674479165,987.2999674479165,-0.4819163325156998,-43.449798753910066,-26.052226945088023,-46.33823402390733,20.28600707881931,45.752172359707735,33.05376934254971,1098.7199951171874,1051.8750030517579,1218.5480041503906,1419.0350006103515,SHAILY.BO,2023-08-21 22:03:22.178920
77,2023-04-10 00:00:00+05:30,1135.1500244140625,1158.6500244140625,1089.0,1089.6500244140625,163,0.0,0.0,2023-04-10,1054.852505493164,51.98813161361107,1106.8406371067751,1002.864373879553,1158.828768720386,950.8762422659419,83.12693983591907,-24.72293549635026,-184819,99.87794472397202,307.5493503341236,1803.7877416020503,74.46643601776795,1112.433349609375,1135.86669921875,1066.2166748046875,1182.0833740234375,1042.7833251953125,1205.5167236328125,996.566650390625,-0.47555294638859064,-40.051853226450746,-28.702042152954846,-51.40973579361215,22.707693640657304,47.388140466972374,35.53576708007002,1088.8300048828125,1054.852505493164,1227.7640051269532,1424.6700006103515,SHAILY.BO,2023-08-21 22:03:22.178920
78,2023-04-06 00:00:00+05:30,1159.25,1236.4000244140625,1126.0,1135.0999755859375,1100,0.0,0.0,2023-04-06,1058.632504272461,57.144103347182366,1115.7766076196433,1001.4884009252785,1172.9207109668257,944.3442975780962,216.32547531967214,-0.1958830865264849,-184656,702.1368379128977,359.4672017366614,1803.9264662987525,70.22298199235593,1165.8333333333333,1205.6666666666665,1095.266642252604,1276.2333577473958,1055.4333089192708,1316.066691080729,984.8666178385415,-0.43073337975432247,-27.64739139690873,-32.88587274365182,-57.08665920377647,24.200786460124654,53.92438286324028,37.86383972917924,1073.9800048828124,1058.632504272461,1235.7430041503906,1430.0700006103516,SHAILY.BO,2023-08-21 22:03:22.178920
79,2023-04-05 00:00:00+05:30,1058.699951171875,1136.75,1058.25,1130.050048828125,339,0.0,0.0,2023-04-05,1059.720004272461,58.857216512708,1118.577220785169,1000.862787759753,1177.434437297877,942.0055712470449,247.4759084485569,-32.54491591186622,-185756,215.42313222404925,273.7997926926023,1804.8043966425028,64.98484322447777,1108.3500162760417,1158.4500325520835,1079.9500325520835,1186.8500162760417,1029.8500162760417,1236.9500325520835,1001.4500325520835,-0.34698011216573404,-2.51169678420806,-42.220304482855454,-63.13685581880763,20.916551335952178,53.259221163529574,39.68241677424984,1056.17001953125,1059.720004272461,1243.4880041503907,1434.8890008544922,SHAILY.BO,2023-08-21 22:03:22.178920
80,2023-04-03 00:00:00+05:30,1038.4000244140625,1084.0,1038.4000244140625,1061.5999755859375,13,0.0,0.0,2023-04-03,1060.082504272461,59.333573879917566,1119.4160781523785,1000.7489303925433,1178.7496520322961,941.4153565126257,130.5110882993467,-56.047611559338236,-186095,7.76066991153249,288.3939578097406,1805.0774672899681,62.275839876069746,1061.3333333333333,1084.266642252604,1038.6666666666665,1106.9333089192708,1015.7333577473958,1129.8666178385415,993.066691080729,-0.3454759237953506,-23.344663726624958,-53.03416287003847,-68.36599365279567,15.331830782757194,42.88067471656038,42.046777583611494,1037.1800048828125,1060.082504272461,1251.0310021972657,1440.4315008544922,SHAILY.BO,2023-08-21 22:03:22.178920
81,2023-03-31 00:00:00+05:30,1037.199951171875,1045.050048828125,1019.0499877929688,1027.75,338,0.0,0.0,2023-03-31,1062.1800079345703,60.12623609678894,1122.3062440313593,1002.0537718377814,1182.4324801281482,941.9275357409924,48.34057257560957,-71.08439332981816,-186108,195.34358120774857,358.5522797842926,1805.0890057419651,59.02721040847718,1030.616678873698,1042.1833699544272,1016.183308919271,1056.6167399088542,1004.6166178385417,1068.1834309895835,990.1832478841147,-0.3163962725171681,-48.278688524590166,-59.33433551810981,-72.19895134848497,12.864615830375158,36.39537881674488,43.31007689160495,1034.07001953125,1062.1800079345703,1260.479002685547,1447.0125006103515,SHAILY.BO,2023-08-21 22:03:22.178920
82,2023-03-29 00:00:00+05:30,1055.0,1063.949951171875,990.0999755859375,1015.4000244140625,684,0.0,0.0,2023-03-29,1065.0300079345702,59.75813099118301,1124.7881389257532,1005.2718769433873,1184.5462699169361,945.5137459522042,28.15264812305822,-76.30847807238192,-186446,390.56042154242016,399.35445442842854,1805.4027955316267,56.71568693788163,1023.1499837239584,1056.1999918619792,982.3500162760417,1096.999959309896,949.3000081380209,1130.0499674479167,908.5000406901042,-0.3124532820631277,-52.32786084784836,-63.16775085046311,-75.41510530607874,12.247354455615636,33.850927854301005,43.53730294798688,1032.5900146484375,1065.0300079345702,1270.112003173828,1454.531000366211,SHAILY.BO,2023-08-21 22:03:22.178920
83,2023-03-28 00:00:00+05:30,1026.0999755859375,1055.699951171875,1008.6500244140625,1046.050048828125,228,0.0,0.0,2023-03-28,1068.782504272461,58.82671423509484,1127.6092185075559,1009.9557900373661,1186.4359327426507,951.1290758022712,45.11076840283474,-73.63813228108717,-185762,134.11651835132113,401.5529626499306,1806.048674708138,62.370224977224396,1036.8000081380208,1064.949991861979,1017.9000651041665,1083.8499348958333,989.7500813802083,1111.9999186197915,970.850138346354,-0.2913642743357496,-42.85944083789133,-65.90231150841441,-78.47694391998265,12.574632411568231,37.288564039569565,43.78200793178281,1028.8300048828125,1068.782504272461,1280.264002685547,1462.6745001220704,SHAILY.BO,2023-08-21 22:03:22.178920
84,2023-03-27 00:00:00+05:30,1037.550048828125,1058.949951171875,1015.0999755859375,1035.0999755859375,257,0.0,0.0,2023-03-27,1070.0850006103515,58.584790103267984,1128.6697907136195,1011.5002105070835,1187.2545808168875,952.9154204038155,21.89052265036326,-76.78568730502894,-185990,149.59269325831144,468.4120737245829,1806.2558474393134,58.35143683281621,1036.38330078125,1057.6666259765625,1013.816650390625,1080.2332763671875,992.5333251953125,1101.5166015625,969.9666748046875,-0.3239974525138288,-49.20000751201923,-71.42342094447326,-81.6206020228747,10.197181078401442,35.102221928038915,44.277661993796215,1017.739990234375,1070.0850006103515,1289.6900012207032,1470.748999633789,SHAILY.BO,2023-08-21 22:03:22.178920
85,2023-03-24 00:00:00+05:30,1010.6500244140625,1058.9000244140625,1010.6500244140625,1046.050048828125,316,0.0,0.0,2023-03-24,1072.6750030517578,58.09973538940834,1130.7747384411662,1014.5752676623495,1188.8744738305745,956.4755322729411,7.2538437362989345,-79.28667184084003,-185733,185.88078859218194,548.1169188411508,1806.4928721886886,62.19352044132943,1038.5333658854167,1066.416707356771,1018.166707356771,1086.7833658854167,990.2833658854167,1114.666707356771,969.916707356771,-0.33967752769446236,-45.83075420673077,-76.33152473732594,-84.16989729247506,7.838372555149121,36.27661490648143,44.891488929737086,1005.2199951171875,1072.6750030517578,1299.6680017089843,1478.998500366211,SHAILY.BO,2023-08-21 22:03:22.178920
86,2023-03-23 00:00:00+05:30,1007.7999877929688,1040.4000244140625,1007.0,1020.3499755859375,201,0.0,0.0,2023-03-23,1077.2949981689453,59.52733750984233,1136.8223356787876,1017.767660659103,1196.34967318863,958.2403231492607,-27.117582844796008,-88.66535085079063,-186049,115.32943792467707,638.675951403393,1806.7803711055506,63.08611603518951,1022.5833333333334,1038.1666666666667,1004.7666422526042,1055.983357747396,989.1833089192709,1071.5666910807292,971.3666178385417,-0.39709066116860103,-53.73846905048077,-82.53726294691614,-86.12949043126233,3.592227484346182,31.264833156983528,45.551281708843995,996.189990234375,1077.2949981689453,1309.7200012207031,1487.373500366211,SHAILY.BO,2023-08-21 22:03:22.178920
87,2023-03-22 00:00:00+05:30,1084.949951171875,1084.949951171875,992.25,996.5999755859375,4746,0.0,0.0,2023-03-22,1088.987496948242,69.8287041549064,1158.8162011031486,1019.1587927933357,1228.644905258055,949.3300886384293,-34.91431613226901,-91.45048225210742,-186250,2659.76683026454,769.5125797730719,1806.9695372291121,65.6121932362853,1024.5999755859375,1056.949951171875,964.25,1117.2999267578125,931.9000244140625,1149.64990234375,871.550048828125,-0.390718660906916,-61.04616135817308,-86.70085597251068,-87.02754730234886,0.3266913298381837,26.29015956282008,45.81267807058422,993.8799926757813,1088.987496948242,1320.1880017089843,1496.3225006103517,SHAILY.BO,2023-08-21 22:03:22.178920
88,2023-03-21 00:00:00+05:30,1012.9000244140625,1016.0999755859375,976.4500122070312,990.5999755859375,412,0.0,0.0,2023-03-21,1101.3975006103515,74.447736509756,1175.8452371201074,1026.9497641005955,1250.2929736298634,952.5020275908395,-78.35911028056258,-106.56000415270343,-190996,229.5041212029187,296.9490171502048,1811.5983701314478,40.958786909983516,994.3833211263021,1012.316630045573,972.6666666666667,1034.0332845052085,954.7333577473959,1051.9665934244792,933.0167032877605,-0.11842014131225102,-62.89231520432692,-88.37885225569607,-87.10922013480841,-1.269632120887664,25.01709385199821,46.094181844766,1008.8799926757813,1101.3975006103515,1330.500001220703,1505.3630010986328,SHAILY.BO,2023-08-21 22:03:22.178920
89,2023-03-20 00:00:00+05:30,970.0499877929688,998.7999877929688,870.0,972.5,1204,0.0,0.0,2023-03-20,1114.6250030517579,77.17759920599477,1191.8026022577526,1037.4474038457631,1268.9802014637473,960.2698046397684,-159.7541497538107,-128.6077931549071,-191408,658.4321924590848,313.8102411370263,1812.005671224266,34.48291758487184,947.0999959309896,1024.1999918619792,895.4000040690105,1075.8999837239585,818.3000081380209,1152.999979654948,766.6000162760417,-0.14210971004147932,-68.46153846153847,-88.59721337196083,-86.79181210458648,-1.80540126737435,21.204971714314695,44.65478380839137,1030.5900024414063,1114.6250030517579,1340.919002685547,1514.4725018310546,SHAILY.BO,2023-08-21 22:03:22.178920
90,2023-03-17 00:00:00+05:30,1002.2000122070312,1007.2000122070312,974.1500244140625,1000.9000244140625,202,0.0,0.0,2023-03-17,1128.3500030517578,74.9481804804975,1203.2981835322553,1053.4018225712603,1278.2463640127528,978.4536420907627,-175.8718895627935,-118.16432306044527,-190204,113.69386457863261,227.65475330651165,1813.224538063319,36.87130104905775,994.0833536783854,1014.0166829427083,980.9666951497395,1027.133341471354,961.0333658854166,1047.066670735677,947.9167073567708,-0.25356481228463706,-87.88770524921748,-85.75182639686682,-86.3404617877429,0.5886353908760782,22.901341560124678,42.61509000396268,1054.7500122070312,1128.3500030517578,1352.5020031738281,1523.4475018310548,SHAILY.BO,2023-08-21 22:03:22.178920
91,2023-03-16 00:00:00+05:30,1056.0999755859375,1056.0999755859375,1006.0999755859375,1008.7999877929688,800,0.0,0.0,2023-03-16,1143.7024993896484,78.81558315837785,1222.5180825480263,1064.8869162312706,1301.3336657064042,986.0713330728927,-207.20077223783244,-112.9129141114453,-190002,453.8266704576672,256.1449754884814,1813.422459516617,35.81713766552308,1023.6666463216146,1041.2333170572917,991.2333170572917,1073.6666463216147,973.6666463216146,1091.2333170572917,941.2333170572917,-0.2706061625814076,-98.57066603595936,-83.60657083473211,-86.48762063546191,2.881049800729798,23.38455161342104,41.02904936499768,1078.5200073242188,1143.7024993896484,1364.084002685547,1532.3055010986327,SHAILY.BO,2023-08-21 22:03:22.178920
92,2023-03-15 00:00:00+05:30,1114.300048828125,1117.050048828125,1056.0999755859375,1071.5999755859375,195,0.0,0.0,2023-03-15,1158.0275024414063,79.04197483659523,1237.0694772780016,1078.985527604811,1316.111452114597,999.9435527682159,-112.63074255312864,-97.14031200374708,-189202,117.50660153046773,206.72455174618494,1814.1996247409645,33.28311090539195,1081.5833333333333,1107.066691080729,1046.1166178385415,1142.5334065755208,1020.6332600911458,1168.0167643229165,985.166544596354,-0.1966767459276848,-89.4300498491515,-80.3712541093953,-87.20788308564435,6.8366289762490595,27.698549560344034,39.56168417211034,1104.110009765625,1158.0275024414063,1375.7860034179687,1541.2210009765624,SHAILY.BO,2023-08-21 22:03:22.178920
93,2023-03-14 00:00:00+05:30,1084.199951171875,1119.949951171875,1084.199951171875,1099.1500244140625,193,0.0,0.0,2023-03-14,1168.9925048828125,81.59134566514382,1250.5838505479562,1087.4011592176687,1332.1751962131002,1005.8098135525248,-50.12151371445238,-94.89544744092896,-189007,119.2914293916309,229.02903930011422,1814.3744977667452,33.21491938195511,1101.0999755859375,1118.0,1082.25,1136.8499755859375,1065.3499755859375,1153.75,1046.5,-0.22446523255756304,-79.7070743058664,-81.19616931021255,-88.91704032970661,7.720871019494055,29.94922993122067,38.41450857846304,1122.8400146484375,1168.9925048828125,1386.3880029296874,1549.465001220703,SHAILY.BO,2023-08-21 22:03:22.178920
94,2023-03-13 00:00:00+05:30,1095.300048828125,1175.0,1075.0,1093.300048828125,483,0.0,0.0,2023-03-13,1183.7000061035155,93.91919718878783,1277.6192032923034,1089.7808089147277,1371.5384004810912,995.8616117259398,-4.9673991913256925,-95.17350924072868,-189200,296.9487201735001,256.46344177723506,1814.541235688073,33.000194518096706,1114.433349609375,1153.86669921875,1053.86669921875,1214.433349609375,1014.433349609375,1253.86669921875,953.86669921875,-0.28553799379976796,-81.77165030374336,-83.73532813660108,-90.84725808458012,7.111929947979036,28.808628973621012,37.457478904970365,1134.3800048828125,1183.7000061035155,1395.9800024414062,1557.344500732422,SHAILY.BO,2023-08-21 22:03:22.178920
95,2023-03-10 00:00:00+05:30,1120.0999755859375,1144.0999755859375,1118.5,1119.75,143,0.0,0.0,2023-03-10,1202.9550048828125,112.12219494072012,1315.0771998235327,1090.8328099420924,1427.1993947642527,978.7106150013723,36.629565857472905,-95.78873886715022,-188717,90.04343789200234,246.34212217816884,1814.9622683693422,43.71521778092156,1127.4499918619792,1136.3999837239585,1110.800008138021,1153.0499674479167,1101.8500162760417,1161.999959309896,1085.2000325520835,-0.24230477467018233,-72.43692171688559,-85.14136982424748,-92.62524057157486,7.483870747327387,30.922510746624965,36.42683156428594,1143.1800048828125,1202.9550048828125,1404.8700024414063,1565.3095007324218,SHAILY.BO,2023-08-21 22:03:22.178920
96,2023-03-09 00:00:00+05:30,1153.3499755859375,1178.0999755859375,1116.0999755859375,1136.75,338,0.0,0.0,2023-03-09,1221.7850036621094,127.92318918293873,1349.7081928450482,1093.8618144791706,1477.6313820279868,965.938625296232,50.33593926577242,-95.41070480826119,-188574,216.06111986174471,285.41679324971045,1815.0824440772622,42.80558929636146,1143.6499837239583,1171.199991861979,1109.199991861979,1205.6499837239583,1081.6499837239583,1233.199991861979,1047.199991861979,-0.24226444831167107,-66.43727412035913,-88.25642793635416,-94.4962082584067,6.239780322052539,32.33869293532406,35.76565475730447,1139.9400146484375,1221.7850036621094,1415.552001953125,1572.9260009765626,SHAILY.BO,2023-08-21 22:03:22.178920
97,2023-03-08 00:00:00+05:30,1071.0,1195.0,1051.0,1165.25,456,0.0,0.0,2023-03-08,1243.5425048828124,148.11167603941587,1391.6541809222283,1095.4308288433965,1539.7658569616442,947.3191528039806,7.311144247496418,-104.51609984835468,-188236,298.7988446326338,302.7557115967019,1815.359712234089,40.617538502122365,1137.0833333333333,1223.1666666666665,1079.1666666666665,1281.0833333333333,993.0833333333333,1367.1666666666665,935.1666666666665,-0.24163563636154245,-56.37904138500596,-92.58167009600083,-96.05615333891983,3.4744832429189927,34.82125462385599,35.053618195939805,1129.5400146484376,1243.5425048828124,1425.3380029296875,1580.6455004882812,SHAILY.BO,2023-08-21 22:03:22.178920
98,2023-03-06 00:00:00+05:30,1152.9000244140625,1163.0,1128.25,1156.8499755859375,526,0.0,0.0,2023-03-06,1265.2050048828125,166.5887043461635,1431.793709228976,1098.616300536649,1598.3824135751395,932.0275961904856,5.909458235352043,-107.06066099088885,-188692,342.1824610302397,303.7449283377189,1815.7184125505955,41.41255568007957,1149.3666585286458,1170.4833170572915,1135.7333170572915,1184.1166585286458,1114.6166585286458,1205.2333170572915,1100.9833170572915,-0.2758742764937934,-59.34358175480559,-99.52335634439669,-96.92477414964956,-2.5985821947471237,33.42245631929549,34.286809591393244,1114.5800048828125,1265.2050048828125,1434.8750024414062,1588.0660009765625,SHAILY.BO,2023-08-21 22:03:22.178920
99,2023-03-03 00:00:00+05:30,1094.3499755859375,1153.25,1094.3499755859375,1137.300048828125,518,0.0,0.0,2023-03-03,1286.9700073242188,179.61392202162403,1466.583929345843,1107.3560853025947,1646.197851367467,927.7421632809708,-27.461125567487564,-124.67819170504389,-189218,331.2834781066287,294.1355451645887,1816.1380180835627,29.918331966439283,1128.3000081380208,1162.250040690104,1103.3500162760415,1187.2000325520833,1069.3999837239583,1221.1500651041665,1044.449991861979,-0.28227889513280396,-72.26731874648061,-106.07561351036111,-96.27512860096277,-9.800484909398335,30.184400237332596,34.319759398266186,1097.6300048828125,1286.9700073242188,1444.0310034179688,1594.757501220703,SHAILY.BO,2023-08-21 22:03:22.178920
100,2023-03-02 00:00:00+05:30,1072.300048828125,1110.050048828125,1072.0,1103.550048828125,370,0.0,0.0,2023-03-02,1307.3425048828126,184.7773501880768,1492.1198550708893,1122.5651546947358,1676.897205258966,937.787804506659,-65.62115906316976,-150.55710898375784,-189736,229.60889999158428,284.84856192907864,1816.56403329545,19.728663135364258,1095.2000325520833,1118.4000651041665,1080.3500162760415,1133.2500813802083,1057.1499837239583,1156.4501139322915,1042.2999674479165,-0.3104689005462926,-84.69147319117205,-110.93191037532847,-93.82500737361319,-17.10690300171528,24.280976832589218,34.10422675036609,1087.55,1307.3425048828126,1454.4280029296874,1602.0185009765626,SHAILY.BO,2023-08-21 22:03:22.178920
101,2023-03-01 00:00:00+05:30,1108.699951171875,1114.0,1061.800048828125,1084.75,227,0.0,0.0,2023-03-01,1328.6975036621093,184.6653983183096,1513.3629019804189,1144.0321053437997,1698.0283002987285,959.3667070254901,-89.27752204872031,-170.0445369871579,-190106,138.4683367479339,298.6584774134522,1816.883792985566,14.455222846319032,1086.8500162760417,1111.8999837239585,1059.7000325520835,1139.0499674479167,1034.6500651041667,1164.0999348958335,1007.5000813802085,-0.34491115074711565,-90.79748524978217,-112.14479181039542,-89.54828162318437,-22.596510187211052,20.8177687726441,32.69624529283477,1094.52998046875,1328.6975036621093,1465.0630029296874,1609.3590002441406,SHAILY.BO,2023-08-21 22:03:22.178920
102,2023-02-28 00:00:00+05:30,1072.949951171875,1115.0,1041.6500244140625,1090.449951171875,398,0.0,0.0,2023-02-28,1350.5900024414063,180.12087044162215,1530.7108728830285,1170.4691319997842,1710.8317433246507,990.348261558162,-118.60306073963169,-192.21866582220505,-189879,244.05278560972081,338.70601257983174,1817.0852858912574,9.796978160633472,1082.3666585286458,1123.083292643229,1049.7333170572915,1155.7166341145833,1009.0166829427083,1196.4332682291665,976.383341471354,-0.36757842347321745,-90.1434196800234,-110.14696411448608,-83.89915407638159,-26.24781003810449,21.0893305851245,31.1799575693395,1128.419970703125,1350.5900024414063,1476.6630029296875,1616.9605004882812,SHAILY.BO,2023-08-21 22:03:22.178920
103,2023-02-27 00:00:00+05:30,1088.4000244140625,1164.0999755859375,1050.0,1072.0999755859375,659,0.0,0.0,2023-02-27,1373.2500061035157,174.07754501560464,1547.3275511191205,1199.172461087911,1721.405096134725,1025.0949160723064,-153.042495881616,-210.81851526350712,-190277,397.29734269349876,362.36931932235944,1817.4360802868343,8.772070671951056,1095.3999837239583,1140.7999674479165,1026.699991861979,1209.4999593098958,981.3000081380208,1254.899943033854,912.6000162760415,-0.36596098343242195,-96.31052160501878,-106.48160469324898,-77.33720156685547,-29.144403126393513,17.88733142088661,29.547032328652293,1159.289990234375,1373.2500061035157,1487.1280029296875,1624.5705004882811,SHAILY.BO,2023-08-21 22:03:22.178920
104,2023-02-24 00:00:00+05:30,1142.550048828125,1170.0,1074.0,1086.9000244140625,341,0.0,0.0,2023-02-24,1396.0900085449218,162.0362394461911,1558.126247991113,1234.0537690987308,1720.162487437304,1072.0175296525397,-197.47858416318553,-234.02566801699754,-189618,208.41978189756978,353.63731347957463,1818.032343379876,9.632096261833723,1110.3000081380208,1146.6000162760415,1050.6000162760415,1206.3000081380208,1014.3000081380208,1242.6000162760415,954.6000162760415,-0.01010485119594138,-97.75651749320652,-98.36828170694002,-70.05110078525708,-28.317180921682947,18.44795942134857,27.852765166624362,1195.9,1396.0900085449218,1497.9080029296874,1632.7260009765625,SHAILY.BO,2023-08-21 22:03:22.178920
105,2023-02-23 00:00:00+05:30,1325.0,1325.0,1120.0,1138.449951171875,1082,0.0,0.0,2023-02-23,1417.8750061035157,146.85720204992614,1564.732208153442,1271.0178040535895,1711.589410203368,1124.1606020036634,-121.82008233615797,-212.17930487682943,-189277,692.6856061100095,389.9416963750758,1818.3351257134534,18.702393413712272,1194.4833170572917,1268.9666341145835,1063.9666341145835,1399.4833170572917,989.4833170572917,1473.9666341145835,858.9666341145835,0.0043981309376901305,-96.51229656486295,-87.94792175743646,-62.97180555483634,-24.976116202600124,20.52899332298807,26.211288387930843,1227.9199951171875,1417.8750061035157,1509.3480029296875,1640.9940002441406,SHAILY.BO,2023-08-21 22:03:22.178920
106,2023-02-22 00:00:00+05:30,1251.1500244140625,1275.800048828125,1214.1500244140625,1254.199951171875,180,0.0,0.0,2023-02-22,1435.877508544922,132.13110405536918,1568.0086126002911,1303.7464044895528,1700.1397166556603,1171.6153004341836,-72.8167980573685,-200.95402151244554,-188195,126.95044987470347,314.2557189413424,1819.2296951515218,28.606887718558923,1248.0500081380208,1281.949991861979,1220.2999674479165,1309.7000325520833,1186.3999837239583,1343.6000162760415,1158.649943033854,0.08003378848676343,-90.13699744934361,-78.35104579433482,-56.72777650418631,-21.623269290148514,26.842324841642238,24.818254780772182,1261.8199951171875,1435.877508544922,1520.9570043945312,1648.9785009765626,SHAILY.BO,2023-08-21 22:03:22.178920
107,2023-02-21 00:00:00+05:30,1296.300048828125,1296.300048828125,1225.800048828125,1244.800048828125,204,0.0,0.0,2023-02-21,1450.0675109863282,126.72163640730086,1576.789147393629,1323.3458745790274,1703.5107838009299,1196.6242381717266,-73.10498061258122,-224.0347637147486,-188375,142.79885451742524,361.08203620800214,1819.353400966017,29.185208979082475,1255.6333821614583,1285.4667154947915,1214.9667154947915,1326.1333821614583,1185.1333821614583,1355.9667154947915,1144.4667154947915,0.09460278028563919,-92.2830938748573,-76.27662057196471,-51.32195918164917,-24.954661390315543,25.105471276262946,24.27238929670073,1270.0400146484376,1450.0675109863282,1530.3450048828124,1655.4065014648438,SHAILY.BO,2023-08-21 22:03:22.178920
108,2023-02-20 00:00:00+05:30,1259.199951171875,1300.050048828125,1241.6500244140625,1255.1500244140625,685,0.0,0.0,2023-02-20,1462.2575073242188,117.31361233306811,1579.5711196572868,1344.9438949911507,1696.884731990355,1227.6302826580825,-79.66598946057753,-248.96382128384977,-188171,483.48295738405614,415.6528316306463,1819.4959993494197,35.78278055107346,1265.61669921875,1289.5833740234375,1231.183349609375,1324.0167236328125,1207.2166748046875,1347.9833984375,1172.7833251953125,0.09635444392670893,-89.92008575021404,-71.53927334322839,-45.08329383407028,-26.455979509158105,25.73002725153971,23.822141717702074,1279.260009765625,1462.2575073242188,1540.0950048828124,1661.6205004882813,SHAILY.BO,2023-08-21 22:03:22.178920
109,2023-02-17 00:00:00+05:30,1310.449951171875,1311.949951171875,1211.0,1247.0,248,0.0,0.0,2023-02-17,1475.6175048828125,107.27117474766244,1582.8886796304748,1368.34633013515,1690.1598543781374,1261.0751553874875,-101.08320684445599,-300.9577150883658,-188856,173.90541050920825,398.69530019229376,1819.96670797833,32.81843409930049,1256.6499837239583,1302.2999674479165,1201.3500162760415,1357.5999348958333,1155.7000325520833,1403.2499186197915,1100.4000651041665,0.12093736733851855,-91.78082191780823,-65.40942072409393,-38.469298956780754,-26.94012176731318,24.354017754180106,23.521796552206666,1306.8900146484375,1475.6175048828125,1549.5960034179689,1667.995,SHAILY.BO,2023-08-21 22:03:22.178920
110,2023-02-16 00:00:00+05:30,1321.0999755859375,1321.0999755859375,1290.0,1307.949951171875,92,0.0,0.0,2023-02-16,1488.6275024414062,92.90098870597153,1581.5284911473777,1395.7265137354348,1674.4294798533492,1302.8255250294633,-99.05677467438629,-284.426437956204,-188608,67.66653107112563,454.89277261306506,1820.1397806071625,21.248348235804514,1306.3499755859375,1322.699951171875,1291.5999755859375,1337.449951171875,1275.25,1353.7999267578125,1260.5,0.12557350487829197,-87.67353440311696,-55.767646091785764,-31.734268514952458,-24.033377576833306,27.950036662383226,23.198347912442376,1353.17001953125,1488.6275024414062,1559.0960034179689,1674.7469995117187,SHAILY.BO,2023-08-21 22:03:22.178920
111,2023-02-15 00:00:00+05:30,1299.4000244140625,1311.949951171875,1280.050048828125,1295.300048828125,297,0.0,0.0,2023-02-15,1499.9300048828125,82.9840298908502,1582.9140347736627,1416.9459749919622,1665.8980646645127,1333.9619451011122,-140.84553285224052,-329.9192304752739,-188700,216.33251079055415,551.6993329985498,1820.197180987109,21.591249599090915,1295.7666829427083,1311.4833170572915,1279.5834147135415,1327.6665852864583,1263.8667805989583,1343.3832194010415,1247.6835123697915,0.12465130339070894,-90.92543731924808,-48.58093518413966,-25.72592412074413,-22.855011063395533,25.839683921946687,23.812302628872104,1390.8500244140625,1499.9300048828125,1567.6960034179688,1681.615,SHAILY.BO,2023-08-21 22:03:22.178920
112,2023-02-14 00:00:00+05:30,1386.550048828125,1386.550048828125,1260.0,1290.9000244140625,920,0.0,0.0,2023-02-14,1510.6350036621093,67.57645085743883,1578.2114545195482,1443.0585528046704,1645.787905376987,1375.4821019472315,-195.38962398987078,-337.6791675740291,-188997,667.8445649504248,635.5410385505487,1820.3871504474268,21.73854425022077,1312.4833577473958,1364.9667154947915,1238.4166666666665,1439.0334065755208,1185.9333089192708,1491.5167643229165,1111.8666178385415,0.12184720806129963,-92.05654899381426,-37.397868939978935,-20.012171354895244,-17.38569758508369,25.131414678332845,24.305367238125008,1446.17001953125,1510.6350036621093,1575.997001953125,1688.8869995117188,SHAILY.BO,2023-08-21 22:03:22.178920
113,2023-02-13 00:00:00+05:30,1443.25,1446.0,1385.949951171875,1393.300048828125,1037,0.0,0.0,2023-02-13,1522.2400024414062,43.492812228432534,1565.7328146698387,1478.7471902129737,1609.2256268982712,1435.2543779845412,-196.1807130127473,-229.45522685201468,-188077,812.4906432898678,627.4651569505796,1820.9814200674393,25.78698840459836,1408.4166666666667,1430.8833821614585,1370.8333333333335,1468.4667154947917,1348.3666178385417,1490.9334309895835,1310.7832845052085,0.07228202653110066,-97.20581779437246,-22.080185223873286,-15.665746958624322,-6.414438265248965,31.66722453841514,24.836359894243518,1507.6900146484375,1522.2400024414062,1584.4090014648436,1695.9204992675782,SHAILY.BO,2023-08-21 22:03:22.178920
114,2023-02-10 00:00:00+05:30,1426.5,1510.0,1426.5,1478.4000244140625,430,0.0,0.0,2023-02-10,1528.4424987792968,31.262766742596032,1559.705265521893,1497.1797320367007,1590.9680322644888,1465.9169652941048,-151.70648276868536,-145.70587931447437,-187040,357.4829854596094,581.2087853657575,1821.5231578842636,27.948299712725202,1471.6333414713542,1516.7666829427085,1433.2666829427085,1555.1333414713542,1388.1333414713542,1600.2666829427085,1349.7666829427085,0.14794224713481371,-76.67414633075843,-12.219210973215922,-14.062137392312078,1.8429264190961554,39.618239394752536,26.239445056447963,1547.460009765625,1528.4424987792968,1591.26,1701.2684985351561,SHAILY.BO,2023-08-21 22:03:22.178920
115,2023-02-09 00:00:00+05:30,1519.0,1536.75,1475.5999755859375,1496.3499755859375,1189,0.0,0.0,2023-02-09,1531.2224975585937,28.966332379253675,1560.1888299378472,1502.25616517934,1589.155162317101,1473.2898328000863,-121.39839154420616,-101.63707617470975,-186610,1000.4836484957207,637.1402353422945,1821.703474889981,30.1042523940541,1502.8999837239583,1530.199991861979,1469.0499674479165,1564.0500081380208,1441.7499593098958,1591.3500162760415,1407.899943033854,0.14034161909927356,-78.60047302567682,-7.790094399804275,-14.522868997086114,6.732774597281839,41.667316517493084,26.970464986752738,1560.7300048828124,1531.2224975585937,1595.4089990234374,1705.8924987792968,SHAILY.BO,2023-08-21 22:03:22.178920
116,2023-02-08 00:00:00+05:30,1601.0,1649.0,1527.199951171875,1571.9000244140625,1016,0.0,0.0,2023-02-08,1533.8375,27.996974429387844,1561.834474429388,1505.8405255706123,1589.8314488587757,1477.8435511412245,101.56207194886518,16.103733364650992,-185421,898.0770291588994,546.304382053938,1822.176939047964,33.97654446792994,1582.6999918619792,1638.2000325520835,1516.3999837239585,1704.5000406901042,1460.8999430338542,1760.0000813802085,1394.5999348958335,0.19817698283756127,-46.26576686949893,-3.769249517441949,-16.206062646406572,12.436813128964623,52.22372877523119,26.6822755890891,1567.5900146484375,1533.8375,1599.0230004882812,1710.7304992675781,SHAILY.BO,2023-08-21 22:03:22.178920
117,2023-02-07 00:00:00+05:30,1562.8499755859375,1602.0,1560.5,1598.5,19,0.0,0.0,2023-02-07,1532.429998779297,26.658327092999215,1559.088325872296,1505.7716716862979,1585.7466529652954,1479.1133445932985,145.17842401295522,16.234293381168317,-184405,17.07895133895678,458.36122027769756,1822.4885442144796,39.274265520527976,1587.0,1613.5,1572.0,1628.5,1545.5,1655.0,1530.5,0.25084629454060237,-34.881228968146786,-6.004774900862458,-19.315265928647726,13.310491027785268,56.94002350722874,25.041240441929393,1557.7300048828124,1532.429998779297,1601.0339990234374,1715.2739990234375,SHAILY.BO,2023-08-21 22:03:22.178920
118,2023-02-06 00:00:00+05:30,1595.4000244140625,1617.699951171875,1541.5,1592.1500244140625,689,0.0,0.0,2023-02-06,1528.1149963378907,21.97401157355192,1550.0890079114426,1506.1409847643388,1572.0630194849946,1484.1669731907868,184.56428274421972,7.424487291123024,-184424,616.8764194457464,568.6817875123827,1822.4937595189706,38.49538825441945,1583.7833251953125,1626.066650390625,1549.86669921875,1659.9832763671875,1507.5833740234375,1702.2666015625,1473.666748046875,0.2245372624793352,-37.598958444898045,-11.39563795096501,-22.642888685594045,11.247250734629034,56.06040054270893,23.777970643293727,1546.760009765625,1528.1149963378907,1601.6069995117186,1719.9344995117187,SHAILY.BO,2023-08-21 22:03:22.178920
119,2023-02-03 00:00:00+05:30,1563.8499755859375,1600.0,1505.0,1544.75,675,0.0,0.0,2023-02-03,1524.0849975585938,16.260027465050396,1540.3450250236442,1507.8249700935435,1556.6050524886946,1491.564942628493,76.73954510516171,-38.05055900378525,-185113,586.3500092052122,556.6331295290418,1822.6884132519879,41.24021193058647,1549.9166666666667,1594.8333333333335,1499.8333333333335,1644.9166666666667,1454.9166666666667,1689.8333333333335,1404.8333333333335,0.17313553738543586,-57.8857204655442,-17.499538685421385,-25.4547013692513,7.955162683829915,48.812608920494895,22.417526244763014,1534.110009765625,1524.0849975585938,1602.3859985351562,1724.2129992675782,SHAILY.BO,2023-08-21 22:03:22.178920
120,2023-02-02 00:00:00+05:30,1522.3499755859375,1542.5,1522.3499755859375,1530.6500244140625,4,0.0,0.0,2023-02-02,1524.429998779297,16.78625570756174,1541.2162544868588,1507.6437430717351,1558.0025101944204,1490.8574873641735,27.13911350497102,-61.186279662517734,-185788,3.4429510934844556,549.2039096099991,1822.9187054115368,35.60220315557514,1531.8333333333333,1541.316691080729,1521.1666666666665,1551.9833577473958,1511.6833089192708,1561.4667154947915,1501.016642252604,0.19798267475888423,-63.920376623315555,-20.38105254428092,-27.443492040208774,7.062439495927855,46.36905962602422,21.144580117598316,1529.6800048828125,1524.429998779297,1605.322998046875,1728.2329992675782,SHAILY.BO,2023-08-21 22:03:22.178920
121,2023-02-01 00:00:00+05:30,1550.0,1574.199951171875,1511.75,1522.5999755859375,630,0.0,0.0,2023-02-01,1526.8974975585938,20.877278690844452,1547.7747762494382,1506.0202188677495,1568.6520549402828,1485.1429401769049,41.98947871831681,-58.91346303495252,-185792,539.4128989937698,685.6441492391277,1822.920140475336,35.365623240223016,1536.1833089192708,1560.6166178385415,1498.1666666666665,1598.6332600911458,1473.7333577473958,1623.0665690104165,1435.7167154947915,0.20550621557139365,-67.36572136415715,-22.372825683989277,-29.209101914190732,6.836276230201456,44.9765506402773,20.467364151766382,1523.25,1526.8974975585938,1608.4609985351562,1732.4314990234375,SHAILY.BO,2023-08-21 22:03:22.178920
122,2023-01-31 00:00:00+05:30,1496.9000244140625,1547.0,1487.1500244140625,1543.6500244140625,235,0.0,0.0,2023-01-31,1530.4625,25.6474474024182,1556.1099474024184,1504.8150525975818,1581.7573948048364,1479.1676051951638,11.176894605637122,-72.04606398470338,-185162,203.9913095522644,722.2019618004672,1823.1525692902057,31.150751003759538,1525.933349609375,1564.7166748046875,1504.86669921875,1585.7833251953125,1466.0833740234375,1624.566650390625,1445.0167236328125,0.26931367117152105,-58.35649960999153,-23.791108823967534,-30.918170971741095,7.127062147773561,48.00291892577196,19.738054650101223,1526.3300048828125,1530.4625,1612.157998046875,1736.8069995117187,SHAILY.BO,2023-08-21 22:03:22.178920
123,2023-01-30 00:00:00+05:30,1489.25,1533.199951171875,1489.25,1528.9000244140625,4158,0.0,0.0,2023-01-30,1533.3649963378907,30.114180569783354,1563.4791769076742,1503.2508157681073,1593.5933574774574,1473.136635198324,-24.747231074467983,-83.74838260519758,-185397,3574.855832514293,851.7546248625179,1823.2332823754136,30.441355455801755,1517.1166585286458,1544.9833170572915,1501.0333658854165,1561.0666097005208,1473.1667073567708,1588.9332682291665,1457.0834147135415,0.2548354541046259,-64.66936006741687,-27.319580549528382,-32.69993650868448,5.380355959156098,45.62217490584234,19.29819278800041,1515.3199951171875,1533.3649963378907,1613.8269970703125,1741.0509997558593,SHAILY.BO,2023-08-21 22:03:22.178920
124,2023-01-27 00:00:00+05:30,1645.0,1645.0,1465.0,1522.5999755859375,126,0.0,0.0,2023-01-27,1535.8574951171875,31.744062964371828,1567.6015580815592,1504.1134321528157,1599.345621045931,1472.369369188444,75.1430755340876,-60.646773708090564,-189555,107.88257979875394,170.97932294957394,1824.7448891852202,68.08172760991788,1544.1999918619792,1623.3999837239585,1443.3999837239585,1724.1999918619792,1364.1999918619792,1803.3999837239585,1263.3999837239585,-0.30157629670286423,-67.36572136415715,-29.97050903832178,-34.04502549847351,4.074516460151727,44.616451962306485,19.003124559664347,1514.0099853515626,1535.8574951171875,1615.3629956054688,1745.5484997558594,SHAILY.BO,2023-08-21 22:03:22.178920
125,2023-01-25 00:00:00+05:30,1512.449951171875,1515.199951171875,1446.3499755859375,1498.5,181,0.0,0.0,2023-01-25,1536.617498779297,31.591541769164202,1568.2090405484612,1505.0259570101327,1599.8005823176254,1473.4344152409685,-144.9355589661923,-119.46518237442027,-189681,152.52122395134384,186.75350873727893,1824.7919184774798,57.59438296955756,1486.6833089192708,1527.016642252604,1458.1666666666665,1555.5332845052083,1417.8333333333333,1595.8666178385415,1389.316691080729,-0.39413034851437234,-77.68028291679315,-32.289942839562855,-35.06365461351144,2.773711773948584,40.722042947773666,18.685358775302433,1510.92998046875,1536.617498779297,1616.77099609375,1749.8305004882814,SHAILY.BO,2023-08-21 22:03:22.178920
126,2023-01-24 00:00:00+05:30,1475.050048828125,1546.0,1475.0,1538.0,333,0.0,0.0,2023-01-24,1544.3849975585938,39.76663099622369,1584.1516285548175,1504.61836656237,1623.9182595510413,1464.8517355661463,-42.44280716117571,-93.86918726409927,-189500,288.00201649744236,195.3115799337627,1824.8648918838512,60.53261480367504,1519.6666666666667,1564.3333333333335,1493.3333333333335,1590.6666666666667,1448.6666666666667,1635.3333333333335,1422.3333333333335,0.07011069826894017,-69.26829268292683,-32.396796961634436,-35.75708255699858,3.3602855953641466,45.602302599851434,19.903424199801638,1518.02998046875,1544.3849975585938,1619.5219970703124,1754.3205004882811,SHAILY.BO,2023-08-21 22:03:22.178920
127,2023-01-23 00:00:00+05:30,1538.800048828125,1539.0,1475.0,1488.5999755859375,135,0.0,0.0,2023-01-23,1548.7875,43.70179192105153,1592.4892919210515,1505.0857080789483,1636.191083842103,1461.383916157897,-137.2407214207502,-116.6028849677206,-189833,113.00736162973855,172.13897079284277,1824.9829729024552,54.42220556432325,1500.8666585286458,1526.7333170572915,1462.7333170572915,1564.8666585286458,1436.8666585286458,1590.7333170572915,1398.7333170572915,0.03618743713354047,-93.36586556783537,-35.93289357304957,-36.59715395583962,0.6642603827900544,36.80754746420556,21.097401740370056,1512.3099853515625,1548.7875,1621.57599609375,1758.4405004882813,SHAILY.BO,2023-08-21 22:03:22.178920
128,2023-01-20 00:00:00+05:30,1680.0,1680.0,1518.0,1522.3499755859375,121,0.0,0.0,2023-01-20,1556.4625,45.994080414302864,1602.456580414303,1510.4684195856971,1648.4506608286058,1464.4743391713944,223.9198981353458,-50.92341506164315,-189698,103.5845144171742,186.9218730836188,1825.0391163064867,58.68064696673344,1573.4499918619792,1628.8999837239585,1466.8999837239585,1735.4499918619792,1411.4499918619792,1790.8999837239585,1304.8999837239585,0.05656128924581745,-78.82501220703125,-35.050577079112145,-36.763219051537135,1.71264197242499,41.014232205644895,22.50958528205738,1519.189990234375,1556.4625,1624.3969970703124,1762.7645007324218,SHAILY.BO,2023-08-21 22:03:22.178920
129,2023-01-19 00:00:00+05:30,1522.9000244140625,1524.0,1500.0,1507.199951171875,84,0.0,0.0,2023-01-19,1561.0775024414063,47.01053182943678,1608.088034270843,1514.0669706119695,1655.0985661002799,1467.0564387825327,-137.1527740913801,-118.55776295194819,-189819,71.19428241700176,207.75621275022993,1825.0844037828258,57.5181783004459,1510.3999837239583,1520.7999674479165,1496.7999674479165,1534.3999837239583,1486.3999837239583,1544.7999674479165,1472.7999674479165,0.0721839868781296,-78.39559499812385,-36.7137388849178,-37.19137954464338,0.47764065972558,38.06368462059402,23.17180760289641,1518.189990234375,1561.0775024414063,1626.2899975585938,1766.8090014648437,SHAILY.BO,2023-08-21 22:03:22.178920
130,2023-01-18 00:00:00+05:30,1524.300048828125,1551.8499755859375,1517.199951171875,1534.0,56,0.0,0.0,2023-01-18,1568.5750061035155,49.83800055071171,1618.4130066542273,1518.7370055528038,1668.251007204939,1468.899005002092,2.497955657260722,-101.25097837625148,-189735,48.30680854820286,241.89669533353697,1825.1174247351316,55.36240020478708,1534.3499755859375,1551.5,1516.8499755859375,1569.0,1499.699951171875,1586.1500244140625,1482.199951171875,0.0821089141132203,-57.10882483834656,-36.794773354830795,-37.31078970957478,0.5160163547439822,41.47121403368315,22.200367776975085,1523.55,1568.5750061035155,1629.8319995117188,1770.3975024414062,SHAILY.BO,2023-08-21 22:03:22.178920
131,2023-01-17 00:00:00+05:30,1501.0,1544.4000244140625,1500.0,1509.4000244140625,120,0.0,0.0,2023-01-17,1573.6400085449218,51.26628879214668,1624.9062973370685,1522.373719752775,1676.1725861292152,1471.1074309606283,-100.21824688047008,-125.61246531232679,-189791,101.85457906782851,290.2941670298705,1825.1375864433194,41.07290779819185,1517.933349609375,1535.86669921875,1491.4666748046875,1562.3333740234375,1473.5333251953125,1580.2667236328125,1447.066650390625,0.0808872277807784,-85.72814348831918,-38.980424214461436,-37.439793798260766,-1.5406304162006705,36.63634592989617,21.46439328660062,1526.4800048828124,1573.6400085449218,1633.5459985351563,1773.7000024414062,SHAILY.BO,2023-08-21 22:03:22.178920
132,2023-01-16 00:00:00+05:30,1551.050048828125,1554.449951171875,1523.0,1523.0,1063,0.0,0.0,2023-01-16,1581.4075073242188,52.767608285845306,1634.175115610064,1528.6398990383736,1686.9427238959095,1475.8722907525282,-41.42383074705136,-116.86810297450955,-189671,910.3913600333451,337.40406402038093,1825.1844508422198,74.95512212971643,1533.4833170572917,1543.9666341145835,1512.5166829427085,1564.9332682291667,1502.0333658854167,1575.4165852864585,1481.0667317708335,0.09866551919305949,-79.12621359223301,-38.76538227682113,-37.054636194210595,-1.7107460826105338,38.25877333827781,20.409103910131865,1533.35,1581.4075073242188,1638.9499975585939,1777.447001953125,SHAILY.BO,2023-08-21 22:03:22.178920
133,2023-01-13 00:00:00+05:30,1542.0,1546.050048828125,1502.0,1517.3499755859375,13,0.0,0.0,2023-01-13,1585.9425048828125,51.362504325245396,1637.305009208058,1534.580000557567,1688.6675135333032,1483.2174962323218,-85.02420913144596,-136.76531243214723,-190734,11.092363010177083,194.15724001713983,1825.5822943999322,70.04477299326778,1521.8000081380208,1541.6000162760415,1497.5499674479165,1565.8500569661458,1477.7499593098958,1585.6500651041665,1453.4999186197915,0.3285335971740687,-81.8689438903216,-39.242100690475354,-36.62694967355796,-2.6151510169173946,37.185682153610436,19.672822226321408,1531.189990234375,1585.9425048828125,1645.0849975585938,1781.4630017089844,SHAILY.BO,2023-08-21 22:03:22.178920
134,2023-01-12 00:00:00+05:30,1550.9000244140625,1553.4000244140625,1530.0,1534.0,52,0.0,0.0,2023-01-12,1590.6300048828125,48.9965306465093,1639.6265355293217,1541.6334742363033,1688.6230661758311,1492.6369435897939,-48.57544641009716,-124.25962563089074,-190721,44.85632222333122,239.92345926888052,1825.5872572993117,71.58223021749586,1539.1333414713542,1548.2666829427085,1524.866658528646,1562.5333658854167,1515.7333170572917,1571.666707356771,1501.4666341145835,0.2730554253176024,-73.7864077669903,-38.701425638534374,-35.97316191932861,-2.7282637192057635,39.04254847044697,18.60013585482346,1530.0300048828126,1590.6300048828125,1651.807998046875,1785.8075024414063,SHAILY.BO,2023-08-21 22:03:22.178920
135,2023-01-11 00:00:00+05:30,1505.0,1573.949951171875,1505.0,1548.6500244140625,186,0.0,0.0,2023-01-11,1596.8750061035157,49.35711840162601,1646.2321245051417,1547.5178877018898,1695.5892429067678,1498.1607693002636,-50.37201201845529,-125.34224641633655,-190669,161.97992275310116,288.6902435302678,1825.606038086882,71.30692383704732,1542.5333251953125,1580.066650390625,1511.11669921875,1611.4832763671875,1473.5833740234375,1649.0166015625,1442.166748046875,0.2628545706078546,-66.67474543006675,-39.06258762586549,-35.291095989527165,-3.7714916363383253,40.70317461854764,17.929121514465855,1533.560009765625,1596.8750061035157,1658.3289990234375,1790.7335021972656,SHAILY.BO,2023-08-21 22:03:22.178920
136,2023-01-10 00:00:00+05:30,1509.5999755859375,1576.949951171875,1491.050048828125,1543.75,164,0.0,0.0,2023-01-10,1605.3875061035155,54.96485992794405,1660.3523660314595,1550.4226461755716,1715.3172259594037,1495.4577862476274,-80.43618776549421,-142.15829859997018,-190855,142.36911266287086,320.36782372455946,1825.6698593986507,69.28235869223809,1537.25,1583.449951171875,1497.550048828125,1623.14990234375,1451.35009765625,1669.349853515625,1411.650146484375,0.26304069006513825,-69.05339805825243,-40.375932459123305,-34.34822308044258,-6.027709378680726,39.90936884847327,17.206490686388435,1539.8300048828125,1605.3875061035155,1665.0269995117187,1795.5260021972656,SHAILY.BO,2023-08-21 22:03:22.178920
137,2023-01-09 00:00:00+05:30,1549.449951171875,1580.0,1480.0,1512.199951171875,390,0.0,0.0,2023-01-09,1614.3800048828125,58.91978749364534,1673.2997923764578,1555.4602173891672,1732.2195798701032,1496.5404298955218,-122.65864933534088,-171.8812550944222,-191019,331.6414355078457,364.8675014899816,1825.7271521594819,68.4005961107859,1524.066650390625,1568.13330078125,1468.13330078125,1624.066650390625,1424.066650390625,1668.13330078125,1368.13330078125,0.269185598183737,-85.53461154381672,-40.96307711457416,-32.8412957357724,-8.121781378801764,34.6813308393006,16.428272871535828,1549.860009765625,1614.3800048828125,1672.4569995117188,1799.8985021972655,SHAILY.BO,2023-08-21 22:03:22.178920
138,2023-01-06 00:00:00+05:30,1547.4000244140625,1560.550048828125,1501.0999755859375,1511.550048828125,458,0.0,0.0,2023-01-06,1625.385009765625,59.38343581997202,1684.768445585597,1566.001573945653,1744.151881405569,1506.618138125681,-144.2455037783368,-185.4061056252601,-191409,389.2987141396588,373.1740179855155,1825.8787454567857,73.12374271110198,1524.4000244140625,1547.7000732421875,1488.25,1583.85009765625,1464.949951171875,1607.150146484375,1428.7999267578125,0.2965491801576779,-94.81385943315757,-37.986945734092615,-30.810850391071952,-7.176095343020663,34.57243229961328,15.590192147848406,1567.760009765625,1625.385009765625,1680.2260009765625,1804.0305029296876,SHAILY.BO,2023-08-21 22:03:22.178920
139,2023-01-05 00:00:00+05:30,1591.5,1591.5,1551.6500244140625,1551.6500244140625,13,0.0,0.0,2023-01-05,1636.3175048828125,57.41760282376132,1693.735107706574,1578.899902059051,1751.152710530335,1521.48229923529,-83.62021260695836,-137.84057636460273,-190951,11.343108453871732,369.1428439469796,1826.0573269068423,61.66343276883617,1564.933349609375,1578.2166748046875,1538.36669921875,1604.7833251953125,1525.0833740234375,1618.066650390625,1498.5167236328125,0.35247275354412244,-82.66701607571302,-33.53703039137804,-29.016826555316786,-4.520203836061253,38.22295747866952,15.001295348908442,1581.2,1636.3175048828125,1688.0260009765625,1808.354002685547,SHAILY.BO,2023-08-21 22:03:22.178920
140,2023-01-04 00:00:00+05:30,1579.5,1580.050048828125,1535.1500244140625,1580.0,79,0.0,0.0,2023-01-04,1644.8350036621093,56.82882569982054,1701.6638293619299,1588.0061779622888,1758.4926550617504,1531.1773522624683,-98.38065927887229,-143.92959658489795,-190938,70.19062957471922,458.5927778202566,1826.0617521063537,57.38656997997154,1565.0666910807292,1594.983357747396,1550.0833333333335,1609.9667154947917,1520.1666666666667,1639.8833821614585,1505.183308919271,0.3426619494510126,-67.14128804920784,-31.280893489224354,-27.886775596301472,-3.394117892922882,41.069860324267786,15.209089330798474,1578.4300048828125,1644.8350036621093,1694.3930004882814,1812.4075024414062,SHAILY.BO,2023-08-21 22:03:22.178920
141,2023-01-03 00:00:00+05:30,1593.449951171875,1605.9000244140625,1582.449951171875,1593.9000244140625,110,0.0,0.0,2023-01-03,1652.7325012207032,58.30058209247724,1711.0330833131804,1594.431919128226,1769.3336654056577,1536.1313370357486,-51.30442018615901,-105.21290186495635,-190859,98.59359943283268,555.6933148816408,1826.0858682357102,56.733638856310016,1594.0833333333333,1605.7167154947915,1582.266642252604,1617.5334065755208,1570.6332600911458,1629.166788736979,1558.8165690104165,0.33785658583156947,-59.52900641036354,-30.710444695093656,-27.038246123070753,-3.6721985720229036,42.51141450028097,15.165746292613957,1593.2,1652.7325012207032,1700.5269995117187,1815.886502685547,SHAILY.BO,2023-08-21 22:03:22.178920
142,2023-01-02 00:00:00+05:30,1552.949951171875,1601.800048828125,1552.949951171875,1601.699951171875,43,0.0,0.0,2023-01-02,1658.554998779297,57.92948664801109,1716.484485427308,1600.6255121312859,1774.4139720753192,1542.6960254832748,-84.92980085212253,-120.80702764040845,-190749,38.72973964420519,669.9682437438429,1826.1175583711422,56.17756078964322,1585.4833170572917,1618.0166829427085,1569.1665852864585,1634.3334147135417,1536.6332194010417,1666.8667805989585,1520.3164876302085,0.291952638233093,-60.07821088426853,-30.8837294055827,-26.120196480065026,-4.763532925517673,43.30341417009245,15.991014841881022,1599.6300048828125,1658.554998779297,1706.6559985351562,1819.8235021972657,SHAILY.BO,2023-08-21 22:03:22.178920
143,2022-12-30 00:00:00+05:30,1569.800048828125,1583.0,1537.050048828125,1578.75,189,0.0,0.0,2022-12-30,1664.0450012207032,57.458707013877145,1721.5037082345802,1606.586294206826,1778.9624152484575,1549.1275871929488,-151.9309845100743,-149.74352444091227,-190792,167.7915659939563,827.7778697687523,1826.1295325082679,56.99299251849135,1566.2666829427083,1595.4833170572915,1549.5333658854165,1612.2166341145833,1520.3167317708333,1641.4332682291665,1503.5834147135415,0.2543973446716125,-72.59155274480268,-31.405825656438992,-24.929313248685602,-6.47651240775339,40.26275281737277,16.791790977842123,1607.710009765625,1664.0450012207032,1712.5419995117188,1823.9360021972657,SHAILY.BO,2023-08-21 22:03:22.178920
144,2022-12-29 00:00:00+05:30,1635.0,1686.0,1520.0,1537.800048828125,915,0.0,0.0,2022-12-29,1671.9,55.90181910999338,1727.8018191099934,1615.9981808900068,1783.703638219987,1560.0963617800132,-175.01469229504355,-132.0040536963034,-190981,791.2540100333381,992.7744457124513,1826.1875616671648,57.57494757851893,1581.2666829427083,1642.5333658854165,1476.5333658854165,1747.2666829427083,1415.2666829427083,1808.5333658854165,1310.5333658854165,0.24482981558282496,-92.28934342187155,-29.3381987613443,-23.31018514674725,-6.02801361459705,34.436934579443914,17.256957654679347,1614.8900146484375,1671.9,1718.7089990234374,1828.9175012207031,SHAILY.BO,2023-08-21 22:03:22.178920
145,2022-12-28 00:00:00+05:30,1623.4000244140625,1663.949951171875,1616.5999755859375,1653.8499755859375,4500,0.0,0.0,2022-12-28,1679.3024963378907,46.16396412458378,1725.4664604624745,1633.138532213307,1771.6304245870583,1586.9745680887231,29.05666460736818,-54.94754555394307,-190066,4185.078269013775,1043.1545546322295,1826.5154392588126,61.99909422502541,1644.7999674479167,1672.999959309896,1625.6499837239585,1692.1499430338542,1597.4499918619792,1720.3499348958335,1578.300008138021,0.32219176253955667,-62.23934244154762,-22.21354188234318,-21.803181743097987,-0.4103601392451921,46.32582936846352,17.757906383580973,1638.760009765625,1679.3024963378907,1725.7489990234376,1833.6800012207032,SHAILY.BO,2023-08-21 22:03:22.178920
146,2022-12-27 00:00:00+05:30,1606.050048828125,1673.949951171875,1606.0,1626.050048828125,135,0.0,0.0,2022-12-27,1680.4625,45.780627152733736,1726.243127152734,1634.6818728472663,1772.0237543054675,1588.9012456945327,-29.876669466731112,-68.93034559130008,-194566,123.44191113105768,257.673626036843,1827.4863232648902,23.53392645665315,1635.3333333333333,1664.6666666666665,1596.7167154947915,1703.2832845052083,1567.3833821614583,1732.6166178385415,1528.7667643229165,0.12058031843940063,-84.84993597188719,-24.184412727310473,-21.700591708286687,-2.483821019023786,41.8610594946032,18.05117934723665,1635.0500244140626,1680.4625,1730.3,1837.8080004882813,SHAILY.BO,2023-08-21 22:03:22.178920
147,2022-12-26 00:00:00+05:30,1630.0999755859375,1662.3499755859375,1602.5999755859375,1642.0999755859375,356,0.0,0.0,2022-12-26,1682.7824951171874,44.01990529221185,1726.8024004093993,1638.7625898249755,1770.8223057016112,1594.7426845327636,-41.52501674737273,-71.20492716764873,-194431,328.7339454856502,291.23155476328935,1827.5203087966133,24.38621234110194,1635.6833089192708,1668.766642252604,1609.016642252604,1695.4333089192708,1575.9333089192708,1728.516642252604,1549.266642252604,-0.006449351076319597,-77.01879150659639,-23.603422571957026,-21.07963645353074,-2.523786118426287,43.81495655487237,18.367011769635074,1642.7900146484376,1682.7824951171874,1735.952998046875,1841.4290002441405,SHAILY.BO,2023-08-21 22:03:22.178920
148,2022-12-23 00:00:00+05:30,1625.199951171875,1625.199951171875,1595.0,1614.6500244140625,79,0.0,0.0,2022-12-23,1682.0349975585937,44.86589287496694,1726.9008904335606,1637.1691046836268,1771.7667833085275,1592.3032118086599,-100.76824525913422,-97.97276717448909,-194787,71.72993782054355,281.8559570826991,1827.6028409621074,15.530302653203861,1611.6166585286458,1628.2333170572915,1598.0333658854165,1641.8166097005208,1581.4167073567708,1658.4332682291665,1567.8334147135415,-0.026477537111491593,-90.41228148545221,-24.082626105691133,-20.448689923924167,-3.633936181766966,39.31671050874404,18.902324932398997,1637.110009765625,1682.0349975585937,1741.2569995117187,1844.185,SHAILY.BO,2023-08-21 22:03:22.178920
149,2022-12-22 00:00:00+05:30,1602.0,1680.0,1600.0,1657.1500244140625,141,0.0,0.0,2022-12-22,1682.8574951171875,43.701216614932676,1726.5587117321202,1639.1562785022547,1770.259928347053,1595.455061887322,-49.20200688970177,-67.84363721990728,-194708,131.39411068248035,334.3874618982379,1827.6238772576726,14.529042694568318,1645.7166748046875,1691.433349609375,1611.433349609375,1725.7166748046875,1565.7166748046875,1771.433349609375,1531.433349609375,-0.07054521760082685,-70.4489201562404,-21.627859285655404,-19.540205878482425,-2.0876534071729793,44.43080257256483,20.133817803434432,1636.4,1682.8574951171875,1745.4839990234375,1847.4184997558593,SHAILY.BO,2023-08-21 22:03:22.178920
150,2022-12-21 00:00:00+05:30,1683.800048828125,1702.5999755859375,1619.050048828125,1635.300048828125,25,0.0,0.0,2022-12-21,1684.5799926757813,43.31181150247179,1727.891804178253,1641.2681811733096,1771.2036156807249,1597.9563696708378,-48.41022924837576,-64.07528509596271,-194849,22.98965309461929,385.1357997021773,1827.653938868697,17.344845620841085,1652.3166910807292,1685.5833333333335,1602.033406575521,1735.8666178385417,1568.7667643229167,1769.133260091146,1518.4834798177085,-0.044726226290219905,-81.22838776815428,-22.34292511022136,-19.018292526689176,-3.324632583532182,40.751671162167106,21.36381150559619,1636.75,1684.5799926757813,1749.6089990234375,1850.52,SHAILY.BO,2023-08-21 22:03:22.178920
151,2022-12-20 00:00:00+05:30,1613.300048828125,1689.1500244140625,1612.449951171875,1664.75,300,0.0,0.0,2022-12-20,1687.1924926757813,41.72980289269934,1728.9222955684806,1645.462689783082,1770.65209846118,1603.7328868903826,-55.45138743647048,-63.254361252461116,-194824,280.84405684468953,475.6723363540668,1827.6599532356627,20.95667481835821,1655.4499918619792,1698.4500325520835,1621.749959309896,1732.1500651041667,1578.7499186197917,1775.150105794271,1545.0498860677085,-0.039017603089643436,-66.6995479723797,-20.76800534896347,-18.18713438080613,-2.580870968157342,44.433567284120784,22.32834609455401,1653.4699951171874,1687.1924926757813,1753.6549975585938,1853.7669995117187,SHAILY.BO,2023-08-21 22:03:22.178920
152,2022-12-19 00:00:00+05:30,1600.050048828125,1615.949951171875,1600.0,1613.699951171875,1811,0.0,0.0,2022-12-19,1689.327490234375,41.61331226493554,1730.9408024993106,1647.7141779694396,1772.5541147642462,1606.100865704504,-155.32387347832977,-103.14996382929398,-195124,1643.3731830003007,524.379406231411,1827.7211010298356,14.808454770275304,1609.88330078125,1619.7666015625,1603.816650390625,1625.833251953125,1593.933349609375,1635.716552734375,1587.86669921875,-0.056420206069894806,-91.88458059473008,-21.33733803747782,-17.54191663876679,-3.7954213987110315,34.97737306801497,23.5800190395874,1665.239990234375,1689.327490234375,1757.257998046875,1856.6544995117188,SHAILY.BO,2023-08-21 22:03:22.178920
153,2022-12-16 00:00:00+05:30,1644.050048828125,1662.0999755859375,1597.25,1611.0999755859375,662,0.0,0.0,2022-12-16,1689.997491455078,40.422406682093325,1730.4198981371715,1649.5750847729846,1770.8423048192647,1609.1526780908914,-217.7188295412705,-94.52399079067546,-196935,599.7571582707492,244.63096203918855,1828.207141268638,43.582537168762414,1623.4833170572917,1649.7166341145835,1584.866658528646,1688.3332926432292,1558.6333414713542,1714.566609700521,1520.0166829427085,-0.3355696511965295,-95.3640249084728,-16.715307079283775,-16.593061289089032,-0.12224579019474291,34.44981446419342,24.54996737286197,1688.960009765625,1689.997491455078,1762.012998046875,1860.0634997558593,SHAILY.BO,2023-08-21 22:03:22.178920
154,2022-12-15 00:00:00+05:30,1695.550048828125,1695.550048828125,1650.0,1658.9000244140625,179,0.0,0.0,2022-12-15,1689.727490234375,40.99117206101029,1730.7186622953852,1648.7363181733647,1771.7098343563955,1607.7451461123544,-236.2055181919021,-61.76600713971674,-196273,166.98144082366673,155.84941298129837,1828.3875219019592,51.87273255482464,1668.1500244140625,1686.300048828125,1640.75,1713.7000732421875,1622.5999755859375,1731.85009765625,1595.199951171875,-0.2940225077178238,-82.21218984556245,-10.28838640723393,-16.562499841540344,6.274113434306415,39.988566168926,25.594527116388434,1712.7800048828126,1689.727490234375,1767.5439990234374,1863.2815002441407,SHAILY.BO,2023-08-21 22:03:22.178920
155,2022-12-14 00:00:00+05:30,1724.6500244140625,1724.6500244140625,1699.1500244140625,1718.9000244140625,9,0.0,0.0,2022-12-14,1686.4324890136718,45.948473205847684,1732.3809622195195,1640.484015807824,1778.3294354253671,1594.5355426019764,-34.73495564037821,-28.695146884365258,-196094,8.69937569305087,153.0664060207063,1828.4256062069753,50.563424777267485,1714.2333577473958,1729.316691080729,1703.816691080729,1739.7333577473958,1688.7333577473958,1754.816691080729,1678.316691080729,-0.27061978884890536,-61.40775332656388,-6.611676319163962,-18.131028200116944,11.519351880952982,49.210485778070705,27.538072686847613,1725.4,1686.4324890136718,1772.6399975585937,1865.8094995117187,SHAILY.BO,2023-08-21 22:03:22.178920
156,2022-12-13 00:00:00+05:30,1728.699951171875,1734.3499755859375,1686.800048828125,1723.5999755859375,208,0.0,0.0,2022-12-13,1682.289990234375,46.59739382274429,1728.8873840571193,1635.6925964116306,1775.4847778798635,1589.0952025888864,-0.20700784750129603,-30.14830507173159,-196085,201.60197102740193,189.15816360262014,1828.4268436303666,46.48308379645636,1714.9166666666667,1743.0332845052085,1695.483357747396,1762.4665934244792,1667.3667399088542,1790.583211263021,1647.9334309895835,-0.27706949395049396,-59.77808939660277,-7.713287247026074,-21.01086617035519,13.297578923329116,50.0500461005252,28.679148554676363,1729.2099853515624,1682.289990234375,1776.9999975585938,1867.8034997558593,SHAILY.BO,2023-08-21 22:03:22.178920
157,2022-12-12 00:00:00+05:30,1613.0,1750.8499755859375,1613.0,1732.300048828125,82,0.0,0.0,2022-12-12,1678.1449890136719,46.416093436066795,1724.5610824497387,1631.728895577605,1770.9771758858055,1585.3128021415382,-78.14249961764476,-43.7764345641435,-195877,79.87887313927385,186.04721174642467,1828.4542221273025,38.66412630560605,1698.7166748046875,1784.433349609375,1646.5833740234375,1836.566650390625,1560.86669921875,1922.2833251953125,1508.7333984375,-0.3181441035836283,-56.76142070530731,-9.46968904664027,-24.335260901187464,14.865571854547195,51.56207951619683,29.907999489261172,1726.5599853515625,1678.1449890136719,1780.467998046875,1869.8484997558594,SHAILY.BO,2023-08-21 22:03:22.178920
158,2022-12-09 00:00:00+05:30,1716.0999755859375,1731.0,1709.0,1730.199951171875,204,0.0,0.0,2022-12-09,1673.0124877929688,45.78367933746926,1718.796167130438,1627.2288084554996,1764.5798464679074,1581.4451291180303,33.45724550662466,-28.951174934480903,-195959,198.48213481839514,212.58929639821235,1828.4641236130456,40.03117458553292,1723.3999837239583,1737.7999674479165,1715.7999674479165,1745.3999837239583,1701.3999837239583,1759.7999674479165,1693.7999674479165,-0.3385568087460251,-55.91907211741147,-12.43176085110963,-28.05165386482426,15.61989301371463,51.23185562008162,31.23137741881404,1722.3999755859375,1673.0124877929688,1783.14599609375,1872.1044995117188,SHAILY.BO,2023-08-21 22:03:22.178920
159,2022-12-08 00:00:00+05:30,1799.949951171875,1799.949951171875,1698.0,1722.0,133,0.0,0.0,2022-12-08,1667.352490234375,45.336776029148325,1712.6892662635232,1622.0157142052267,1758.0260422926717,1576.6789381760782,76.9471158103312,-19.247008300422756,-196163,128.78928960887393,216.11608679316663,1828.4893035719429,41.51705527429625,1739.9833170572917,1781.9666341145835,1680.0166829427085,1841.9332682291667,1638.0333658854167,1883.9165852864585,1578.0667317708335,-0.4507077620614927,-50.478684261037145,-15.828922545972318,-31.956627118252914,16.127704572280596,49.9957960563218,30.58446798198904,1723.52998046875,1667.352490234375,1786.3939965820311,1874.4059997558593,SHAILY.BO,2023-08-21 22:03:22.178920
160,2022-12-07 00:00:00+05:30,1727.3499755859375,1737.949951171875,1710.0,1737.949951171875,5,0.0,0.0,2022-12-07,1665.4674926757812,43.69923945888378,1709.166732134665,1621.7682532168974,1752.8659715935487,1578.0690137580136,66.62640589829175,-28.50281981528522,-196030,4.886548679783146,237.9477860892398,1828.5070970086153,42.357410535169606,1728.63330078125,1747.2666015625,1719.316650390625,1756.583251953125,1700.683349609375,1775.216552734375,1691.36669921875,-0.4593797515449188,-45.8514857025082,-19.130915849801113,-35.98855326132306,16.85763741152195,52.39435165801072,29.887796280792884,1716.2999755859375,1665.4674926757812,1790.3979956054689,1876.4615002441406,SHAILY.BO,2023-08-21 22:03:22.178920
161,2022-12-06 00:00:00+05:30,1726.699951171875,1738.699951171875,1708.0,1710.3499755859375,437,0.0,0.0,2022-12-06,1664.5549926757812,42.27332535592194,1706.8283180317032,1622.2816673198593,1749.1016433876252,1580.0083419639373,59.43202352884611,-36.54058335723019,-196035,420.3019281383904,296.21309544160397,1828.5076658584912,39.89693557243847,1719.0166422526042,1730.0332845052085,1699.3333333333335,1749.7165934244792,1688.3166910807292,1760.7332356770835,1668.6333821614585,-0.48405956969626546,-50.67559349966796,-24.639434045875987,-40.20296261420354,15.563528568327555,48.418065418438935,29.85036833488062,1704.1199951171875,1664.5549926757812,1795.5339965820312,1878.7465002441406,SHAILY.BO,2023-08-21 22:03:22.178920
162,2022-12-05 00:00:00+05:30,1730.9000244140625,1742.949951171875,1707.0999755859375,1711.5,356,0.0,0.0,2022-12-05,1668.0174926757813,48.58635080390466,1716.603843479686,1619.4311418718767,1765.1901942835907,1570.844791067972,72.96567667451207,-37.44359156854877,-195598,342.627218843927,265.19088726740733,1828.5725721607666,44.2786872901163,1720.5166422526042,1733.933308919271,1698.0833333333335,1756.3666178385417,1684.6666666666667,1769.7832845052085,1662.233357747396,-0.47064824797182175,-50.3616793490738,-28.600502412752803,-44.09384475628543,15.493342343532625,48.57504256149947,29.81006131620588,1696.539990234375,1668.0174926757813,1801.7769970703125,1881.0295007324219,SHAILY.BO,2023-08-21 22:03:22.178920
163,2022-12-02 00:00:00+05:30,1705.9000244140625,1755.0999755859375,1701.050048828125,1735.8499755859375,120,0.0,0.0,2022-12-02,1673.9299926757812,60.00857770332303,1733.9385703791042,1613.9214149724583,1793.9471480824272,1553.9128372691353,107.27723989046856,-32.7437255727393,-195242,117.13546159298632,245.83180437327738,1828.6249856396898,52.11970394067991,1730.6666666666667,1760.2832845052085,1706.233357747396,1784.7165934244792,1676.6167399088542,1814.333211263021,1652.1834309895835,-0.4530807432678654,-43.71503619125939,-33.35178928062783,-47.967180342168575,14.615391061540748,51.88227273916782,29.766653757633076,1679.6699951171875,1673.9299926757812,1807.4319970703125,1882.9765002441407,SHAILY.BO,2023-08-21 22:03:22.178920
164,2022-12-01 00:00:00+05:30,1732.0999755859375,1745.949951171875,1673.0,1685.8499755859375,195,0.0,0.0,2022-12-01,1679.8124938964843,71.13322763294754,1750.945721529432,1608.6792662635366,1822.0789491623793,1537.5460386305892,67.4095918317755,-54.33301418433597,-195362,184.8623608012008,278.00589006835014,1828.638988463657,47.55934149099787,1701.5999755859375,1730.199951171875,1657.25,1774.5499267578125,1628.6500244140625,1803.14990234375,1584.300048828125,-0.47999835357776566,-57.36318777637424,-41.32764977098259,-51.62102810755376,10.293378336571173,44.70378443266324,29.719907156093136,1658.7199951171874,1679.8124938964843,1811.2769970703125,1884.5465002441406,SHAILY.BO,2023-08-21 22:03:22.178920
165,2022-11-30 00:00:00+05:30,1660.050048828125,1696.6500244140625,1642.800048828125,1677.050048828125,226,0.0,0.0,2022-11-30,1688.5224975585938,81.77975143249105,1770.302248991085,1606.7427461261027,1852.082000423576,1524.9629946936118,27.31190882990967,-77.18526592511554,-195557,213.13237396856664,301.29177238513745,1828.6740183966529,35.410610776535634,1672.1667073567708,1701.5333658854165,1647.683390299479,1726.0166829427083,1618.3167317708333,1755.383341471354,1593.8334147135415,-0.47581114775007155,-59.765242462944904,-45.9887491901336,-54.19437269169655,8.205623501562947,43.32190184512197,29.761331757374833,1659.8699951171875,1688.5224975585938,1816.3759985351562,1886.2965002441406,SHAILY.BO,2023-08-21 22:03:22.178920
166,2022-11-29 00:00:00+05:30,1649.9000244140625,1896.0,1649.9000244140625,1672.449951171875,955,0.0,0.0,2022-11-29,1698.8474975585937,92.57788849258284,1791.4253860511765,1606.2696090660108,1884.0032745437593,1513.691720573428,155.53752239530832,-37.106963433552416,-195783,898.1553503424051,323.33162198928017,1828.7171414699742,35.363324680359156,1739.4499918619792,1828.999959309896,1582.8999837239585,1985.5499674479167,1493.3500162760417,2075.0999348958335,1336.800008138021,-0.497507895778745,-61.02089906532153,-50.39291021744202,-56.24577856708728,5.852868349645256,42.62594589895021,30.316714807680818,1661.9699951171874,1698.8474975585937,1822.437998046875,1888.5269995117187,SHAILY.BO,2023-08-21 22:03:22.178920
167,2022-11-28 00:00:00+05:30,1650.3499755859375,1657.550048828125,1607.5999755859375,1627.1500244140625,30,0.0,0.0,2022-11-28,1710.9875,104.13257307754985,1815.1200730775497,1606.8549269224502,1919.2526461550997,1502.7223538449002,-36.61270621326691,-112.63803970218784,-196738,27.450092443392755,179.62568990099888,1828.905171334396,11.871538488126902,1630.7666829427083,1653.933390299479,1603.9833170572915,1680.7167561848958,1580.8166097005208,1703.8834635416665,1554.033243815104,-0.3800652226389151,-65.44391580242566,-54.81500206326723,-57.708995654498594,2.8939935912313643,35.36882761594511,30.795126823929447,1668.9699951171874,1710.9875,1829.5139990234375,1891.0565002441406,SHAILY.BO,2023-08-21 22:03:22.178920
168,2022-11-25 00:00:00+05:30,1680.9000244140625,1680.9000244140625,1630.5999755859375,1631.0999755859375,266,0.0,0.0,2022-11-25,1724.6625,110.31803333371782,1834.9805333337176,1614.3444666662822,1945.2985666674356,1504.0264333325642,4.107293625508096,-110.18024669162743,-196708,243.98165753398897,217.6695892654004,1828.9127977057944,10.909405037998255,1647.5333251953125,1664.4666748046875,1614.1666259765625,1697.8333740234375,1597.2332763671875,1714.7667236328125,1563.8665771484375,-0.37608040764519257,-68.336472084419,-55.18473289634608,-58.43249405230644,3.2477611559603616,35.73480503517081,31.189783846765195,1668.9599853515624,1724.6625,1838.2619995117188,1893.685,SHAILY.BO,2023-08-21 22:03:22.178920
169,2022-11-24 00:00:00+05:30,1698.300048828125,1700.5,1635.449951171875,1691.5999755859375,299,0.0,0.0,2022-11-24,1738.1850036621095,114.73296179977439,1852.9179654618838,1623.4520418623351,1967.6509272616581,1508.7190800625608,77.37075925392533,-98.62348938730022,-196442,284.42241399785314,211.09157219825323,1828.9791191129905,11.548558328715728,1675.8499755859375,1716.25,1651.199951171875,1740.9000244140625,1610.7999267578125,1781.300048828125,1586.14990234375,-0.33225965553655107,-50.8348697120008,-55.21097842840686,-59.24443434129652,4.033455912889657,41.90123902619281,31.971512949138223,1663.87998046875,1738.1850036621095,1846.04,1896.3325,SHAILY.BO,2023-08-21 22:03:22.178920
170,2022-11-23 00:00:00+05:30,1729.0,1729.0,1644.4000244140625,1687.550048828125,386,0.0,0.0,2022-11-23,1747.1050048828124,117.81410377699956,1864.919108659812,1629.2909011058127,1982.7332124368115,1511.4767973288133,80.30782902802873,-98.28992824871345,-196741,366.3016931686619,192.75886174835324,1829.0309123854659,11.798541224333746,1686.9833577473958,1729.566691080729,1644.9667154947915,1771.5833333333333,1602.3833821614583,1814.1666666666665,1560.366739908854,-0.41541919535183164,-54.15214482556954,-60.36638401978189,-60.25279831951893,-0.11358570026295922,41.27128605916082,32.888496823298766,1644.1599853515625,1747.1050048828124,1851.1430004882814,1898.2165002441407,SHAILY.BO,2023-08-21 22:03:22.178920
171,2022-11-22 00:00:00+05:30,1618.0999755859375,1784.949951171875,1599.5,1707.449951171875,30,0.0,0.0,2022-11-22,1757.0625,120.89143019241189,1877.953930192412,1636.171069807588,1998.8453603848238,1515.2796396151762,70.92666360329888,-98.83136847488831,-196355,28.804755737881152,149.37315389327605,1829.099805813009,13.257601969518007,1697.2999674479167,1795.0999348958335,1609.6499837239585,1882.7499186197917,1511.8500162760417,1980.5498860677085,1424.2000325520835,-0.4639700155772712,-54.09837667115954,-65.6533668156244,-60.22440189445319,-5.428964921171207,43.41930180476348,34.0091575642668,1633.8599853515625,1757.0625,1856.4019995117187,1899.5194995117188,SHAILY.BO,2023-08-21 22:03:22.178920
172,2022-11-21 00:00:00+05:30,1572.0999755859375,1651.949951171875,1551.300048828125,1627.0999755859375,80,0.0,0.0,2022-11-21,1766.707501220703,124.36986322066032,1891.0773644413634,1642.3376380000427,2015.4472276620238,1517.9677747793824,-68.69483260162379,-177.65971046341167,-196385,73.19799497989888,179.51525343212475,1829.1044098846294,11.01713225218262,1610.1166585286458,1668.9332682291665,1568.2833658854165,1710.7665608723958,1509.4667561848958,1769.5831705729165,1467.6334635416665,-0.45651836505368476,-75.45649939602777,-73.38739779543425,-58.86716066416038,-14.520237131273873,29.701534765132806,35.216022977616994,1620.5099853515626,1766.707501220703,1861.4560009765626,1900.655,SHAILY.BO,2023-08-21 22:03:22.178920
173,2022-11-18 00:00:00+05:30,1580.699951171875,1649.300048828125,1577.0,1605.699951171875,198,0.0,0.0,2022-11-18,1780.1525024414063,123.01055208122509,1903.1630545226315,1657.1419503601812,2026.1736066038566,1534.131398278956,-73.93814297330607,-197.6973567682464,-196465,178.78230984784702,206.0945680451812,1829.1247992611193,16.91044296415724,1610.6666666666667,1644.3333333333335,1572.0332845052085,1682.9667154947917,1538.3666178385417,1716.6333821614585,1499.7332356770835,-0.47069504544649243,-80.84625594095614,-74.26411565437229,-55.2371013813419,-19.02701427303039,25.2176170992243,33.02188581754207,1621.0199951171876,1780.1525024414063,1868.2750024414063,1902.4715002441405,SHAILY.BO,2023-08-21 22:03:22.178920
174,2022-11-17 00:00:00+05:30,1663.8499755859375,1668.0,1529.6500244140625,1593.0,227,0.0,0.0,2022-11-17,1794.2225036621094,117.99756759842842,1912.2200712605377,1676.224936063681,2030.2176388589662,1558.2273684652525,-97.71596784499039,-235.66877789130095,-196663,203.34644889555994,212.9226325945147,1829.1806280521823,13.725942761015432,1596.8833414713542,1664.116658528646,1525.7666829427085,1735.2333170572917,1458.5333658854167,1802.4666341145835,1387.416707356771,-0.42381405271361255,-84.04483383154509,-72.15378815034933,-50.48034781308429,-21.673440337265035,22.4933088406667,30.865300016517878,1623.2800048828126,1794.2225036621094,1875.73400390625,1904.3845007324219,SHAILY.BO,2023-08-21 22:03:22.178920
175,2022-11-16 00:00:00+05:30,1624.5,1680.1500244140625,1624.5,1636.050048828125,69,0.0,0.0,2022-11-16,1809.0625061035157,109.73296557276122,1918.795471676277,1699.3295405307545,2028.5284372490382,1589.5965749579932,-75.67620340283867,-218.934700658335,-196436,63.48054336698237,215.3166785192534,1829.248307393741,15.35223321247669,1646.9000244140625,1669.300048828125,1613.6500244140625,1702.550048828125,1591.25,1724.9500732421875,1558.0,-0.4394499185693123,-90.58747840418688,-67.10793747069079,-45.06198772876804,-22.045949741922747,25.406633020376034,28.54282300003029,1641.5400146484376,1809.0625061035157,1882.8900048828125,1906.5930004882812,SHAILY.BO,2023-08-21 22:03:22.178920
176,2022-11-15 00:00:00+05:30,1612.0999755859375,1700.0,1611.949951171875,1640.699951171875,172,0.0,0.0,2022-11-15,1821.3300048828125,102.87312742845761,1924.20313231127,1718.456877454355,2027.0762597397277,1615.5837500258974,-87.54624634860504,-240.83289107364908,-196367,158.69110040655326,253.27571230732113,1829.2651370839933,15.610083611186397,1650.88330078125,1689.816650390625,1601.7666015625,1738.933349609375,1562.833251953125,1777.86669921875,1513.716552734375,-0.3953274996878663,-89.1382333683229,-63.87071015979632,-39.55050029328735,-24.320209866508968,25.741025440624043,26.96397206557268,1658.2699951171876,1821.3300048828125,1889.11900390625,1908.4425,SHAILY.BO,2023-08-21 22:03:22.178920
177,2022-11-14 00:00:00+05:30,1617.0,1667.0,1612.0,1629.6500244140625,181,0.0,0.0,2022-11-14,1834.7300048828124,95.28069827240353,1930.0107031552159,1739.449306610409,2025.2914014276193,1644.1686083380055,-121.78277826886607,-287.2386804509658,-196539,165.8700142382183,276.92186528251307,1829.3060921943854,10.59539928681535,1636.2166748046875,1660.433349609375,1605.433349609375,1691.2166748046875,1581.2166748046875,1715.433349609375,1550.433349609375,-0.36951908445052223,-92.5821877390948,-59.21628511894755,-33.470447826660106,-25.745837292287447,23.519850948188008,25.26367105923371,1686.05,1834.7300048828124,1895.3050048828125,1909.5890002441406,SHAILY.BO,2023-08-21 22:03:22.178920
178,2022-11-11 00:00:00+05:30,1692.050048828125,1692.050048828125,1605.8499755859375,1617.0,796,0.0,0.0,2022-11-11,1848.6125061035157,83.3015934290526,1931.9140995325683,1765.310912674463,2015.2156929616208,1682.0093192454106,-163.3178458802718,-315.61007479273127,-196720,723.7991141304879,304.6848280435868,1829.3517356483833,13.575800842159751,1638.3000081380208,1670.750040690104,1584.5499674479165,1724.5000813802083,1552.0999348958333,1756.9501139322915,1498.349894205729,-0.25028345944413205,-96.52484797803076,-51.27174383112265,-27.033988503588237,-24.237755327534412,21.008199880070336,22.26572393542049,1726.0699951171875,1848.6125061035157,1901.1320043945314,1912.3609997558594,SHAILY.BO,2023-08-21 22:03:22.178920
179,2022-11-10 00:00:00+05:30,1762.050048828125,1808.75,1662.300048828125,1684.300048828125,225,0.0,0.0,2022-11-10,1859.0625061035157,63.464402097095636,1922.5269082006114,1795.59810400642,1985.991310297707,1732.1337019093244,-154.25332478030836,-240.55563084142292,-195924,213.10661900732808,199.90625652186145,1829.5654448130979,20.020604056958135,1718.4500325520833,1774.6000162760415,1628.1500651041665,1864.8999837239583,1572.0000813802083,1921.0499674479165,1481.7001139322915,-0.12470309444177842,-91.67927075426923,-39.077643204702326,-20.97454967170463,-18.103093532997697,25.076548882108696,19.037165494390862,1773.3699951171875,1859.0625061035157,1907.3280053710937,1914.1815002441406,SHAILY.BO,2023-08-21 22:03:22.178920
180,2022-11-09 00:00:00+05:30,1799.050048828125,1811.800048828125,1711.0,1719.699951171875,356,0.0,0.0,2022-11-09,1868.0175048828125,48.34085874872115,1916.3583636315336,1819.6766461340915,1964.699222380255,1771.3357873853702,-192.58655577466314,-218.83216424897685,-195699,344.26877681335475,196.60616590049477,1829.606780248438,20.159941479633062,1747.5,1784.0,1683.199951171875,1848.300048828125,1646.699951171875,1884.800048828125,1582.39990234375,-0.056037010546955396,-95.9666420300009,-29.501448829635592,-16.448776288455203,-13.052672541180389,27.696263994549852,16.046076684183323,1808.5199951171876,1868.0175048828125,1910.9630053710937,1915.3465002441405,SHAILY.BO,2023-08-21 22:03:22.178920
181,2022-11-07 00:00:00+05:30,1850.050048828125,1850.050048828125,1770.5,1779.5999755859375,297,0.0,0.0,2022-11-07,1873.9125061035156,34.51318773774823,1908.4256938412639,1839.3993183657674,1942.938881579012,1804.8861306280191,-196.36943544745688,-155.94557476186546,-195343,297.2171052333518,159.69051317227976,1829.6562851356243,25.96812078071119,1800.0500081380208,1829.6000162760415,1750.0499674479165,1879.6000569661458,1720.4999593098958,1909.1500651041665,1670.4999186197915,0.06383603789506619,-94.17414953227205,-20.280380522235646,-13.185608153160103,-7.094772369075542,33.135212324288915,13.358272708196267,1841.2900146484376,1873.9125061035156,1913.8540063476562,1916.1825012207032,SHAILY.BO,2023-08-21 22:03:22.178920
182,2022-11-04 00:00:00+05:30,1854.949951171875,1859.050048828125,1823.5,1829.75,58,0.0,0.0,2022-11-04,1877.177508544922,27.497089119533744,1904.6745976644556,1849.6804194253882,1932.1716867839893,1822.1833303058545,-195.17159628023802,-107.01389267021345,-195046,59.678061680274496,125.30886515701174,1829.6751022014596,28.052738897777715,1837.433349609375,1851.36669921875,1815.816650390625,1872.9833984375,1801.88330078125,1886.916748046875,1780.2666015625,0.17538730426939175,-93.94379558417533,-14.06658516153675,-11.411915060891218,-2.654670100645532,39.10543120495694,11.330587503622562,1868.42001953125,1877.177508544922,1915.9440063476563,1916.6490014648436,SHAILY.BO,2023-08-21 22:03:22.178920
183,2022-11-03 00:00:00+05:30,1865.050048828125,1874.050048828125,1850.0,1853.5,205,0.0,0.0,2022-11-03,1878.2625061035155,25.9094603109262,1904.1719664144418,1852.3530457925892,1930.081426725368,1826.4435854816631,-205.46596639931212,-80.09241922952299,-194988,213.66894762804137,141.71656602619603,1829.6750967026896,38.48645875026438,1859.183349609375,1868.36669921875,1844.316650390625,1883.2333984375,1835.13330078125,1892.416748046875,1820.2666015625,0.20156143439664456,-79.8620465158046,-10.836931609276462,-10.748247535729833,-0.088684073546629,42.47051611990375,10.235909957374028,1882.6000244140625,1878.2625061035155,1917.841005859375,1917.5305017089843,SHAILY.BO,2023-08-21 22:03:22.178920
184,2022-11-02 00:00:00+05:30,1884.550048828125,1917.0,1860.050048828125,1860.050048828125,22,0.0,0.0,2022-11-02,1879.9700073242188,25.310009588049397,1905.2800169122681,1854.6599977361695,1930.5900265003177,1829.34998814812,-93.22852694643382,-55.135091932586114,-194783,23.011359135476148,123.7284706257347,1829.668912749,60.25738320961464,1879.0333658854167,1898.0166829427085,1841.0667317708335,1935.9833170572917,1822.0834147135417,1954.9666341145835,1784.1167805989585,0.2459059223941127,-59.21238202003399,-8.876815597529912,-10.726076517343174,1.8492609198132612,43.427527394419265,9.757767460742851,1892.2100341796875,1879.9700073242188,1919.8070068359375,1918.2200012207031,SHAILY.BO,2023-08-21 22:03:22.178920
185,2022-11-01 00:00:00+05:30,1886.0999755859375,1926.699951171875,1860.0,1883.550048828125,313,0.0,0.0,2022-11-01,1882.6525024414063,25.92329158559226,1908.5757940269987,1856.729210855814,1934.4990856125908,1830.805919270222,-4.130377380850121,-42.018169534120844,-194761,331.5251358575338,148.90774849829933,1829.668066457441,59.19820711187889,1890.0833333333333,1920.1666666666665,1853.4667154947915,1956.7832845052083,1823.3833821614583,1986.8666178385415,1786.7667643229165,0.2679776736481142,-42.232616229174624,-6.877856488328462,-11.188391747296489,4.310535258968027,46.95227509093995,9.532289739258873,1894.2000244140625,1882.6525024414063,1923.1380053710936,1918.9065002441407,SHAILY.BO,2023-08-21 22:03:22.178920
186,2022-10-31 00:00:00+05:30,1892.8499755859375,1925.0,1874.0,1915.25,190,0.0,0.0,2022-10-31,1885.320001220703,28.624613021431696,1913.9446142421348,1856.6953881992713,1942.5692272635665,1828.0707751778396,111.46102589025514,-23.235563704787545,-194448,204.63222741280552,103.25340165849067,1829.6467038936867,73.47530268780639,1904.75,1935.5,1884.5,1955.75,1853.75,1986.5,1833.5,0.35675544691727584,-19.328031272573963,-6.528767075967153,-12.266025562038495,5.737258486071342,52.265861702928966,9.289467577660742,1894.8300048828125,1885.320001220703,1926.0250048828125,1919.2825,SHAILY.BO,2023-08-21 22:03:22.178920
187,2022-10-28 00:00:00+05:30,1882.199951171875,1918.550048828125,1882.199951171875,1900.6500244140625,57,0.0,0.0,2022-10-28,1884.4075012207031,27.90205176521243,1912.3095529859156,1856.5054494554906,1940.2116047511279,1828.6033976902784,78.95717977821106,-30.564667904209607,-194638,60.921693986902945,77.90869521991196,1829.6260969259768,74.15023669652938,1900.4666748046875,1918.7333984375,1882.38330078125,1936.8167724609375,1864.1165771484375,1955.08349609375,1846.033203125,0.27844087949591645,-29.877144719445603,-9.104871018341328,-13.70034018355633,4.595469165215002,49.83805326863339,9.412063924212665,1891.85,1884.4075012207031,1927.3400048828125,1919.3715002441406,SHAILY.BO,2023-08-21 22:03:22.178920
188,2022-10-27 00:00:00+05:30,1892.8499755859375,1905.0,1882.050048828125,1901.550048828125,21,0.0,0.0,2022-10-27,1882.6849975585938,27.9099306069754,1910.5949281655692,1854.7750669516183,1938.5048587725446,1826.865136344643,64.86843559598415,-37.845997343694556,-194581,22.455463042755714,82.15544552816421,1829.620967356608,68.05183871740381,1896.2000325520833,1910.3500162760415,1887.4000651041665,1919.1499837239583,1873.2500813802083,1933.2999674479165,1864.4501139322915,0.2872326133440072,-24.75516837707021,-10.82723572748796,-14.84920747486008,4.02197174737212,49.98357155920701,9.772027937096496,1890.9199951171875,1882.6849975585938,1927.8350048828124,1919.5525,SHAILY.BO,2023-08-21 22:03:22.178920
189,2022-10-25 00:00:00+05:30,1904.0999755859375,1904.0999755859375,1867.050048828125,1870.0,15,0.0,0.0,2022-10-25,1882.2374938964845,27.662183708150724,1909.8996776046351,1854.5753101883338,1937.5618613127858,1826.913126480183,-5.250699935934302,-61.108140168876304,-194602,15.773491103756403,97.08044114951632,1829.6190533795286,62.743896138619355,1880.3833414713542,1893.7166341145835,1856.666707356771,1917.4332682291667,1843.3334147135417,1930.766560872396,1819.6167805989585,0.30161410423827734,-44.06364090714515,-12.956974225773138,-15.854700411703108,2.8977261859299706,44.73048791780593,9.742276739923962,1888.02998046875,1882.2374938964845,1928.6820043945313,1919.3639990234376,SHAILY.BO,2023-08-21 22:03:22.178920
190,2022-10-24 00:00:00+05:30,1910.050048828125,1910.050048828125,1885.0,1886.699951171875,6,0.0,0.0,2022-10-24,1884.8474914550782,28.882458464456207,1913.7299499195344,1855.965032990622,1942.6124083839907,1827.0825745261657,63.940150436313566,-42.69147562569175,-194587,6.365742223586569,117.40717866095628,1829.618285860887,59.166406124493534,1893.9166666666667,1902.8333333333335,1877.7832845052085,1918.9667154947917,1868.8666178385417,1927.8833821614585,1852.7332356770835,0.14518027010976237,-33.84335407930684,-12.380165309053837,-16.5791319581856,4.198966649131762,47.165248076668675,9.683071736950406,1891.989990234375,1884.8474914550782,1930.4220043945313,1919.810499267578,SHAILY.BO,2023-08-21 22:03:22.178920
191,2022-10-21 00:00:00+05:30,1894.0,1916.550048828125,1873.050048828125,1900.3499755859375,63,0.0,0.0,2022-10-21,1890.2499938964843,37.934237317915,1928.1842312143992,1852.3157565785693,1966.1184685323142,1814.3815192606544,83.74213614091607,-38.13832371860081,-194581,67.32387402272707,145.1675377702987,1829.6178518782392,50.88474340201191,1896.6500244140625,1920.25,1876.75,1940.1500244140625,1853.1500244140625,1963.75,1833.25,0.14996120335003685,-25.489607216042756,-13.098789003680395,-17.628873620468536,4.530084616788141,49.197741818417335,10.053787533135019,1890.9300048828125,1890.2499938964843,1931.246005859375,1920.1034997558593,SHAILY.BO,2023-08-21 22:03:22.178920
192,2022-10-20 00:00:00+05:30,1869.6500244140625,1901.75,1869.6500244140625,1896.0,25,0.0,0.0,2022-10-20,1896.3574951171875,48.11343171581797,1944.4709268330055,1848.2440634013694,1992.5843585488233,1800.1306316855516,69.11507712682086,-49.34642501748269,-194644,26.65466945875413,164.62845370719162,1829.6122048963082,52.31814630397455,1889.1333414713542,1908.616658528646,1876.5166829427085,1921.2333170572917,1857.0333658854167,1940.7166341145835,1844.416707356771,0.16255462836911408,-30.4090258185473,-15.16469918373582,-18.761394774665572,3.5966955909297518,48.54154249228024,10.453019929026137,1892.6,1896.3574951171875,1932.991005859375,1919.905,SHAILY.BO,2023-08-21 22:03:22.178920
193,2022-10-19 00:00:00+05:30,1884.9000244140625,1899.1500244140625,1831.5999755859375,1887.0999755859375,194,0.0,0.0,2022-10-19,1901.2699951171876,52.856959658494,1954.1269547756815,1848.4130354586937,2006.9839144341756,1795.5560758001996,32.10825982528696,-75.22326065647036,-194669,205.8693050730809,199.121899769301,1829.6101015965903,57.886265188836724,1872.6166585286458,1913.633341471354,1846.083292643229,1940.1667073567708,1805.0666097005208,1981.183390299479,1778.533243815104,0.16537643467156485,-45.021528541941535,-17.151515391650264,-19.660568672398007,2.509053280747743,47.24700097412161,10.504001928704017,1894.860009765625,1901.2699951171876,1935.3300048828125,1919.2375,SHAILY.BO,2023-08-21 22:03:22.178920
194,2022-10-18 00:00:00+05:30,1858.050048828125,1896.6500244140625,1858.0,1889.800048828125,24,0.0,0.0,2022-10-18,1903.3199951171875,53.0730945320206,1956.3930896492082,1850.246900585167,2009.4661841812288,1797.1738060531463,47.92986737509878,-66.50475518713954,-194475,25.504807921342323,197.43504844335598,1829.5959640912456,59.75499543814052,1881.4833577473958,1904.9667154947915,1866.316691080729,1920.1333821614583,1842.8333333333333,1943.616739908854,1827.6666666666665,0.08146287016909359,-43.6533635679298,-18.5588532020397,-20.287831992584945,1.728978790545245,47.58421935801379,10.49368350310924,1882.6400146484375,1903.3199951171875,1939.1260034179688,1918.1765002441407,SHAILY.BO,2023-08-21 22:03:22.178920
195,2022-10-17 00:00:00+05:30,1897.8499755859375,1900.0,1841.949951171875,1881.4000244140625,175,0.0,0.0,2022-10-17,1905.8699951171875,53.61177668121197,1959.4817717983994,1852.2582184359756,2013.0935484796114,1798.6464417547636,19.95824361014863,-80.2855378781232,-194499,185.14592320313372,240.41760857385935,1829.594132493468,47.458666494716915,1874.4499918619792,1906.9500325520835,1848.8999837239585,1932.5000406901042,1816.3999430338542,1965.0000813802085,1790.8499348958335,0.048123465803720976,-47.90977372917892,-20.34539362401074,-20.720076690221255,0.3746830662105154,46.48070440255691,11.022414494483431,1877.360009765625,1905.8699951171875,1941.6110034179687,1917.0415002441407,SHAILY.BO,2023-08-21 22:03:22.178920
196,2022-10-14 00:00:00+05:30,1880.4000244140625,1940.3499755859375,1869.8499755859375,1908.699951171875,194,0.0,0.0,2022-10-14,1910.8074951171875,55.74443306665818,1966.5519281838456,1855.0630620505294,2022.2963612505039,1799.3186289838711,81.64855901745882,-39.71729174024493,-194324,208.22571015018434,254.23552991654077,1829.5826375599368,37.635284578248466,1906.2999674479167,1942.749959309896,1872.249959309896,1976.7999674479167,1835.7999674479167,2013.249959309896,1801.749959309896,0.025210213782077728,-38.747664485991514,-21.497168068573274,-20.813747456773886,-0.683420611799388,49.63422822437199,11.591817100578714,1868.6,1910.8074951171875,1945.3160009765625,1916.2175,SHAILY.BO,2023-08-21 22:03:22.178920
197,2022-10-13 00:00:00+05:30,1832.6500244140625,1942.0,1803.5999755859375,1907.300048828125,518,0.0,0.0,2022-10-13,1916.6849975585938,61.41876279140113,1978.103760349995,1855.2662347671926,2039.522523141396,1793.8474719757914,32.55815799891257,-73.29921888837437,-194518,555.576335919259,265.73798485812983,1829.5631718897048,33.84530143802256,1884.3000081380208,1965.000040690104,1826.6000162760415,2022.7000325520833,1745.8999837239583,2103.4000651041665,1688.199991861979,-0.006742252482474825,-44.381996688170524,-25.33470286285751,-20.642892303824038,-4.691810559033474,49.47098130883937,12.190518402360963,1855.8400146484375,1916.6849975585938,1946.9050024414062,1915.0725,SHAILY.BO,2023-08-21 22:03:22.178920
198,2022-10-12 00:00:00+05:30,1863.8499755859375,1866.300048828125,1811.5,1826.0,56,0.0,0.0,2022-10-12,1924.5474975585937,69.66560807962306,1994.2131056382168,1854.8818894789706,2063.8787137178397,1785.2162813993475,-76.1721265221476,-150.66927822955375,-195036,57.50210717667433,193.27839709284748,1829.5120698368078,27.152486191082218,1834.6000162760417,1857.7000325520835,1802.8999837239585,1889.4000651041667,1779.7999674479167,1912.5000813802085,1748.0999348958335,0.02281671923275638,-81.67052247137177,-29.726181984369077,-19.469939664065667,-10.25624232030341,38.7691647838876,12.835273650434154,1844.6699951171875,1924.5474975585937,1947.1130004882812,1913.5779992675782,SHAILY.BO,2023-08-21 22:03:22.178920
199,2022-10-11 00:00:00+05:30,1830.0999755859375,1876.949951171875,1830.050048828125,1863.4000244140625,130,0.0,0.0,2022-10-11,1934.2474975585938,68.72156368090879,2002.9690612395025,1865.525933877685,2071.690624920411,1796.8043701967763,-38.22272849901965,-128.74470417805162,-194980,136.22110809335146,227.22246957189077,1829.5123194477005,32.77784399921299,1856.8000081380208,1883.5499674479165,1836.6500651041665,1903.6999104817708,1809.9001057942708,1930.4498697916665,1789.7501627604165,0.08525375480376998,-67.208021332568,-26.891386323771712,-16.905879083989813,-9.9855072397819,42.625575351824544,12.487744486208484,1857.0,1934.2474975585938,1949.3530004882812,1912.8839990234376,SHAILY.BO,2023-08-21 22:03:22.178920
200,2022-10-10 00:00:00+05:30,1812.949951171875,1856.050048828125,1810.0,1837.5999755859375,242,0.0,0.0,2022-10-10,1938.4149963378907,66.69648462884062,2005.1114809667313,1871.71851170905,2071.807965595572,1805.0220270802095,-100.41345856359702,-174.987579666228,-195110,250.0698317951729,249.97280994152558,1829.5067274171781,26.719985184079192,1834.5500081380208,1859.1000162760415,1813.0499674479165,1880.6000569661458,1788.4999593098958,1905.1500651041665,1766.9999186197915,0.06859944702097627,-77.18483930003573,-26.53787933963781,-14.409502274044335,-12.128377065593476,38.72101823654655,12.448500976264242,1867.0599853515625,1938.4149963378907,1951.4310009765625,1912.2544982910156,SHAILY.BO,2023-08-21 22:03:22.178920
201,2022-10-07 00:00:00+05:30,1828.300048828125,1872.0,1778.5999755859375,1844.9000244140625,130,0.0,0.0,2022-10-07,1944.0599975585938,62.350899332441124,2006.4108968910348,1881.7090982261527,2068.761796223476,1819.3581988937115,-129.50910714734258,-196.68524134219942,-194868,134.86869290245897,249.94855447811375,1829.5042405323304,20.715887941022203,1831.8333333333333,1885.066691080729,1791.6666666666665,1925.2333577473958,1738.4333089192708,1978.4667154947915,1698.266642252604,0.04727295382809611,-75.57109695503414,-23.142280295974842,-11.377408007645966,-11.764872288328876,39.425961559682435,11.899065510347668,1886.9199951171875,1944.0599975585938,1953.8790014648437,1911.9014990234375,SHAILY.BO,2023-08-21 22:03:22.178920
202,2022-10-06 00:00:00+05:30,1858.75,1869.949951171875,1813.75,1851.449951171875,141,0.0,0.0,2022-10-06,1949.8224975585938,57.86878027004192,2007.6912778286357,1891.9537172885518,2065.5600580986775,1834.08493701851,-118.39174649752927,-190.71561781529934,-194738,146.79999772100646,278.71851987202746,1829.501698773713,20.33547948889381,1845.0499674479167,1876.3499348958335,1820.1499837239585,1901.2499186197917,1788.8500162760417,1932.5498860677085,1763.9500325520835,0.007408031106638693,-84.04234871031746,-19.163188142903664,-8.436189935563746,-10.726998207339918,40.033203178524296,11.307365777822126,1897.339990234375,1949.8224975585938,1956.0510009765626,1910.5814990234376,SHAILY.BO,2023-08-21 22:03:22.178920
203,2022-10-04 00:00:00+05:30,1905.050048828125,1927.5,1867.8499755859375,1887.6500244140625,129,0.0,0.0,2022-10-04,1955.6525024414063,53.114784081721176,2008.7672865231275,1902.5377183596852,2061.8820706048486,1849.422934277964,-52.72945841083803,-113.50239705491474,-194597,136.93237724976825,311.69815040978267,1829.4977679281787,19.842387907920852,1894.3333333333333,1920.816691080729,1861.1666666666665,1953.9833577473958,1834.6833089192708,1980.4667154947915,1801.516642252604,0.007179432876821604,-75.98124415913013,-14.423461610303093,-5.754440383728767,-8.669021226574326,43.46912024973888,11.241889058532971,1900.289990234375,1955.6525024414063,1958.1140014648438,1908.1619995117187,SHAILY.BO,2023-08-21 22:03:22.178920
204,2022-10-03 00:00:00+05:30,1893.0999755859375,1938.949951171875,1860.0,1913.699951171875,330,0.0,0.0,2022-10-03,1960.2025024414063,50.83146791212826,2011.0339703535346,1909.371034529278,2061.8654382656628,1858.5395666171498,-46.79130653130009,-99.80265650944975,-194468,355.1262253537486,355.38959369978625,1829.4882378959785,33.632616328873326,1904.2166341145833,1948.4332682291665,1869.4833170572915,1983.1665852864583,1825.2666829427083,2027.3832194010415,1790.5333658854165,0.025470088865241523,-66.60064230886564,-11.701796799078238,-3.5871850770851843,-8.114611721993054,46.11376529629126,12.013402685289849,1901.27998046875,1960.2025024414063,1959.0190014648438,1905.1764990234376,SHAILY.BO,2023-08-21 22:03:22.178920
205,2022-09-30 00:00:00+05:30,1866.050048828125,1947.300048828125,1843.25,1936.9000244140625,132,0.0,0.0,2022-09-30,1962.0575073242187,49.70969537382026,2011.767202698039,1912.3478119503984,2061.476898071859,1862.638116576578,-48.97800744514111,-94.82552420167727,-194138,143.77258966569775,355.4554357862956,1829.4529190392766,41.19596828228007,1909.1500244140625,1975.050048828125,1871.0,2013.2000732421875,1805.0999755859375,2079.10009765625,1766.949951171875,0.00359138498848273,-58.246275250360675,-10.605464232081886,-1.5585321465869209,-9.046932085494966,48.556815021198304,12.844263514104945,1902.97998046875,1962.0575073242187,1958.9790014648438,1903.070499267578,SHAILY.BO,2023-08-21 22:03:22.178920
206,2022-09-29 00:00:00+05:30,1884.5999755859375,1975.949951171875,1841.050048828125,1897.0,340,0.0,0.0,2022-09-29,1962.5875061035156,49.48334465571054,2012.0708507592262,1913.104161447805,2061.5541954149367,1863.6208167920945,-68.207007813995,-104.88385281717642,-194270,362.6946984706169,408.37614731644504,1829.4348904514745,38.36950435562839,1904.6666666666667,1968.2832845052085,1833.3833821614585,2039.5665690104167,1769.7667643229167,2103.1831868489585,1698.4834798177085,-0.0043355621201639286,-72.61430961467622,-11.325993170429228,0.7032008747868206,-12.029194045216048,43.8021293719574,13.739036714367357,1914.5499755859375,1962.5875061035156,1958.607001953125,1903.7334985351563,SHAILY.BO,2023-08-21 22:03:22.178920
207,2022-09-28 00:00:00+05:30,1879.9000244140625,1886.5,1820.949951171875,1866.199951171875,109,0.0,0.0,2022-09-28,1965.2375061035157,47.15020841670084,2012.3877145202166,1918.0872976868147,2059.5379229369173,1870.937089270114,-156.1712480442282,-191.50876915330528,-194610,114.3877799541099,419.79650952790206,1829.4056770452737,33.038529604927504,1857.88330078125,1894.816650390625,1829.2666015625,1923.433349609375,1792.333251953125,1960.36669921875,1763.716552734375,0.0038946415321398646,-83.70543465742502,-8.147334737527899,3.7104993860908326,-11.857834123618732,39.81485217220822,14.702638622342262,1939.6499755859375,1965.2375061035157,1959.2290014648438,1905.4659985351564,SHAILY.BO,2023-08-21 22:03:22.178920
208,2022-09-27 00:00:00+05:30,1911.050048828125,1911.050048828125,1851.5999755859375,1892.5999755859375,658,0.0,0.0,2022-09-27,1967.9775085449219,42.450012902403856,2010.4275214473257,1925.527495642518,2052.8775343497296,1883.0774827401142,-165.52597455542022,-152.08663592789213,-194501,700.2928357091387,496.14869192135006,1829.4005761343897,38.9586687113576,1885.0833333333333,1918.566691080729,1859.1166178385415,1944.5334065755208,1825.6332600911458,1978.0167643229165,1799.666544596354,-0.018812060344965235,-83.40416427640028,-0.9209061057022154,6.674957916995515,-7.5958640226977305,42.197802160626516,14.177693573074984,1965.2599853515626,1967.9775085449219,1961.0630029296874,1906.8119995117188,SHAILY.BO,2023-08-21 22:03:22.178920
209,2022-09-26 00:00:00+05:30,1991.0,1991.0,1895.0,1922.199951171875,1002,0.0,0.0,2022-09-26,1969.6875122070312,39.86384509943811,2009.5513573064693,1929.823667107593,2049.4152024059076,1889.959822008155,-134.78854620679454,-65.57330068548899,-193843,1083.0817624637957,445.11265597440286,1829.3476410693124,42.78365378335427,1936.066650390625,1977.13330078125,1881.13330078125,2032.066650390625,1840.066650390625,2073.13330078125,1785.13330078125,0.013940453550380797,-86.64376910627585,5.74506308829109,8.573923922669948,-2.828860834378858,45.001973048395335,14.089398319190627,1972.3599853515625,1969.6875122070312,1962.4180029296874,1908.0290002441407,SHAILY.BO,2023-08-21 22:03:22.178920
210,2022-09-23 00:00:00+05:30,1980.199951171875,2010.0,1962.199951171875,1994.75,75,0.0,0.0,2022-09-23,1966.8800170898437,45.027133084288145,2011.9071501741319,1921.8528840055556,2056.93428325842,1876.8257509212674,-9.754385557764614,30.92611111483569,-192841,84.12880047919276,285.6203793520546,1829.229058917527,55.03840199443734,1988.9833170572917,2015.7666829427085,1967.9666341145835,2036.7833658854167,1941.1832682291667,2063.5667317708335,1920.1665852864585,0.04432838405053041,-52.30302210970049,11.277328126102248,9.281139131264663,1.9961889948375848,53.02104151411209,14.749575208544456,1976.0800048828125,1966.8800170898437,1962.5250048828125,1909.1665002441407,SHAILY.BO,2023-08-21 22:03:22.178920
211,2022-09-22 00:00:00+05:30,1972.3499755859375,2037.199951171875,1959.0,2022.5,140,0.0,0.0,2022-09-22,1960.3550170898438,49.961081444230146,2010.316098534074,1910.3939356456137,2060.277179978304,1860.4328542013836,38.075646359844384,65.01731447797437,-192766,159.22509825414,335.99327407027005,1829.213234977828,57.627185073111036,2006.2333170572917,2053.4666341145835,1975.2666829427085,2084.433268229167,1928.0333658854167,2131.6665852864585,1897.0667317708335,0.017449121607385557,-38.33372251649932,11.04435464407402,8.782091882555267,2.262262761518752,56.603459254772574,14.853500524630485,1973.160009765625,1960.3550170898438,1961.95900390625,1909.5755004882812,SHAILY.BO,2023-08-21 22:03:22.178920
212,2022-09-21 00:00:00+05:30,1984.8499755859375,2019.0,1952.0,1994.25,264,0.0,0.0,2022-09-21,1953.4350158691407,50.48250746463996,2003.9175233337805,1902.9525084045008,2054.4000307984206,1852.4700009398607,3.21522831743064,35.80001921415429,-192906,296.0591494933291,380.1853180243025,1829.1787358535564,55.1005135384742,1988.4166666666667,2024.8333333333335,1957.8333333333335,2055.416666666667,1921.4166666666667,2091.8333333333335,1890.8333333333335,-0.030300723659046343,-52.55472120146988,7.8457847368702005,8.216526192175579,-0.37074145530537805,53.64259956071692,14.965420095800056,1973.910009765625,1953.4350158691407,1960.2820043945312,1909.5385009765625,SHAILY.BO,2023-08-21 22:03:22.178920
213,2022-09-20 00:00:00+05:30,1937.699951171875,1999.0,1906.0,1928.0999755859375,510,0.0,0.0,2022-09-20,1949.9525146484375,49.91794739049212,1999.8704620389296,1900.0345672579454,2049.788409429422,1850.1166198674532,-87.2805188188553,-44.039631058135406,-193170,552.9612329465042,401.2168601570458,1829.1231582880494,53.74538616354286,1944.3666585286458,1982.7333170572915,1889.7333170572915,2037.3666585286458,1851.3666585286458,2075.7333170572915,1796.7333170572915,-0.0637362076617972,-85.85452333255496,6.413967435421682,8.309211556001921,-1.895244120580239,45.56750383084474,15.412451437368508,1987.97001953125,1949.9525146484375,1958.5210034179688,1910.2580004882811,SHAILY.BO,2023-08-21 22:03:22.178920
214,2022-09-19 00:00:00+05:30,1920.5,2050.0,1900.0,1940.800048828125,322,0.0,0.0,2022-09-19,1951.137518310547,49.652488784499226,2000.7900070950461,1901.4850295260478,2050.4424958795453,1851.8325407415484,-52.37972499897817,-7.172253707285096,-192660,351.42416834239066,363.2807669596812,1829.0587398275352,62.83640066011303,1963.6000162760417,2027.2000325520835,1877.2000325520835,2113.600016276042,1813.6000162760417,2177.2000325520835,1727.2000325520835,-0.04470249983563955,-79.4613295316283,10.99840121244597,8.78302258614698,2.215378626298989,47.02790935416661,16.26176527570466,2006.3500244140625,1951.137518310547,1957.8160034179687,1912.4384997558593,SHAILY.BO,2023-08-21 22:03:22.178920
215,2022-09-16 00:00:00+05:30,2043.1500244140625,2043.1500244140625,1948.3499755859375,1980.1500244140625,197,0.0,0.0,2022-09-16,1955.4275146484374,52.345844362560875,2007.7733590109983,1903.0816702858765,2060.1192033735592,1850.7358259233156,12.033724227382988,44.08458603681321,-192338,219.36093128189142,366.24491661400384,1829.0128036549752,77.451067944111,1990.5500081380208,2032.750040690104,1937.949991861979,2085.3500569661455,1895.7499593098958,2127.550089518229,1843.149943033854,0.0020279468613048457,-49.86321339121895,15.450458437777115,8.229177929572234,7.221280508204881,51.80479106305229,17.17641094775898,2007.5400146484376,1955.4275146484374,1956.217001953125,1914.4690002441407,SHAILY.BO,2023-08-21 22:03:22.178920
216,2022-09-15 00:00:00+05:30,2013.4000244140625,2098.64990234375,2013.4000244140625,2026.25,229,0.0,0.0,2022-09-15,1957.8150146484375,54.5742951234354,2012.3893097718728,1903.240719525002,2066.9636048953084,1848.6664244015667,138.78153214186904,147.6570323057464,-192141,260.92967286694795,402.9659129470319,1828.9747819068634,82.95612031798214,2046.0999755859375,2078.7999267578125,1993.550048828125,2131.349853515625,1960.85009765625,2164.0498046875,1908.3001708984375,0.03459869735587665,-26.72076596825946,17.04096655587,6.423857802521013,10.617108753348987,58.240317082547385,17.171769111764952,2001.610009765625,1957.8150146484375,1954.6160009765624,1916.9469995117188,SHAILY.BO,2023-08-21 22:03:22.178920
217,2022-09-14 00:00:00+05:30,2012.5,2081.14990234375,2010.0,2064.550048828125,810,0.0,0.0,2022-09-14,1955.5525146484374,52.48585688036663,2008.038371528804,1903.0666577680709,2060.5242284091705,1850.580800887704,223.88453300408324,172.55986552863237,-191912,940.3843522654092,438.47497296705285,1828.9170747791336,79.37215529057823,2051.8999837239585,2093.799967447917,2022.650065104167,2123.0498860677085,1980.7500813802085,2164.949869791667,1951.500162760417,0.08284951238213631,-5.9042714855113365,14.278953345481796,3.7695806141837656,10.50937273129803,64.413422046336,15.525213903073743,1988.3900146484375,1955.5525146484374,1952.5990014648437,1918.5484985351563,SHAILY.BO,2023-08-21 22:03:22.178920
218,2022-09-13 00:00:00+05:30,1985.0,2024.0,1952.949951171875,2020.0,424,0.0,0.0,2022-09-13,1948.5950134277343,46.1126264374409,1994.7076398651752,1902.4823869902934,2040.8202663026161,1856.3697605528525,193.23693868201698,82.46684129745691,-192722,481.62850839733636,312.9976281424637,1828.6730173025599,70.10905248408174,1998.9833170572917,2045.0166829427085,1973.9666341145835,2070.033365885417,1927.9332682291667,2116.0667317708335,1902.9165852864585,-0.007704270256786176,-15.724972668038953,6.754417178722861,1.1422374313592574,5.612179747363603,59.81261608227258,13.97708222435266,1969.0900146484375,1948.5950134277343,1949.1080004882813,1919.3164990234375,SHAILY.BO,2023-08-21 22:03:22.178920
219,2022-09-12 00:00:00+05:30,1961.75,1965.050048828125,1936.050048828125,1946.75,179,0.0,0.0,2022-09-12,1944.7900146484376,42.94116079772447,1987.731175446162,1901.848853850713,2030.6723362438865,1858.9076930529886,-4.094517407047374,-17.962221032972337,-193146,195.9558232198418,270.83990807874557,1828.56922894528,62.183872938441766,1949.2833658854167,1962.5166829427085,1933.5166829427085,1978.2833658854167,1920.2833658854167,1991.5166829427085,1904.5166829427085,-0.07377209200427194,-43.78472608652144,1.4058958774041912,-0.26080750548164355,1.6667033828858346,49.92918927330978,13.145665154757907,1960.82001953125,1944.7900146484376,1946.625,1920.0394995117188,SHAILY.BO,2023-08-21 22:03:22.178920
220,2022-09-09 00:00:00+05:30,1964.699951171875,1976.0,1942.0,1950.5,181,0.0,0.0,2022-09-09,1945.3025146484374,43.02686529010964,1988.329379938547,1902.2756493583279,2031.3562452286567,1859.2487840682181,39.29026056769544,-2.596300003526237,-192967,198.52695850323397,289.56092929347153,1828.542157846754,55.7925392154815,1956.1666666666667,1970.3333333333335,1936.3333333333335,1990.1666666666667,1922.1666666666667,2004.3333333333335,1902.3333333333335,-0.06424111844929384,-42.34821993881756,1.7508815465125735,-0.6774833512031022,2.4283648977156758,50.51982347839469,13.366542329832049,1961.630029296875,1945.3025146484374,1945.29,1921.3169995117187,SHAILY.BO,2023-08-21 22:03:22.178920
221,2022-09-08 00:00:00+05:30,1988.9000244140625,2061.050048828125,1922.5,1960.1500244140625,426,0.0,0.0,2022-09-08,1944.1725158691406,43.17967752050735,1987.352193389648,1900.9928383486333,2030.5318709101552,1857.813160828126,117.24506045290862,50.3904561564491,-192786,469.5630025712815,312.31942199103094,1828.5139028708822,55.155470499287084,1981.2333577473958,2039.9667154947915,1901.4166666666665,2119.7834065755205,1842.6833089192708,2178.5167643229165,1762.8666178385415,-0.06167774976737913,-38.651601433139334,1.796721053984811,-1.284574575632021,3.0812956296168323,51.98939318468464,13.448201819506036,1961.030029296875,1944.1725158691406,1942.6369995117188,1922.4484985351562,SHAILY.BO,2023-08-21 22:03:22.178920
222,2022-09-07 00:00:00+05:30,1906.050048828125,2000.0,1906.050048828125,1968.050048828125,146,0.0,0.0,2022-09-07,1945.5450134277344,44.13984651197242,1989.6848599397067,1901.405166915762,2033.8247064516793,1857.2653204037895,77.7524795499975,4.539112430791457,-192360,161.5786420960042,273.0085268459683,1828.4420857176256,56.39726781713879,1958.0333658854167,2010.0166829427085,1916.0667317708335,2051.983317057292,1864.0834147135417,2103.9666341145835,1822.1167805989585,-0.08888351916470962,-32.77998046875,0.8778052757420483,-2.054898483036229,2.932703758778277,53.16501988676051,13.536142808385714,1959.0000244140624,1945.5450134277344,1939.8539990234376,1923.4574987792969,SHAILY.BO,2023-08-21 22:03:22.178920
223,2022-09-06 00:00:00+05:30,1985.699951171875,1994.949951171875,1921.699951171875,1978.6500244140625,140,0.0,0.0,2022-09-06,1947.7900085449219,46.427274143945276,1994.217282688867,1901.3627344009767,2040.6445568328124,1854.9354602570313,106.91878001691194,21.011161712415,-192214,155.77292684691497,300.8659980334593,1828.4159768661386,59.959477163032545,1965.0999755859375,2008.5,1935.25,2038.3499755859375,1891.8499755859375,2081.75,1862.0,-0.12626701658965395,-28.539990234375,-1.0900181671161135,-2.788074422730798,1.6980562556146843,54.706316622222154,14.21099108591462,1949.5900146484375,1947.7900085449219,1936.667998046875,1924.800997314453,SHAILY.BO,2023-08-21 22:03:22.178920
224,2022-09-05 00:00:00+05:30,1954.5,1995.0,1920.0,1950.800048828125,148,0.0,0.0,2022-09-05,1952.7025024414063,54.38107065976519,2007.0835731011714,1898.3214317816412,2061.4646437609367,1843.9403611218759,79.74466362708894,3.7158443437835356,-192354,162.35640741101255,337.1392658300954,1828.3890305739928,56.23523304843269,1955.2666829427083,1990.5333658854165,1915.5333658854165,2030.2666829427083,1880.2666829427083,2065.5333658854165,1840.5333658854165,-0.10565744015414834,-39.67998046875,-4.636850046858399,-3.212588486634469,-1.42426156022393,51.258930036892906,15.293639198270464,1939.22001953125,1952.7025024414063,1933.0349975585937,1926.7199975585938,SHAILY.BO,2023-08-21 22:03:22.178920
225,2022-09-02 00:00:00+05:30,1926.0999755859375,1955.0,1901.050048828125,1947.5,76,0.0,0.0,2022-09-02,1955.8650024414062,56.07729161793948,2011.9422940593456,1899.7877108234668,2068.0195856772852,1843.7104192055272,6.265693220920053,-33.64390572312018,-192502,83.23117355675525,380.83498043486605,1828.3658156540014,55.508528506199895,1934.5166829427083,1967.9833170572915,1914.0333658854165,1988.4666341145833,1880.5667317708333,2021.9332682291665,1860.0834147135415,-0.1414186177358021,-41.57257733055457,-6.364813720840175,-2.8565230965784867,-3.5082906242616883,50.847303129821086,16.45956793465368,1922.27001953125,1955.8650024414062,1930.29599609375,1928.81599609375,SHAILY.BO,2023-08-21 22:03:22.178920
226,2022-09-01 00:00:00+05:30,1929.949951171875,1975.949951171875,1926.1500244140625,1950.0,148,0.0,0.0,2022-09-01,1961.8224975585938,61.23383820627218,2023.056335764866,1900.5886593523217,2084.2901739711383,1839.3548211460495,19.355016549726564,-0.4362565281684536,-192426,162.28982290709794,455.2359321543937,1828.3542124681157,53.67241869344533,1950.6999918619792,1975.249959309896,1925.4500325520835,2000.4999186197917,1900.9000651041667,2025.0498860677085,1875.650105794271,-0.08580341717380646,-40.58228203107245,-8.155689468534092,-1.9794504405130646,-6.176239028021028,51.151185697872734,16.791637461153684,1905.62001953125,1961.8224975585938,1927.76599609375,1931.46099609375,SHAILY.BO,2023-08-21 22:03:22.178920
227,2022-08-30 00:00:00+05:30,1963.6500244140625,1970.0,1915.75,1921.0,123,0.0,0.0,2022-08-30,1963.729998779297,61.44003147769773,2025.1700302569946,1902.2899673015993,2086.6100617346924,1840.8499358239014,-11.492538104111519,-25.516151443086038,-192574,132.87015324309712,528.4724594662176,1828.3311360483588,51.66628600735133,1935.5833333333333,1955.4166666666665,1901.1666666666665,1989.8333333333333,1881.3333333333333,2009.6666666666665,1846.9166666666665,-0.0716210852944972,-52.06970750506511,-10.571194183861508,-0.43539068350780763,-10.135803500353699,47.7902286570155,17.65685462013256,1892.4400146484375,1963.729998779297,1923.8729956054688,1931.96349609375,SHAILY.BO,2023-08-21 22:03:22.178920
228,2022-08-29 00:00:00+05:30,1876.800048828125,1957.3499755859375,1861.0,1926.800048828125,1260,0.0,0.0,2022-08-29,1963.5649963378905,61.565130194982885,2025.1301265328734,1901.9998661429076,2086.6952567278563,1840.4347359479248,-50.36812506556869,-59.69285105197778,-192451,1365.218464186234,627.3730360219978,1828.3165237992998,47.02033476091736,1915.0500081380208,1969.1000162760415,1872.750040690104,2011.3999837239583,1818.7000325520833,2065.449991861979,1776.4000651041665,-0.059021194531096076,-50.957252028052324,-10.647541975699824,2.098560191580617,-12.74610216728044,48.408783795173186,18.452145011925545,1893.160009765625,1963.5649963378905,1923.5899951171875,1933.0914965820311,SHAILY.BO,2023-08-21 22:03:22.178920
229,2022-08-26 00:00:00+05:30,1945.5,1980.0,1827.699951171875,1866.050048828125,503,0.0,0.0,2022-08-26,1964.1249938964843,61.26331244787218,2025.3883063443564,1902.8616814486122,2086.651618792229,1841.59836900074,-104.6780874107767,-100.52627370594595,-193711,527.8204739290687,442.91167898093863,1828.1571876485116,29.4774924959073,1891.25,1954.800048828125,1802.5,2043.550048828125,1738.949951171875,2107.10009765625,1650.199951171875,-0.11639846470826783,-76.51135835804115,-11.155180821418298,5.285085733400727,-16.440266554819026,40.97893535250408,19.025233381047183,1898.160009765625,1964.1249938964843,1921.0349951171875,1934.9664965820311,SHAILY.BO,2023-08-21 22:03:22.178920
230,2022-08-25 00:00:00+05:30,1941.0,1979.6500244140625,1800.0,1864.25,475,0.0,0.0,2022-08-25,1969.1874938964843,56.749441726112735,2025.936935622597,1912.4380521703715,2082.68637734871,1855.6886104442588,-162.71918514604616,-114.81627304190381,-194214,497.9580080333151,421.6844802439061,1828.1326977962294,28.69840635904326,1881.3000081380208,1962.6000162760415,1782.949991861979,2060.950032552083,1701.6499837239583,2142.250040690104,1603.2999674479165,-0.08225191729707322,-79.05802158591115,-5.65313993720315,9.395152372105484,-15.048292309308634,40.74414676431272,19.642405470870486,1930.2699951171876,1969.1874938964843,1919.7299951171874,1938.0574951171875,SHAILY.BO,2023-08-21 22:03:22.178920
231,2022-08-24 00:00:00+05:30,1914.949951171875,1964.8499755859375,1873.449951171875,1884.0999755859375,310,0.0,0.0,2022-08-24,1973.9749938964844,51.198074019134694,2025.1730679156192,1922.7769198773497,2076.3711419347537,1871.5788458582151,-167.27608982632051,-63.847443124201256,-193739,328.443443960166,402.61609829655384,1828.1106413859359,29.363370473979117,1907.4666341145833,1941.4833170572915,1850.083292643229,1998.8666585286458,1816.0666097005208,2032.883341471354,1758.6832682291665,-0.06542080462054425,-96.12937716002006,1.654070851223878,13.15722544943264,-11.503154598208763,42.474361999798596,20.300054607526043,1963.0,1973.9749938964844,1918.51099609375,1938.1429956054687,SHAILY.BO,2023-08-21 22:03:22.178920
232,2022-08-23 00:00:00+05:30,2000.050048828125,2000.050048828125,1901.300048828125,1924.5999755859375,310,0.0,0.0,2022-08-23,1977.4449951171875,46.962751853499164,2024.4077469706867,1930.4822432636884,2071.3704988241857,1883.5194914101892,-92.4202724420126,-1.4119355802007745,-193429,335.5035573579436,421.1592618806508,1828.0883176929733,62.005547471695905,1941.9833577473958,1982.6666666666665,1883.9166666666665,2040.7333577473958,1843.2333577473958,2081.4166666666665,1785.1666666666665,-0.024773714497118494,-85.95550196830108,9.029531449137266,16.033014098984832,-7.003482649847566,46.19055176783081,21.415021327876428,1982.3800048828125,1977.4449951171875,1917.3539965820312,1936.5139953613282,SHAILY.BO,2023-08-21 22:03:22.178920
233,2022-08-22 00:00:00+05:30,1888.0,2050.0,1888.0,1951.800048828125,675,0.0,0.0,2022-08-22,1978.9449951171875,45.64669815668256,2024.59169327387,1933.298296960505,2070.238391430553,1887.6515988038225,-46.89244374648494,36.07935580475622,-193119,740.8564341136781,442.57318801132755,1828.049821861258,65.70593224688429,1963.2666829427083,2038.5333658854165,1876.5333658854165,2125.266682942708,1801.2666829427083,2200.5333658854165,1714.5333658854165,0.005306039432926374,-75.51802574061895,14.346908556327207,17.78388476144672,-3.436976205119514,48.85631078020976,22.03203047637857,1982.5400146484376,1978.9449951171875,1917.2199975585938,1935.0119958496093,SHAILY.BO,2023-08-21 22:03:22.178920
234,2022-08-19 00:00:00+05:30,1980.0999755859375,2037.4000244140625,1933.1500244140625,2026.5999755859375,232,0.0,0.0,2022-08-19,1977.9999938964843,46.427209961520695,2024.427203858005,1931.5727839349636,2070.8544138195257,1885.1455739734429,14.481296950653245,91.37483160771075,-192444,264.39362392514903,368.0023764857399,1827.9422498302854,69.06283654779472,1999.0500081380208,2064.949991861979,1960.699991861979,2103.3000081380205,1894.8000081380208,2169.199991861979,1856.449991861979,0.0351655169397468,-46.716467025842526,18.25859008552402,18.643128812726598,-0.3845387272025782,57.30086946945915,22.696501867073184,1980.960009765625,1977.9999938964843,1916.6329956054688,1932.8219958496093,SHAILY.BO,2023-08-21 22:03:22.178920
235,2022-08-18 00:00:00+05:30,1999.949951171875,2050.0,1985.300048828125,2027.9000244140625,553,0.0,0.0,2022-08-18,1972.2549926757813,47.19939079444254,2019.4543834702238,1925.0556018813388,2066.6537742646665,1877.856211086896,40.61624271068176,125.99535881848789,-192212,630.6183898718231,393.9045646258876,1827.882879042822,70.44424439415354,2021.0666910807292,2056.8333333333335,1992.1333821614585,2085.7666422526045,1956.3667399088542,2121.5332845052085,1927.4334309895835,0.010387497383414298,-46.21865040746173,15.62342304318804,18.73926349452724,-3.1158404513391993,57.461152554410255,22.44016411281271,1967.0400146484376,1972.2549926757813,1914.6749951171876,1929.56099609375,SHAILY.BO,2023-08-21 22:03:22.178920
236,2022-08-17 00:00:00+05:30,1940.050048828125,1986.4000244140625,1916.0999755859375,1981.0,230,0.0,0.0,2022-08-17,1966.7749938964844,46.759196118878535,2013.5341900153628,1920.015797777606,2060.2933861342412,1873.2566016587273,-63.42943075932676,48.76400337152686,-192765,256.2166043352773,334.7261083144037,1827.7402916234842,68.3361667431787,1961.1666666666667,2006.233357747396,1935.933308919271,2031.4667154947917,1890.8666178385417,2076.533406575521,1865.633260091146,-0.016375602623597448,-64.1776770614516,11.884857050712299,19.51822360736204,-7.63336655664974,53.062817559699276,20.8482822091681,1947.0400146484376,1966.7749938964844,1912.5399951171876,1926.5629956054688,SHAILY.BO,2023-08-21 22:03:22.178920
237,2022-08-16 00:00:00+05:30,1944.050048828125,1960.0,1925.0999755859375,1925.4000244140625,233,0.0,0.0,2022-08-16,1964.1299926757813,47.403925900885845,2011.5339185766672,1916.7260667748953,2058.937844477553,1869.3221408740096,-107.35409471840265,20.33083982317871,-192995,252.2736283925256,354.3534843091853,1827.6948374810308,67.36215923168513,1936.8333333333333,1948.566691080729,1913.6666666666665,1971.7333577473958,1901.9333089192708,1983.4667154947915,1878.766642252604,-0.0435200927235311,-85.46810187431463,11.537227888235293,21.426565246524472,-9.889337358289179,47.03423677043035,19.928408525583073,1948.360009765625,1964.1299926757813,1911.4029956054687,1924.6454956054688,SHAILY.BO,2023-08-21 22:03:22.178920
238,2022-08-12 00:00:00+05:30,1926.0,2052.449951171875,1926.0,1943.9000244140625,62,0.0,0.0,2022-08-12,1965.7549926757813,46.55585281115526,2012.3108454869366,1919.199139864626,2058.8666982980917,1872.6432870534709,-41.968460963989244,68.7111544134033,-192762,67.7736029941033,379.87344828835023,1827.6654730437583,68.28377275870213,1974.1166585286458,2022.2333170572915,1895.7833658854165,2100.5666097005205,1847.6667073567708,2148.6832682291665,1769.3334147135415,-0.008772059548336507,-72.16639080899029,16.393105906281107,23.898899586096768,-7.50579367981566,48.97785089922888,19.32685010827801,1965.8699951171875,1965.7549926757813,1911.2699951171876,1923.2479956054688,SHAILY.BO,2023-08-21 22:03:22.178920
239,2022-08-11 00:00:00+05:30,1981.0,1981.0,1931.0999755859375,1957.0,251,0.0,0.0,2022-08-11,1966.577490234375,46.2939951294402,2012.8714853638153,1920.283495104935,2059.1654804932555,1873.9894999754947,-58.72254814324348,49.88710393078664,-192700,276.222789468908,457.8984096119119,1827.6561767506635,68.409378359823,1956.3666585286458,1981.633341471354,1931.7333170572915,2006.2666829427083,1906.4666341145833,2031.5333658854165,1881.833292643229,-0.0022613769681010506,-67.54803409445952,20.539751158077706,25.775348006050685,-5.235596847972978,50.34581339871885,18.655545187015942,1992.469970703125,1966.577490234375,1910.0459936523437,1921.648494873047,SHAILY.BO,2023-08-21 22:03:22.178920
240,2022-08-10 00:00:00+05:30,2046.0,2046.0,1926.949951171875,1927.9000244140625,68,0.0,0.0,2022-08-10,1965.1049926757812,47.07641805348063,2012.1814107292619,1918.0285746223005,2059.2578287827423,1870.9521565688199,-44.50158926274293,64.80617946527812,-192951,73.720518506732,503.31731464766284,1827.6142836089512,74.16839819908537,1966.9499918619792,2006.9500325520835,1887.8999837239585,2086.0000406901045,1847.8999430338542,2126.0000813802085,1768.8499348958335,-0.011886709157879129,-77.15435608081177,24.24735617792885,27.084247218043927,-2.836891040115077,47.31026255313135,19.11535638694585,2003.87998046875,1965.1049926757812,1909.198994140625,1920.0584948730468,SHAILY.BO,2023-08-21 22:03:22.178920
241,2022-08-08 00:00:00+05:30,2008.8499755859375,2058.550048828125,1986.9000244140625,1987.5999755859375,370,0.0,0.0,2022-08-08,1967.032489013672,46.254950236092526,2013.2874392497645,1920.7775387775794,2059.542389485857,1874.5225885414868,20.782229991426647,117.56071505045912,-192883,413.5477539076845,610.7165136828955,1827.6054830607748,70.79405851421905,2011.0166829427083,2035.133341471354,1963.4833170572915,2082.6667073567705,1939.3666585286458,2106.7833658854165,1891.833292643229,0.0018795072257239609,-56.28389952383838,31.492736621990616,27.793469978072693,3.699266643917923,53.54628457605729,19.610537679178062,2031.6299560546875,1967.032489013672,1908.9609936523439,1918.636494140625,SHAILY.BO,2023-08-21 22:03:22.178920
242,2022-08-05 00:00:00+05:30,2081.199951171875,2081.199951171875,2000.0,2012.949951171875,308,0.0,0.0,2022-08-05,1964.5849914550781,46.404188735833266,2010.9891801909114,1918.1808027192449,2057.3933689267446,1871.7766139834116,55.638782891160716,146.6331298491457,-192513,348.6411561252002,660.0087036266983,1827.5290509589174,74.1646816472084,2031.38330078125,2062.7666015625,1981.566650390625,2112.583251953125,1950.183349609375,2143.966552734375,1900.36669921875,0.06452691050031494,-47.42182252375047,34.41231583841545,26.868653317093212,7.54366252132224,56.481767154851276,18.55859004743907,2031.7399658203126,1964.5849914550781,1906.818994140625,1916.748994140625,SHAILY.BO,2023-08-21 22:03:22.178920
243,2022-08-04 00:00:00+05:30,2090.050048828125,2106.800048828125,2000.0,2076.89990234375,414,0.0,0.0,2022-08-04,1959.247491455078,46.68680157673878,2005.9342930318169,1912.5606898783392,2052.6210946085557,1865.8738883016006,112.1467679272505,192.47306691725603,-192205,483.51601864765894,737.8505905020728,1827.4552858163454,73.19804975637483,2061.2333170572915,2122.466634114583,2015.666585286458,2168.0333658854165,1954.4332682291665,2229.266682942708,1908.866536458333,0.05187514625210456,-25.06561198162267,35.13227472691369,24.982737686762647,10.149537040151046,64.80378053884797,17.030580824396814,2012.6899658203124,1959.247491455078,1903.1449951171876,1914.6069946289062,SHAILY.BO,2023-08-21 22:03:22.178920
244,2022-08-03 00:00:00+05:30,2118.60009765625,2148.60009765625,2005.0,2014.050048828125,337,0.0,0.0,2022-08-03,1950.0449951171875,39.92513582124215,1989.9701309384295,1910.1198592959454,2029.8952667596718,1870.194723474703,150.09437422649597,203.2435199880799,-192619,381.6762345040449,801.4342334656762,1827.3218266039669,70.59873608764433,2055.8833821614585,2106.766764322917,1963.166666666667,2199.4834798177085,1912.2832845052085,2250.366861979167,1819.566569010417,-0.007908157471953012,-47.03724029390754,29.223631828944008,22.445353426724886,6.778278402219122,59.33601155752051,15.385032430351309,1984.9099853515625,1950.0449951171875,1897.2269970703126,1911.8139953613281,SHAILY.BO,2023-08-21 22:03:22.178920
245,2022-08-02 00:00:00+05:30,2012.9000244140625,2126.14990234375,2000.0,2066.64990234375,3139,0.0,0.0,2022-08-02,1942.384991455078,41.657693055309764,1984.0426845103877,1900.7272983997684,2025.7003775656976,1859.0696053444585,253.36249843211064,230.93054983284222,-192282,3647.9862033024256,906.373733206084,1827.2404680675118,75.15168192565534,2064.2666015625,2128.533203125,2002.38330078125,2190.41650390625,1938.11669921875,2254.68310546875,1876.2333984375,-0.0002890382188401162,-22.57209145090557,27.405754422037262,20.750783826170103,6.654970595867159,67.48315360429453,13.476114483965254,1975.5599853515625,1942.384991455078,1892.4719970703125,1909.6529943847656,SHAILY.BO,2023-08-21 22:03:22.178920
246,2022-08-01 00:00:00+05:30,1940.8499755859375,1999.199951171875,1940.8499755859375,1988.1500244140625,211,0.0,0.0,2022-08-01,1934.0574951171875,30.720484342784502,1964.777979459972,1903.337010774403,1995.4984638027565,1872.6165264316185,182.15767798116565,124.12718312192149,-195421,235.89925413757453,220.97061568199865,1826.264890139156,41.792545265922776,1976.066650390625,2011.2833251953125,1952.933349609375,2034.4166259765625,1917.7166748046875,2069.63330078125,1894.5833740234375,-0.04430093431698772,-8.08630417460221,19.482793162079588,19.08704117720331,0.39575198487627716,59.842014942490266,11.680678601518387,1954.2300048828124,1934.0574951171875,1887.1189990234375,1906.8219958496093,SHAILY.BO,2023-08-21 22:03:22.178920
247,2022-07-29 00:00:00+05:30,1900.050048828125,1945.199951171875,1887.449951171875,1917.699951171875,327,0.0,0.0,2022-07-29,1930.9199951171875,27.98804909909372,1958.9080442162813,1902.9319460180936,1986.8960933153749,1874.943896919,-98.16575087340176,42.71868467394465,-195632,352.63333903996977,217.23845606810465,1826.2205356287081,38.261802631291076,1916.7832845052083,1946.1166178385415,1888.3666178385415,1974.5332845052083,1859.0332845052083,2003.8666178385415,1830.6166178385415,-0.04447889136566473,-56.89728535365581,16.774856600177372,18.98810318098424,-2.2132465808068673,50.062897598163005,11.802021440128643,1947.3,1930.9199951171875,1883.2399975585938,1904.4219958496094,SHAILY.BO,2023-08-21 22:03:22.178920
248,2022-07-28 00:00:00+05:30,1942.0,1945.0,1930.0,1938.0,101,0.0,0.0,2022-07-28,1929.5349975585937,29.32988329585481,1958.8648808544485,1900.2051142627388,1988.1947641503032,1870.8752309668841,32.23633936461772,73.29562386374842,-195305,110.07028882948553,183.38973532513836,1826.1816755257923,45.69771742373775,1937.6666666666667,1945.3333333333335,1930.3333333333335,1952.6666666666667,1922.6666666666667,1960.3333333333335,1915.3333333333335,-0.016761108267501473,-41.03166864790501,19.9919775091671,19.541414826185953,0.4505626829811469,53.55217256979053,12.100730224377878,1954.6800048828125,1929.5349975585937,1880.042998046875,1902.9224963378906,SHAILY.BO,2023-08-21 22:03:22.178920
249,2022-07-27 00:00:00+05:30,1941.9000244140625,1969.949951171875,1941.9000244140625,1967.300048828125,115,0.0,0.0,2022-07-27,1927.4274963378907,30.191313006332802,1957.6188093442236,1897.2361833315579,1987.8101223505564,1867.044870325225,137.67086168676892,109.47210397604566,-195204,127.22234684991602,201.71959694905152,1826.1670023489241,56.24130869411176,1959.7166748046875,1977.5333251953125,1949.4833984375,1987.7666015625,1931.666748046875,2005.583251953125,1921.4334716796875,-0.010782910505372249,-18.132051602513343,21.808711174585824,19.428774155440664,2.37993701914516,59.070069635125826,12.423111578023386,1953.660009765625,1927.4274963378907,1876.4149975585938,1901.3514965820314,SHAILY.BO,2023-08-21 22:03:22.178920
250,2022-07-26 00:00:00+05:30,1910.0,1960.0,1910.0,1960.0,40,0.0,0.0,2022-07-26,1923.0624938964843,30.433079544266498,1953.4955734407508,1892.6294143522177,1983.9286529850174,1862.1963348079512,77.22997297252006,86.83851827137379,-195319,44.0870482186988,220.34390947383537,1826.145912122179,60.8796690536202,1943.3333333333333,1976.6666666666665,1926.6666666666665,1993.3333333333333,1893.3333333333333,2026.6666666666665,1876.6666666666665,-0.013631367049240065,-23.837445595449577,20.91863490444166,18.83378990065437,2.08484500378729,58.07056204275085,12.382422598104782,1942.539990234375,1923.0624938964843,1873.0779956054687,1899.6204956054687,SHAILY.BO,2023-08-21 22:03:22.178920
251,2022-07-25 00:00:00+05:30,1932.9000244140625,1969.6500244140625,1864.949951171875,1953.5,149,0.0,0.0,2022-07-25,1915.9549926757813,37.19948886212191,1953.1544815379032,1878.7555038136595,1990.3539704000252,1841.5560149515375,-28.112773031892857,69.19578318304073,-195359,163.67963336210443,264.4081247876195,1826.1389543709493,55.92724846340974,1929.3666585286458,1993.7833658854165,1889.083292643229,2034.0667317708333,1824.6665852864583,2098.483439127604,1784.3832194010415,-0.01784506447146763,-27.92452830188679,20.181062747641363,18.312578649707547,1.8684840979338162,57.20653292441467,12.590672878533859,1934.2,1915.9549926757813,1869.9239965820314,1897.59349609375,SHAILY.BO,2023-08-21 22:03:22.178920
252,2022-07-22 00:00:00+05:30,1956.0,1958.25,1882.5999755859375,1954.5999755859375,88,0.0,0.0,2022-07-22,1909.3299926757813,41.688852491777006,1951.0188451675583,1867.6411401840044,1992.7076976593353,1825.9522876922274,-10.610967930083516,70.54096694626503,-195210,96.72428337665019,289.5902476439983,1826.1142891931963,60.291907116617246,1931.816650390625,1981.0333251953125,1905.38330078125,2007.4666748046875,1856.1666259765625,2056.683349609375,1829.7332763671875,-0.00812187815546356,-27.094358048349058,19.57112471737969,17.84545762522409,1.7256670921556,57.392381067361555,12.814942411303635,1929.1199951171875,1909.3299926757813,1865.1119970703126,1895.1739965820314,SHAILY.BO,2023-08-21 22:03:22.178920
253,2022-07-21 00:00:00+05:30,1915.8499755859375,1986.0,1862.550048828125,1932.9000244140625,659,0.0,0.0,2022-07-21,1902.0374938964844,45.8972541459355,1947.9347480424199,1856.140239750549,1993.8320021883553,1810.2429856046135,-30.830793457045026,65.60997719301348,-195298,716.2914475137482,337.80673871083525,1826.0995915241797,61.115419033742015,1927.1500244140625,1991.75,1868.300048828125,2050.5999755859375,1803.7000732421875,2115.199951171875,1744.85009765625,-0.020272670098804672,-30.339732943428423,18.385356087333093,17.414040852185188,0.9713152351479053,54.69632845159422,12.54102195718995,1929.7800048828126,1902.0374938964844,1858.2099975585938,1892.522996826172,SHAILY.BO,2023-08-21 22:03:22.178920
254,2022-07-20 00:00:00+05:30,1918.6500244140625,1939.0,1885.75,1911.699951171875,389,0.0,0.0,2022-07-20,1895.2424926757812,50.87732372911894,1946.1198164049001,1844.3651689466624,1996.9971401340192,1793.4878452175433,-97.29592258730762,47.05701077191728,-195957,418.1809934132965,243.18556151010696,1826.0080239600175,43.68872317772999,1912.1499837239583,1938.5499674479165,1885.2999674479165,1965.3999837239583,1858.8999837239583,1991.7999674479165,1832.0499674479165,-0.07123544044183165,-41.506483519380474,18.725763319013367,17.171212043398214,1.5545512756151538,51.937404278238944,12.246030698913673,1935.2699951171876,1895.2424926757812,1851.3339965820312,1890.9029968261718,SHAILY.BO,2023-08-21 22:03:22.178920
255,2022-07-19 00:00:00+05:30,1926.6500244140625,1943.0,1909.1500244140625,1918.300048828125,70,0.0,0.0,2022-07-19,1890.3499938964844,53.830485560974466,1944.180479457459,1836.51950833551,1998.0109650184334,1782.6890227745355,-19.060349112608574,63.99797233225864,-195568,75.51088102733732,199.43670353430954,1825.9646336657274,53.114468399716934,1923.4833577473958,1937.816691080729,1903.9667154947915,1957.3333333333333,1889.6333821614583,1971.6666666666665,1870.116739908854,-0.03831938355482612,-38.03000287413414,20.965750043744038,16.782574224494425,4.1831758192496125,52.86813433803683,12.977960138705477,1938.4400146484375,1890.3499938964844,1847.1619970703125,1889.6809973144532,SHAILY.BO,2023-08-21 22:03:22.178920
256,2022-07-18 00:00:00+05:30,1903.1500244140625,1955.449951171875,1903.0999755859375,1928.0999755859375,412,0.0,0.0,2022-07-18,1885.4849914550782,55.541143330412154,1941.0261347854903,1829.9438481246661,1996.5672781159026,1774.4027047942539,13.564290806207353,73.02734729428715,-195498,446.7059372038422,230.41815916105259,1825.956219539868,56.08664647025257,1928.88330078125,1954.6666259765625,1902.316650390625,1981.2332763671875,1876.5333251953125,2007.0166015625,1849.9666748046875,-0.011915946297392043,-31.901856954295397,22.865939338143562,15.736780269682022,7.12915906846154,54.20750371423399,13.121436025428105,1948.0699951171875,1885.4849914550782,1848.8599951171875,1888.4524963378906,SHAILY.BO,2023-08-21 22:03:22.178920
257,2022-07-15 00:00:00+05:30,1961.1500244140625,1973.050048828125,1884.050048828125,1957.9000244140625,63,0.0,0.0,2022-07-15,1876.8474914550782,61.66057804171354,1938.5080694967917,1815.1869134133647,2000.1686475385052,1753.5263353716512,54.98842765566895,87.64102584104077,-195086,69.3627049155008,176.34621465035517,1825.90140639889,63.58070538177705,1938.3333740234375,1992.61669921875,1903.61669921875,2027.3333740234375,1849.3333740234375,2081.61669921875,1814.61669921875,-0.0691448796326165,-16.6666562653095,23.9871595216714,13.954490502566635,10.032669019104766,58.38393403772285,13.275948518821705,1950.1800048828125,1876.8474914550782,1851.7029956054687,1887.0914965820311,SHAILY.BO,2023-08-21 22:03:22.178920
258,2022-07-14 00:00:00+05:30,1954.0999755859375,1990.5,1926.050048828125,1960.3499755859375,75,0.0,0.0,2022-07-14,1874.294989013672,59.13358711871847,1933.4285761323904,1815.1614018949535,1992.5621632511088,1756.0278147762351,130.1347261175918,115.64432260683846,-195023,82.67797566886055,203.09209208406875,1825.8905740853606,66.94905079828317,1958.9666748046875,1991.88330078125,1927.433349609375,2023.4166259765625,1894.5167236328125,2056.333251953125,1862.9833984375,-0.0676509119358838,-15.414124835008472,22.124366015665373,11.446323247790442,10.678042767874931,58.72936900987254,13.442346588630198,1939.839990234375,1874.294989013672,1852.56099609375,1885.0669958496094,SHAILY.BO,2023-08-21 22:03:22.178920
259,2022-07-13 00:00:00+05:30,1941.4000244140625,1972.449951171875,1907.949951171875,1927.550048828125,159,0.0,0.0,2022-07-13,1866.2299926757812,57.762808274777086,1923.9928009505584,1808.467184401004,1981.7556092253353,1750.704376126227,94.69101151489137,93.18460343556771,-195098,172.34462652443727,233.19562118787078,1825.8774367842057,66.8812682219601,1935.9833170572917,1964.0166829427085,1899.5166829427085,2000.4833170572917,1871.4833170572917,2028.5166829427085,1835.0166829427085,-0.17397900919886253,-26.40101572541774,19.16292510823564,8.776812555821708,10.386112552413932,55.452823478613546,12.486273316523787,1926.339990234375,1866.2299926757812,1853.6399975585937,1883.2624963378905,SHAILY.BO,2023-08-21 22:03:22.178920
260,2022-07-12 00:00:00+05:30,1926.050048828125,1978.9000244140625,1896.8499755859375,1966.449951171875,52,0.0,0.0,2022-07-12,1859.8924926757813,57.63403075320469,1917.5265234289861,1802.2584619225765,1975.1605541821907,1744.624431169372,160.66411597079184,111.44967004718232,-194939,57.50176834799186,248.40836985372914,1825.8563725929114,64.28558305063316,1947.3999837239583,1997.949991861979,1915.899943033854,2029.4500325520833,1865.3499348958333,2080.000040690104,1833.849894205729,-0.18373604815504171,-6.401065934286632,18.311331807322404,6.180284417718225,12.131047389604179,60.76563237632714,11.775823773335183,1912.9999755859376,1859.8924926757813,1855.8079956054687,1881.74849609375,SHAILY.BO,2023-08-21 22:03:22.178920
261,2022-07-11 00:00:00+05:30,1933.8499755859375,1939.949951171875,1908.6500244140625,1938.6500244140625,96,0.0,0.0,2022-07-11,1851.7349975585937,53.12808095047805,1904.8630785090718,1798.6069166081156,1957.9911594595499,1745.4788356576375,127.70294688384334,95.62849311313302,-194991,104.65635563941761,296.13502023016343,1825.8468459049443,66.81365776119668,1929.0833333333333,1949.516642252604,1918.2167154947915,1960.3832600911458,1897.7834065755208,1980.8165690104165,1886.916788736979,-0.07534888945641698,-9.569785146216462,13.112538913854905,3.1475225703171796,9.965016343537727,58.10180318108456,11.010724265285917,1899.72998046875,1851.7349975585937,1857.1919970703125,1879.63599609375,SHAILY.BO,2023-08-21 22:03:22.178920
262,2022-07-08 00:00:00+05:30,1942.0,1955.0,1895.0,1906.199951171875,467,0.0,0.0,2022-07-08,1846.1149963378907,49.25382253773288,1895.3688188756237,1796.8611738001578,1944.6226414133564,1747.607351262425,98.14845137882936,87.43728960204193,-195087,500.58783824692114,344.0046863778499,1825.8327328830915,66.71245639837852,1918.7333170572917,1942.4666341145835,1882.4666341145835,1978.7333170572917,1858.7333170572917,2002.4666341145835,1822.4666341145835,-0.0950439796923497,-25.99203665945406,8.995705361035334,0.6562684844327484,8.339436876602585,54.77354104066866,10.886765056174244,1897.07998046875,1846.1149963378907,1858.7949975585936,1877.6314953613282,SHAILY.BO,2023-08-21 22:03:22.178920
263,2022-07-07 00:00:00+05:30,1948.9000244140625,1949.0,1877.199951171875,1892.8499755859375,458,0.0,0.0,2022-07-07,1846.7,50.06778853650759,1896.7677885365076,1796.6322114634925,1946.8355770730152,1746.564422926985,80.39086505289839,77.47658525402935,-195554,487.50225778245397,304.85889841058207,1825.783790212802,54.395127169493726,1906.3499755859375,1935.5,1863.699951171875,1978.1500244140625,1834.5499267578125,2007.300048828125,1791.89990234375,-0.06317259051845327,-25.875587287586406,6.784452868609833,-1.4285907347178979,8.21304360332773,53.358138575084666,10.753270523284751,1893.839990234375,1846.7,1861.9949975585937,1876.863995361328,SHAILY.BO,2023-08-21 22:03:22.178920
264,2022-07-06 00:00:00+05:30,1906.050048828125,1948.8499755859375,1858.0,1860.8499755859375,254,0.0,0.0,2022-07-06,1848.179998779297,51.90746445561956,1900.0874632349164,1796.2725343236775,1951.994927690536,1744.3650698680578,61.73232027439998,63.32456793706308,-196012,265.79085689746313,259.19805856761405,1825.7437108888814,47.892627819630874,1889.2333170572917,1920.4666341145835,1829.616658528646,1980.0832926432292,1798.3833414713542,2011.316609700521,1738.7666829427085,-0.005712628074837989,-40.581051375366954,5.165355184216423,-3.4818516355498303,8.647206819766254,49.86589387086356,10.714918744679803,1894.439990234375,1848.179998779297,1867.06099609375,1876.5064953613282,SHAILY.BO,2023-08-21 22:03:22.178920
265,2022-07-05 00:00:00+05:30,1900.699951171875,1911.800048828125,1890.1500244140625,1900.0999755859375,147,0.0,0.0,2022-07-05,1851.5724975585938,54.90952650529983,1906.4820240638937,1796.6629710532939,1961.3915505691934,1741.7534445479941,94.00745594439877,79.2657947778878,-195758,157.06837358251056,257.5498589851518,1825.732071944215,38.00943539670839,1900.683349609375,1911.2166748046875,1889.566650390625,1922.3333740234375,1879.0333251953125,1932.86669921875,1867.9166259765625,0.028126278178181644,-18.516754338731722,6.1656717067098725,-5.643653340491393,11.809325047201266,54.51477002608403,10.67610357073067,1898.2699951171876,1851.5724975585938,1872.7209985351562,1876.54099609375,SHAILY.BO,2023-08-21 22:03:22.178920
266,2022-07-04 00:00:00+05:30,1833.0,1938.300048828125,1800.6500244140625,1925.4000244140625,163,0.0,0.0,2022-07-04,1852.625,56.07796584433707,1908.702965844337,1796.547034155663,1964.7809316886742,1740.4690683113258,96.35372232716891,59.52959573369526,-195611,176.4832679312518,282.6702303358121,1825.717800054698,38.50861217266107,1888.11669921875,1975.5833740234375,1837.933349609375,2025.7667236328125,1750.4666748046875,2113.2333984375,1700.2833251953125,0.029609262062149703,-6.253039922840693,3.487430410406205,-8.59598460229171,12.083415012697914,57.736514620174475,11.256764063055197,1881.8199951171875,1852.625,1879.277998046875,1875.7674963378906,SHAILY.BO,2023-08-21 22:03:22.178920
267,2022-07-01 00:00:00+05:30,1906.949951171875,1909.0999755859375,1858.5999755859375,1890.0,537,0.0,0.0,2022-07-01,1852.5625,55.99322027827585,1908.5557202782759,1796.5692797217241,1964.5489405565518,1740.5760594434482,125.99010234616856,49.67069563343431,-195774,570.7304572526017,309.2169709369522,1825.6965834271564,18.22503306128911,1885.8999837239583,1913.199991861979,1862.699991861979,1936.3999837239583,1835.3999837239583,1963.699991861979,1812.199991861979,0.1168144046031434,-17.277486910994764,-2.4860413673345647,-11.616838355466188,9.130796988131623,54.22141755503616,11.882090747096997,1860.939990234375,1852.5625,1884.4979956054688,1875.2224963378906,SHAILY.BO,2023-08-21 22:03:22.178920
268,2022-06-30 00:00:00+05:30,1860.0,1923.0,1860.0,1895.8499755859375,233,0.0,0.0,2022-06-30,1854.0,57.35735819840328,1911.3573581984033,1796.6426418015967,1968.7147163968066,1739.2852836031934,151.2836920884656,51.08282421744705,-195237,248.40186255554522,243.83859935803974,1825.6514618783783,19.207220537965625,1892.9499918619792,1925.8999837239585,1862.8999837239585,1955.9499918619792,1829.9499918619792,1988.8999837239585,1799.8999837239585,0.10910774075631316,-14.21467246809555,-6.609862051581786,-13.899537602499091,7.2896755509173055,54.92237105910434,11.443715167842797,1844.689990234375,1854.0,1889.5249975585937,1875.1939965820313,SHAILY.BO,2023-08-21 22:03:22.178920
269,2022-06-29 00:00:00+05:30,1810.050048828125,1900.0,1794.9000244140625,1880.0,129,0.0,0.0,2022-06-29,1853.3424987792969,56.926122407222174,1910.268621186519,1796.4163763720746,1967.1947435937411,1739.4902539648526,138.0440407931613,16.04760584026804,-195470,136.37743538263814,242.69778355866336,1825.6300826637166,16.75529866131214,1858.3000081380208,1921.699991861979,1816.6000162760415,1963.3999837239583,1753.2000325520833,2026.7999674479165,1711.500040690104,0.10705392218536473,-24.509072614539345,-12.365586704247107,-15.721956490228417,3.3563697859813093,53.40696845517576,10.943091376679442,1824.9199951171875,1853.3424987792969,1893.4539990234375,1874.9399963378905,SHAILY.BO,2023-08-21 22:03:22.178920
270,2022-06-28 00:00:00+05:30,1810.050048828125,1820.0,1810.0,1817.8499755859375,36,0.0,0.0,2022-06-28,1855.075,58.29103205949015,1913.3660320594902,1796.78396794051,1971.6570641189803,1738.4929358810198,10.76768595470129,-23.354307459824692,-195599,36.80065080368158,269.2778706026696,1825.620913504209,14.433589995059961,1815.9499918619792,1821.8999837239585,1811.8999837239585,1825.9499918619792,1805.9499918619792,1831.8999837239585,1801.8999837239585,0.09049735220136541,-56.21017383107042,-17.986318600268532,-16.561048936723743,-1.425269663544789,46.90836140614946,10.72297278343264,1811.689990234375,1855.075,1897.3439990234374,1874.5914965820311,SHAILY.BO,2023-08-21 22:03:22.178920
271,2022-06-27 00:00:00+05:30,1821.8499755859375,1821.8499755859375,1808.75,1821.0,170,0.0,0.0,2022-06-27,1859.9825012207032,59.11786877897673,1919.10036999968,1800.8646324417264,1978.2182387786565,1741.7467636627498,23.94190408584191,-25.20244047245904,-195563,174.08198363600238,327.39717555241657,1825.621279248474,14.400804378518046,1817.1999918619792,1825.6499837239585,1812.550008138021,1830.2999674479167,1804.1000162760417,1838.749959309896,1799.4500325520835,0.10697977474364677,-57.21153846153846,-18.789202962724858,-16.204731520837544,-2.584471441887313,47.218313459084406,11.316084007152279,1812.3199951171875,1859.9825012207032,1902.2599975585938,1875.3119970703126,SHAILY.BO,2023-08-21 22:03:22.178920
272,2022-06-24 00:00:00+05:30,1814.8499755859375,1821.5999755859375,1784.4000244140625,1808.75,75,0.0,0.0,2022-06-24,1862.957501220703,58.547257396835185,1921.5047586175383,1804.4102438238679,1980.0520160143735,1745.8629864270326,-37.08869484680772,-37.09115562308777,-195733,76.2842300372176,365.7259735315201,1825.6223065767765,13.487603371576881,1804.9166666666667,1825.433308919271,1788.233357747396,1842.1166178385417,1767.7167154947917,1862.633260091146,1751.033406575521,0.05546378946750666,-63.44366856405277,-19.842683028728516,-15.558613660365713,-4.284069368362802,45.92811470439488,11.954819171158045,1799.189990234375,1862.957501220703,1907.0609985351562,1876.0059973144532,SHAILY.BO,2023-08-21 22:03:22.178920
273,2022-06-23 00:00:00+05:30,1794.6500244140625,1825.0,1785.0,1797.0,297,0.0,0.0,2022-06-23,1863.9825012207032,57.72191756265339,1921.7044187833565,1806.2605836580499,1979.42633634601,1748.5386660953964,-50.51783940262758,-41.85634453111102,-195808,300.12314308359083,438.08640940509565,1825.6239614946119,9.380062046463024,1802.3333333333333,1819.6666666666665,1779.6666666666665,1842.3333333333333,1762.3333333333333,1859.6666666666665,1739.6666666666665,0.08981345030398441,-69.04024047769941,-19.684370643100692,-14.487596318275013,-5.196774324825679,44.72468231209872,12.638519840605335,1818.8099853515625,1863.9825012207032,1912.9339965820313,1876.5519970703126,SHAILY.BO,2023-08-21 22:03:22.178920
274,2022-06-22 00:00:00+05:30,1825.25,1825.300048828125,1784.1500244140625,1813.8499755859375,303,0.0,0.0,2022-06-22,1863.1825012207032,58.79993538044599,1921.9824366011492,1804.3825658402573,1980.7823719815951,1745.5826304598113,-48.41030242392113,-41.61794902845536,-195511,309.0572611549527,472.5772259854718,1825.6350838206808,10.277354489272554,1807.7666829427083,1831.383341471354,1790.2333170572915,1848.9167073567708,1766.6166585286458,1872.5333658854165,1749.083292643229,0.11272053534504514,-61.55473640211986,-18.026237806303243,-13.188402737068593,-4.83783506923465,46.09064982753903,13.383563222947258,1819.2199951171874,1863.1825012207032,1920.4049975585938,1876.5259973144532,SHAILY.BO,2023-08-21 22:03:22.178920
275,2022-06-21 00:00:00+05:30,1767.25,1825.300048828125,1767.25,1821.0,92,0.0,0.0,2022-06-21,1861.3050048828125,61.015778033837435,1922.32078291665,1800.289226848975,1983.3365609504874,1739.2734488151375,-61.07506261080398,-47.03623128757157,-195208,94.20907349713072,513.4572171931015,1825.6397574884213,6.724438027581613,1804.5166829427083,1841.7833658854165,1783.7333170572915,1862.5667317708333,1746.4666341145833,1899.8334147135415,1725.6832682291665,0.08431549915660891,-58.19634110191236,-17.289667788013958,-11.978943969759928,-5.310723818254029,46.652066683752885,14.185917634700097,1816.610009765625,1861.3050048828125,1927.33599609375,1877.320498046875,SHAILY.BO,2023-08-21 22:03:22.178920
276,2022-06-20 00:00:00+05:30,1880.050048828125,1880.050048828125,1732.0,1755.3499755859375,376,0.0,0.0,2022-06-20,1860.2050048828125,61.97146984797866,1922.1764747307911,1798.233535034834,1984.14794457877,1736.2620651868551,-93.81891066946126,-59.46491465965048,-195300,371.1474850688166,618.2692531170942,1825.6403162377785,6.899705165021544,1789.1333414713542,1846.2666829427085,1698.2166341145835,1937.1833902994792,1641.0832926432292,1994.3167317708335,1550.1665852864585,0.09125260769568247,-90.9126366907466,-16.788839369195102,-10.651263015196422,-6.13757635399868,40.46970106309581,15.04999161658777,1813.07001953125,1860.2050048828125,1935.15599609375,1878.160498046875,SHAILY.BO,2023-08-21 22:03:22.178920
277,2022-06-17 00:00:00+05:30,1806.949951171875,1921.0,1796.8499755859375,1906.8499755859375,62,0.0,0.0,2022-06-17,1862.1475036621093,59.051905064703085,1921.1994087268124,1803.0955985974063,1980.2513137915155,1744.0436935327032,6.797410641720674,-13.766993738705354,-194924,66.48186202561065,680.0496951291636,1825.6749285986766,7.051566327443311,1874.8999837239583,1952.949991861979,1828.7999674479165,1999.0500081380208,1750.7499593098958,2077.1000162760415,1704.649943033854,0.11975343052916282,-35.426095182713055,-9.427718165394936,-9.116868926696752,-0.31084923869818404,53.839764027518406,15.980532827851418,1827.2500244140624,1862.1475036621093,1940.0539965820312,1880.0159985351563,SHAILY.BO,2023-08-21 22:03:22.178920
278,2022-06-16 00:00:00+05:30,1799.949951171875,1834.0,1790.0,1799.050048828125,1029,0.0,0.0,2022-06-16,1854.6975036621093,62.418382797623636,1917.115886459733,1792.2791208644855,1979.5342692573565,1729.860738066862,-92.05403648777026,-53.39404971097005,-194986,1041.0068320383111,833.4416534050517,1825.668336901716,11.610550511180605,1807.683349609375,1825.36669921875,1781.36669921875,1851.683349609375,1763.683349609375,1869.36669921875,1737.36669921875,0.11451774936005843,-90.32926686164068,-14.78086271256916,-9.039156617022206,-5.741706095546954,40.95000623096229,16.659651973270275,1829.4600341796875,1854.6975036621093,1942.592998046875,1879.947999267578,SHAILY.BO,2023-08-21 22:03:22.178920
279,2022-06-15 00:00:00+05:30,1806.800048828125,1850.050048828125,1789.8499755859375,1800.800048828125,184,0.0,0.0,2022-06-15,1852.575,65.07543034598373,1917.6504303459838,1787.4995696540163,1982.7258606919675,1722.4241393080326,-115.41703840102616,-53.23858052609226,-193957,186.32806606665065,781.5503587467368,1825.7042592063221,18.92719756687592,1813.5666910807292,1837.283406575521,1777.0833333333335,1873.7667643229167,1753.3666178385417,1897.4834798177085,1716.883260091146,0.18694246849995114,-73.9828711680133,-10.793897979203848,-7.603730093135468,-3.19016788606838,41.123106304935085,17.426825607385894,1854.1400146484375,1852.575,1948.897998046875,1881.405499267578,SHAILY.BO,2023-08-21 22:03:22.178920
280,2022-06-14 00:00:00+05:30,1808.449951171875,1840.949951171875,1757.199951171875,1803.300048828125,3401,0.0,0.0,2022-06-14,1852.5574951171875,65.0901359159785,1917.647631033166,1787.467359201209,1982.7377669491445,1722.3772232852305,-188.4589113814936,-63.05960203724221,-193773,3448.8125162601386,930.3559319167584,1825.7102704469078,16.56556235633606,1800.4833170572917,1843.7666829427085,1760.0166829427085,1884.2333170572917,1716.7333170572917,1927.5166829427085,1676.2666829427085,0.2039046698745175,-73.50758599691065,-5.698179525437581,-6.806188121618373,1.1080085961807917,41.354999807903845,18.253012597971946,1879.7199951171874,1852.5574951171875,1956.3849951171876,1882.4039990234376,SHAILY.BO,2023-08-21 22:03:22.178920
281,2022-06-13 00:00:00+05:30,1846.050048828125,1865.699951171875,1811.050048828125,1826.25,202,0.0,0.0,2022-06-13,1852.5074951171875,65.13033692456051,1917.637832041748,1787.3771581926271,1982.7681689663086,1722.2468212680665,-220.8063171523866,-48.065861883171564,-190372,207.4467130803385,300.74178583091333,1825.8107015494581,33.19785099559087,1834.3333333333333,1857.6166178385415,1802.9667154947915,1888.9832356770833,1779.6834309895833,1912.2665201822915,1748.3168131510415,0.24850468822048366,-69.14447740910171,0.6660081846944195,-7.083190270663571,7.74919845535799,43.4432522422626,19.030934062441034,1903.289990234375,1852.5074951171875,1957.7749951171875,1883.3619982910157,SHAILY.BO,2023-08-21 22:03:22.178920
282,2022-06-10 00:00:00+05:30,1903.300048828125,1928.050048828125,1903.300048828125,1917.9000244140625,47,0.0,0.0,2022-06-10,1846.8399963378906,72.09483299547274,1918.9348293333633,1774.745163342418,1991.0296623288361,1702.650330346945,0.3574449021972128,-7.5555637737017705,-190170,50.689590436025014,324.06555401855707,1825.810584588181,33.14649369032034,1916.4167073567708,1929.5333658854165,1904.7833658854165,1941.1667073567708,1891.6667073567708,1954.2833658854165,1880.0333658854165,0.30465906657785735,-51.72051839502139,6.543783498395214,-9.020489884503068,15.564273382898282,53.452121497820315,20.440546829046262,1922.8699951171875,1846.8399963378906,1955.673994140625,1883.9514978027344,SHAILY.BO,2023-08-21 22:03:22.178920
283,2022-06-09 00:00:00+05:30,1877.4000244140625,1925.0,1856.3499755859375,1922.449951171875,231,0.0,0.0,2022-06-09,1831.4199951171875,87.4434709027289,1918.8634660199164,1743.9765242144585,2006.3069369226453,1656.5330533117296,-3.5816418698081605,-17.68425247125248,-190123,249.7249769595123,392.40954491419006,1825.8048794567414,33.118277102556476,1901.2666422526042,1946.183308919271,1877.5332845052085,1969.9166666666667,1832.6166178385417,2014.8333333333335,1808.883260091146,0.16379208672694487,-50.85551330798479,4.943830041090905,-12.911558230227637,17.855388271318542,54.02591958759223,20.938641904689966,1923.039990234375,1831.4199951171875,1952.803994140625,1883.707998046875,SHAILY.BO,2023-08-21 22:03:22.178920
284,2022-06-08 00:00:00+05:30,1891.25,1940.0,1891.199951171875,1928.699951171875,48,0.0,0.0,2022-06-08,1814.7524963378905,100.04138094386691,1914.7938772817574,1714.7111153940236,2014.8352582256243,1614.6697344501567,42.8613421828784,-11.099898408990553,-189892,52.05960474288766,428.0806869028595,1825.7754432451882,33.94068969233494,1919.9666341145833,1948.7333170572915,1899.9332682291665,1968.7666829427083,1871.1665852864583,1997.5333658854165,1851.1332194010415,0.06117082368792947,-49.667300380228134,2.3723994182259958,-17.375405298057274,19.74780471628327,54.77593097287649,21.50521018292072,1915.089990234375,1814.7524963378905,1949.01099609375,1883.5539990234374,SHAILY.BO,2023-08-21 22:03:22.178920
285,2022-06-07 00:00:00+05:30,1941.949951171875,1941.949951171875,1901.1500244140625,1921.1500244140625,96,0.0,0.0,2022-06-07,1803.4724975585937,99.23252215188593,1902.7050197104795,1704.2399754067078,2001.9375418623656,1605.0074532548217,51.55380954148286,-13.174747530879525,-189940,103.71163317758837,522.0859574428524,1825.7689287953133,31.67150024101734,1921.4166666666667,1941.683308919271,1900.8833821614585,1962.2165934244792,1880.6167399088542,1982.4832356770835,1860.083455403646,-0.07413992658574468,-51.10264767258793,-1.571286749203182,-22.312356477128088,20.741069727924906,54.06055611480536,21.671505682123414,1912.2800048828126,1803.4724975585937,1944.4469970703126,1883.217999267578,SHAILY.BO,2023-08-21 22:03:22.178920
286,2022-06-06 00:00:00+05:30,1875.0,1940.0,1875.0,1924.1500244140625,1987,0.0,0.0,2022-06-06,1807.5749938964843,105.83035617535405,1913.4053500718385,1701.7446377211302,2019.2357062471924,1595.9142815457762,51.24952916204997,-19.391711014725065,-189844,2149.9668186087238,626.6795385091684,1825.7568532645312,29.1660739706371,1913.0500081380208,1951.1000162760415,1886.1000162760415,1978.0500081380208,1848.0500081380208,2016.1000162760415,1821.1000162760415,-0.0851434954164939,-50.532305467264734,-5.853039332123899,-27.49762390910931,21.644584576985412,54.37793377833779,21.725252522718197,1911.25,1807.5749938964843,1940.58599609375,1883.1404992675782,SHAILY.BO,2023-08-21 22:03:22.178920
287,2022-06-03 00:00:00+05:30,1915.449951171875,1944.9000244140625,1887.9000244140625,1918.75,48,0.0,0.0,2022-06-03,1814.8799926757813,118.575399601808,1933.4553922775892,1696.3045930739734,2052.0307918793974,1577.7291934721652,65.6247073261678,-18.705762507301706,-191831,51.79103496099694,245.85771848427956,1825.4983446374401,56.037572593830255,1917.183349609375,1946.4666748046875,1889.4666748046875,1974.183349609375,1860.183349609375,2003.4666748046875,1832.4666748046875,-0.12400594142025984,-51.55892607830323,-11.541752270376492,-32.90877005335566,21.36701778297917,53.92582678789799,21.798275040688658,1902.5199951171876,1814.8799926757813,1937.8879956054689,1883.114998779297,SHAILY.BO,2023-08-21 22:03:22.178920
288,2022-06-02 00:00:00+05:30,1900.050048828125,1923.050048828125,1840.050048828125,1882.699951171875,143,0.0,0.0,2022-06-02,1818.9824951171875,123.66828737783372,1942.650782495021,1695.3142077393538,2066.319069872855,1571.64592036152,47.1355360497689,-36.311149380565745,-191879,151.39520082395225,294.37438936510017,1825.4924257842472,63.01566520016798,1881.933349609375,1923.816650390625,1840.816650390625,1964.933349609375,1798.933349609375,2006.816650390625,1757.816650390625,-0.12350215643050456,-52.52586129539161,-18.11833306311246,-38.25052449910045,20.13219143598799,50.91014993129819,21.73255506884735,1884.6199951171875,1818.9824951171875,1935.22599609375,1882.5119982910155,SHAILY.BO,2023-08-21 22:03:22.178920
289,2022-06-01 00:00:00+05:30,1949.25,1988.949951171875,1902.050048828125,1914.6500244140625,100,0.0,0.0,2022-06-01,1825.5625,130.54665712681745,1956.1091571268175,1695.0158428731825,2086.655814253635,1564.4691857463652,115.72281824554713,-15.017702047301945,-191736,107.66743360749442,330.1191865003871,1825.4816061866152,75.1136893851712,1935.2166748046875,1968.38330078125,1881.4833984375,2022.1165771484375,1848.3167724609375,2055.283203125,1794.58349609375,-0.09853545481651453,-45.134838723880314,-22.713445586449552,-43.283572358097445,20.570126771647892,53.80855790200927,21.810829738098654,1864.2800048828126,1825.5625,1933.25099609375,1882.9594982910157,SHAILY.BO,2023-08-21 22:03:22.178920
290,2022-05-31 00:00:00+05:30,1856.0,1917.0,1841.0,1916.0,189,0.0,0.0,2022-05-31,1831.6274963378905,137.53406717601376,1969.1615635139042,1694.0934291618769,2106.6956306899183,1556.559361985863,115.32059554132223,-36.10356033194961,-191636,203.63492664729705,385.73212472361024,1825.469811391096,53.137602816366744,1891.3333333333333,1941.6666666666665,1865.6666666666665,1967.3333333333333,1815.3333333333333,2017.6666666666665,1789.6666666666665,-0.0965422117839723,-39.70577151379937,-31.399037082052246,-48.42610405100942,17.027066968957172,53.92902151998349,21.238889843475555,1836.610009765625,1831.6274963378905,1930.9179956054688,1883.1934985351563,SHAILY.BO,2023-08-21 22:03:22.178920
291,2022-05-30 00:00:00+05:30,2189.89990234375,2189.949951171875,1826.199951171875,1880.5,435,0.0,0.0,2022-05-30,1837.6099975585937,143.85435602807925,1981.464353586673,1693.7556415305144,2125.318709614752,1549.9012855024353,319.04536978485015,-2.3396781790723957,-191825,459.99970620203385,431.2564242426885,1825.4471731244876,42.67502016939821,1965.5499674479167,2104.8999837239585,1741.1499837239585,2329.299967447917,1601.7999674479167,2468.6499837239585,1377.3999837239585,-0.10136216569772336,-44.851072262020814,-42.1764353487938,-52.68287079324871,10.506435444454908,51.26488519370704,21.071600981497244,1813.210009765625,1837.6099975585937,1928.3119946289062,1882.4734985351563,SHAILY.BO,2023-08-21 22:03:22.178920
292,2022-05-27 00:00:00+05:30,1809.1500244140625,1853.949951171875,1663.949951171875,1829.25,519,0.0,0.0,2022-05-27,1844.525,149.2474766446572,1993.7724766446572,1695.277523355343,2143.0199532893143,1546.0300467106856,30.03672388016526,-76.96313235916183,-192260,533.8698329483984,424.07060375285215,1825.4154696508563,35.64128901757212,1782.38330078125,1900.816650390625,1710.816650390625,1972.38330078125,1592.38330078125,2090.816650390625,1520.816650390625,-0.1421502282968148,-42.62936817807847,-51.83952198804968,-55.309479654362434,3.4699576663127516,47.16950197672451,20.891443745520604,1795.95,1844.525,1926.678994140625,1882.1344982910157,SHAILY.BO,2023-08-21 22:03:22.178920
293,2022-05-26 00:00:00+05:30,1808.0999755859375,1808.0999755859375,1701.0999755859375,1781.0,189,0.0,0.0,2022-05-26,1856.3724975585938,157.1657808603098,2013.5382784189035,1699.206716698284,2170.704059279213,1542.040935837974,13.168560419443807,-84.32238231506601,-192779,189.28695425826513,396.62079645396557,1825.4128332223354,42.654749761674445,1763.3999837239583,1825.699991861979,1718.699991861979,1870.3999837239583,1656.3999837239583,1932.699991861979,1611.699991861979,-0.187947385836122,-54.67741935483871,-58.37840530667199,-56.176969070940615,-2.2014362357313786,42.980664930678685,21.372564447890955,1781.6699951171875,1856.3724975585938,1926.068994140625,1881.9419982910156,SHAILY.BO,2023-08-21 22:03:22.178920
294,2022-05-25 00:00:00+05:30,1802.4000244140625,1830.949951171875,1760.0999755859375,1776.300048828125,265,0.0,0.0,2022-05-25,1874.6299926757813,168.73270346786342,2043.3626961436448,1705.8972892079178,2212.095399611508,1537.1645857400545,54.26143881088536,-73.94902412460722,-192968,264.7019625566848,448.4542570028907,1825.4239560574424,40.7684532355719,1789.1166585286458,1818.133341471354,1747.2833658854165,1859.9666341145833,1718.2666829427083,1888.9833170572915,1676.433390299479,-0.1873860048522698,-55.43547599546371,-61.11374220238304,-55.62661001200777,-5.48713219037527,42.56878309794731,21.2982542869156,1776.789990234375,1874.6299926757813,1926.4009936523437,1881.687998046875,SHAILY.BO,2023-08-21 22:03:22.178920
295,2022-05-24 00:00:00+05:30,1764.1500244140625,1811.949951171875,1717.800048828125,1799.0,216,0.0,0.0,2022-05-24,1893.0074951171875,177.2598173839504,2070.267312501138,1715.7476777332372,2247.5271298850885,1538.4878603492866,39.188818199472514,-77.19850073018019,-192703,218.51430542110788,494.3923306144422,1825.441211913964,36.01498758442682,1776.25,1834.699951171875,1740.550048828125,1870.39990234375,1682.10009765625,1928.849853515625,1646.400146484375,-0.20402548250757285,-51.774193548387096,-63.22696254886796,-54.254826964413944,-8.972135584454016,43.9940213340012,21.739658665770115,1781.619970703125,1893.0074951171875,1926.8339916992188,1881.4039978027345,SHAILY.BO,2023-08-21 22:03:22.178920
296,2022-05-23 00:00:00+05:30,1835.8499755859375,1835.8499755859375,1775.550048828125,1794.199951171875,48,0.0,0.0,2022-05-23,1914.4549926757813,190.72561595130063,2105.180608627082,1723.7293767244807,2295.9062245783825,1533.0037607731801,32.397668852202116,-65.8546583232785,-192919,48.42917128242949,563.3618369127757,1825.4487847267003,38.39337644517794,1801.8666585286458,1828.1832682291665,1767.883341471354,1862.1665852864583,1741.5667317708333,1888.483194986979,1707.5834147135415,-0.14623872875696828,-52.548394972278224,-67.21014193290239,-52.011793068300435,-15.198348864601954,43.623403958233006,21.976784332202637,1782.27998046875,1914.4549926757813,1926.5249926757813,1881.1544982910157,SHAILY.BO,2023-08-21 22:03:22.178920
297,2022-05-20 00:00:00+05:30,1724.6500244140625,1810.699951171875,1699.5,1757.8499755859375,133,0.0,0.0,2022-05-20,1934.064990234375,197.7439425943387,2131.8089328287138,1736.3210476400363,2329.5528754230527,1538.5771050456976,-20.96271184650673,-84.11708321168219,-192967,131.47052821991244,692.0950033203623,1825.450773680976,37.12698842394979,1756.0166422526042,1812.5332845052085,1701.3333333333335,1867.2165934244792,1644.8166910807292,1923.7332356770835,1590.1333821614585,-0.10570501783790136,-58.41129426033266,-70.81875100313277,-48.212205852149935,-22.60654515098284,40.871942112345174,22.744170283360592,1766.0199951171876,1934.064990234375,1925.603994140625,1880.8569982910155,SHAILY.BO,2023-08-21 22:03:22.178920
298,2022-05-19 00:00:00+05:30,1754.0999755859375,1775.050048828125,1741.300048828125,1756.5999755859375,390,0.0,0.0,2022-05-19,1953.2399963378907,198.35009413345526,2151.590090471346,1754.8899022044354,2349.9401846048013,1556.5398080709801,-29.60938713269058,-84.42370840504688,-193100,385.24094453574907,832.2511220954747,1825.4626978964266,32.574918798652575,1757.6500244140625,1774.0,1740.25,1791.4000244140625,1723.9000244140625,1807.75,1706.5,-0.0937946964871386,-58.61624782210672,-70.78593091408334,-42.560569564404226,-28.225361349679112,40.77965171485791,23.27573401359197,1736.35,1953.2399963378907,1925.8019946289062,1880.8509985351564,SHAILY.BO,2023-08-21 22:03:22.178920
299,2022-05-18 00:00:00+05:30,1780.050048828125,1828.5,1760.050048828125,1800.449951171875,175,0.0,0.0,2022-05-18,1970.025,195.00986621339766,2165.034866213398,1775.0151337866025,2360.0447324267952,1580.0052675732047,-19.271539170595297,-69.24293553844188,-192710,177.17974065327763,944.003666485406,1825.4983347897182,31.999083008223266,1796.3333333333333,1832.6166178385415,1764.1666666666665,1864.7832845052083,1727.8833821614583,1901.0665690104165,1695.7167154947915,-0.09200676810649339,-51.54424199470415,-69.54829108925401,-35.50422922698444,-34.044061862269565,42.96410929734945,24.209215025409545,1702.85,1970.025,1926.2879956054687,1880.1669982910157,SHAILY.BO,2023-08-21 22:03:22.178920
300,2022-05-17 00:00:00+05:30,1745.8499755859375,1866.949951171875,1743.0999755859375,1802.300048828125,365,0.0,0.0,2022-05-17,1983.7275024414062,192.07348750818508,2175.8009899495914,1791.654014933221,2367.8744774577763,1599.580527425036,-24.362843036642325,-65.91509139314871,-192535,369.92605283668115,1135.709647943438,1825.5041527353424,30.842254824262568,1804.1166585286458,1865.133341471354,1741.2833658854165,1927.9666341145833,1680.2666829427083,1988.9833170572915,1617.433390299479,-0.07265837230597104,-56.06423553882494,-71.2285332865456,-26.993213761417046,-44.23531952512855,43.0544608679534,25.377039570706113,1683.3800048828125,1983.7275024414062,1926.1629956054687,1879.9569982910157,SHAILY.BO,2023-08-21 22:03:22.178920
301,2022-05-16 00:00:00+05:30,1623.550048828125,1744.0,1605.0,1712.9000244140625,710,0.0,0.0,2022-05-16,1996.7949951171875,187.92618221168092,2184.721177328868,1808.8688129055065,2372.647359540549,1620.9426306938255,-79.39166271829016,-113.71184081523204,-192900,683.888536209295,1327.1555467201272,1825.5153993033107,26.840540378279087,1687.3000081380208,1769.6000162760415,1630.6000162760415,1826.3000081380208,1548.3000081380208,1908.6000162760415,1491.6000162760415,-0.07131928667602558,-70.442869640168,-72.48273884942796,-15.934383880134904,-56.54835496929306,37.120871097568504,26.63469677333319,1723.5599853515625,1996.7949951171875,1925.2629956054689,1879.7459973144532,SHAILY.BO,2023-08-21 22:03:22.178920
302,2022-05-13 00:00:00+05:30,1591.050048828125,1678.0,1580.0,1609.5,1587,0.0,0.0,2022-05-13,2014.2024963378906,175.9905327618792,2190.19302909977,1838.2119635760114,2366.1835618616487,1662.2214308141322,-134.45351992631416,-144.52107757613163,-193610,1436.3585614718015,1487.9722993478354,1825.6216735484518,30.592469244113317,1622.5,1665.0,1567.0,1720.5,1524.5,1763.0,1469.0,-0.09371529717108175,-85.24656329778678,-64.18573085734806,-1.7972951378116377,-62.388435719536425,29.197608043828822,26.686382981794203,1795.02998046875,2014.2024963378906,1925.23599609375,1880.6169970703124,SHAILY.BO,2023-08-21 22:03:22.178920
303,2022-05-12 00:00:00+05:30,1659.0,1724.199951171875,1500.0,1589.0999755859375,2284,0.0,0.0,2022-05-12,2038.8474914550782,148.73640424588464,2187.583895700963,1890.1110872091936,2336.3202999468476,1741.374682963309,-226.60555291803811,-158.87420789797906,-195197,2040.9965948266572,1500.8757338168436,1826.0785137232592,27.709760657286992,1604.4333089192708,1708.8666178385415,1484.6666666666665,1828.6332600911458,1380.2333577473958,1933.0665690104165,1260.4667154947915,-0.10507172181839293,-87.99515205501487,-42.407199571294996,13.799813792072467,-56.207013363367466,27.52454047349488,25.928868339054265,1873.289990234375,2038.8474914550782,1926.83599609375,1882.6289965820313,SHAILY.BO,2023-08-21 22:03:22.178920
304,2022-05-11 00:00:00+05:30,2026.75,2027.0,1657.199951171875,1703.0999755859375,1939,0.0,0.0,2022-05-11,2067.9199951171877,107.23716147335323,2175.157156590541,1960.6828336438346,2282.394318063894,1853.4456721704812,-282.4814696091945,-80.57437749352057,-192913,1857.0043086020887,1365.8455185643902,1826.8016453772702,35.010268892250565,1795.7666422526042,1934.3333333333335,1564.5332845052085,2165.5666910807295,1425.9665934244792,2304.1333821614585,1194.7332356770835,0.25015999082485774,-92.15384198050214,-11.872453329867994,27.85156713291433,-39.72402046278232,31.37122963256249,25.113083339180488,1958.3300048828125,2067.9199951171877,1930.4719970703125,1884.805496826172,SHAILY.BO,2023-08-21 22:03:22.178920
305,2022-05-10 00:00:00+05:30,2047.0,2073.89990234375,1960.050048828125,2003.199951171875,789,0.0,0.0,2022-05-10,2090.784991455078,66.29245120778519,2157.077442662863,2024.4925402472927,2223.3698938706484,1958.2000890395075,-68.73374048503798,17.50036979068381,-190974,888.784073596665,1243.0558210549655,1827.1229316308104,41.50633120734357,2012.38330078125,2064.716552734375,1950.86669921875,2126.233154296875,1898.533447265625,2178.56640625,1837.016845703125,0.25008570777613204,-81.77929854576561,16.17388774180563,37.78257224860991,-21.60868450680428,47.64913379637424,25.251212375353685,2024.9,2090.784991455078,1932.1999975585939,1885.9799975585938,SHAILY.BO,2023-08-21 22:03:22.178920
306,2022-05-09 00:00:00+05:30,1996.050048828125,2120.0,1949.949951171875,2070.25,1444,0.0,0.0,2022-05-09,2101.224993896484,68.18749640405164,2169.412490300536,2033.0374974924325,2237.5999867045875,1964.8500010883808,-33.79025060732528,34.426236676726646,-190185,1681.0667029841222,1331.6237579195404,1826.9366467174423,41.42938045698725,2046.7333170572917,2143.5166829427085,1973.4666341145835,2216.783365885417,1876.6832682291667,2313.5667317708335,1803.4165852864585,0.26346479524537203,-58.836595781650985,22.281343673715128,43.18474337531098,-20.903399701595852,53.39737460355697,25.485077189823368,2031.3900146484375,2101.224993896484,1928.0449975585936,1884.310498046875,SHAILY.BO,2023-08-21 22:03:22.178920
307,2022-05-06 00:00:00+05:30,2016.4000244140625,2026.0,1980.050048828125,2000.800048828125,597,0.0,0.0,2022-05-06,2097.724993896484,71.57353884631212,2169.2985327427964,2026.151455050172,2240.8720715891086,1954.57791620386,-88.08067295587549,17.708259873729187,-191629,671.6963371493662,1244.2630216533948,1826.4646131699003,31.402551458097236,2002.2833658854167,2024.5166829427085,1978.5667317708335,2048.233317057292,1956.3334147135417,2070.4666341145835,1932.6167805989585,0.23175248939030194,-83.7031844955413,23.15972799477322,48.410593300709934,-25.250865305936713,47.28033376456587,25.736931605406102,2021.1000244140625,2097.724993896484,1922.4799975585938,1881.6189978027344,SHAILY.BO,2023-08-21 22:03:22.178920
308,2022-05-05 00:00:00+05:30,2011.0999755859375,2048.0,1953.800048828125,2014.300048828125,863,0.0,0.0,2022-05-05,2099.3749938964843,69.573952106334,2168.9489460028185,2029.8010417901503,2238.5228981091523,1960.2270896838163,-105.03645236011108,20.8246010140596,-191032,977.5296037832389,1387.404692779402,1826.3246711281106,30.624147867092745,2005.36669921875,2056.933349609375,1962.7333984375,2099.566650390625,1911.166748046875,2151.13330078125,1868.533447265625,0.16041481431027535,-79.0221842974521,30.7731890516186,54.72330962719411,-23.95012057557551,48.42769894283806,27.138585163949188,2034.1800048828125,2099.3749938964843,1917.5729956054688,1879.810997314453,SHAILY.BO,2023-08-21 22:03:22.178920
309,2022-05-04 00:00:00+05:30,2099.0,2099.0,1995.949951171875,2035.949951171875,275,0.0,0.0,2022-05-04,2104.3749938964843,66.67090125484108,2171.0458951513256,2037.7040926416432,2237.7167964061664,1971.0331913868022,-83.37639527340666,38.01005121656911,-190169,314.8435141421847,1489.8734650284428,1826.1062954818524,30.542770062122727,2043.63330078125,2091.316650390625,1988.2666015625,2146.683349609375,1940.583251953125,2194.36669921875,1885.216552734375,0.1209378035787738,-80.50352822340491,38.724920419070486,60.71083977108798,-21.985919352017497,50.24337941666871,28.648058226995587,2060.5499755859373,2104.3749938964843,1912.8849951171876,1877.7779968261718,SHAILY.BO,2023-08-21 22:03:22.178920
310,2022-04-29 00:00:00+05:30,2054.85009765625,2056.85009765625,1986.949951171875,2035.6500244140625,280,0.0,0.0,2022-04-29,2111.334991455078,66.41711981348753,2177.752111268566,2044.9178716415906,2244.169231082053,1978.5007518281031,-111.4879028064099,33.35769299004064,-190444,320.5207170812078,1783.630952750007,1826.0285846102297,5.368414033688865,2026.4833577473958,2066.0167643229165,1996.1166178385415,2096.3835042317705,1956.5832112630208,2135.9169108072915,1926.2164713541665,0.24453222176757944,-80.62059567655649,46.18661761446765,66.20731960909235,-20.0207019946247,50.21936430014977,29.6219662510263,2082.1300048828125,2111.334991455078,1907.6889965820312,1875.8949975585938,SHAILY.BO,2023-08-21 22:03:22.178920
311,2022-04-28 00:00:00+05:30,2077.39990234375,2120.050048828125,1997.0,2018.800048828125,1577,0.0,0.0,2022-04-28,2103.192492675781,83.87275486765068,2187.0652475434317,2019.3197378081304,2270.9380024110824,1935.4469829404798,-97.82954424230185,43.155461315782226,-190724,1790.2758756037445,2149.4085116672068,1825.9495147884243,9.609345415112202,2045.2833658854167,2093.5667317708335,1970.5166829427085,2168.333414713542,1922.2333170572917,2216.6167805989585,1847.4666341145835,0.2929671487417486,-88.60713443766228,55.069592149655364,71.21249510774852,-16.14290295809316,48.93389860086822,31.180968539620803,2120.589990234375,2103.192492675781,1902.0799951171875,1874.1594970703125,SHAILY.BO,2023-08-21 22:03:22.178920
312,2022-04-27 00:00:00+05:30,2120.050048828125,2120.050048828125,2050.0,2066.199951171875,541,0.0,0.0,2022-04-27,2088.3124877929686,118.77135651779699,2207.0838443107655,1969.5411312751717,2325.8552008285624,1850.7697747573745,-54.247511919859846,58.88680203688058,-189147,628.5858082951796,2239.191670683072,1825.5389391363565,14.40241177512361,2078.75,2107.5,2037.449951171875,2148.800048828125,2008.699951171875,2177.550048828125,1967.39990234375,0.2872420047468251,-70.35617776113014,67.26757089787202,75.24822084727181,-7.98064994939979,52.473320683269606,32.71024981977459,2154.1099609375,2088.3124877929686,1896.4679931640626,1872.31849609375,SHAILY.BO,2023-08-21 22:03:22.178920
313,2022-04-26 00:00:00+05:30,2188.050048828125,2188.050048828125,2100.0,2146.14990234375,581,0.0,0.0,2022-04-26,2073.722491455078,137.99709721937063,2211.7195886744485,1935.7253942357074,2349.716685893819,1797.7282970163367,37.82576887642767,88.13592950339059,-188606,701.1826233055649,2641.843136280045,1825.3630411111099,13.902434047535252,2144.7333170572915,2189.466634114583,2101.416585286458,2232.7833658854165,2056.6832682291665,2277.516682942708,2013.366536458333,0.2994822368530201,-47.41925749032962,77.1973022325999,77.24338333462175,-0.046081102021858555,59.17730804358486,33.54016346549886,2169.139990234375,2073.722491455078,1891.7329931640625,1869.6589965820312,SHAILY.BO,2023-08-21 22:03:22.178920
314,2022-04-25 00:00:00+05:30,2220.199951171875,2220.300048828125,2122.5,2143.85009765625,947,0.0,0.0,2022-04-25,2053.054998779297,156.31618681497332,2209.37118559427,1896.7388119643238,2365.687372409244,1740.4226251493503,61.91122862377146,100.8661566282388,-189187,1141.6667529297765,3127.0082645236653,1825.111046245761,12.820637800611905,2162.2167154947915,2201.933430989583,2104.133382161458,2260.0167643229165,2064.4166666666665,2299.733479817708,2006.333333333333,0.21673401933927247,-48.03590985354179,80.86685242858084,77.25490361012722,3.6119488184536266,59.03750852149165,33.57839684532621,2158.37001953125,2053.054998779297,1885.9519946289063,1865.7764978027344,SHAILY.BO,2023-08-21 22:03:22.178920
315,2022-04-22 00:00:00+05:30,2149.35009765625,2242.199951171875,2124.050048828125,2227.949951171875,1213,0.0,0.0,2022-04-22,2030.8874938964843,173.27853553663613,2204.1660294331205,1857.6089583598482,2377.4445649697564,1684.330422823212,107.4935797288706,122.96245937355273,-188240,1519.7116440234008,3623.343642422137,1824.7024064362602,20.32696728974885,2198.066650390625,2272.083251953125,2153.933349609375,2316.216552734375,2079.916748046875,2390.233154296875,2035.783447265625,-0.07871177180575731,-25.48600650823545,84.56622924071053,76.3519164055138,8.214312835196722,66.80531787616559,33.21401757076181,2144.5,2030.8874938964843,1880.3609936523437,1861.8324963378907,SHAILY.BO,2023-08-21 22:03:22.178920
316,2022-04-21 00:00:00+05:30,2137.699951171875,2190.0,2118.60009765625,2186.39990234375,662,0.0,0.0,2022-04-21,2005.8949951171876,179.30241081381664,2185.197405931004,1826.592584303371,2364.4998167448207,1647.2901734895543,67.85895756710497,119.28911167854804,-189453,813.9215518243823,4149.251642021821,1824.0391190789799,33.45209593622482,2165.0,2211.39990234375,2140.0,2236.39990234375,2093.60009765625,2282.7998046875,2068.60009765625,-0.08480078601625969,-29.753889113566345,79.73868474878122,74.29833819671462,5.4403465520666,64.67291798123696,32.79456911931622,2111.639990234375,2005.8949951171876,1872.2569946289063,1856.9979968261719,SHAILY.BO,2023-08-21 22:03:22.178920
317,2022-04-20 00:00:00+05:30,2071.35009765625,2176.0,2071.35009765625,2141.35009765625,523,0.0,0.0,2022-04-20,1986.0375,180.24900409669564,2166.2865040966954,1805.7884959033042,2346.5355081933913,1625.5394918066086,30.91497924863214,113.65774090149586,-190115,629.7734186152862,4983.08416457118,1823.71353856564,41.84443980873975,2129.5667317708335,2187.783365885417,2083.133463541667,2234.2166341145835,2024.9168294270835,2292.433268229167,1978.483561197917,-0.07757052103137359,-29.732370384075452,76.44185328008484,72.93825155869797,3.5036017213868718,62.23013638887245,32.75017491584787,2086.57001953125,1986.0375,1865.9469970703126,1852.7549975585937,SHAILY.BO,2023-08-21 22:03:22.178920
318,2022-04-19 00:00:00+05:30,2045.050048828125,2129.0,2045.0,2092.300048828125,143,0.0,0.0,2022-04-19,1968.2524963378905,181.66066925870769,2149.9131655965984,1786.5918270791828,2331.573834855306,1604.9311578204752,-18.466280306100412,104.2198089566979,-190638,168.2499571315818,6071.411851060153,1823.4879070371835,40.582167520073824,2088.7666829427085,2132.533365885417,2048.533365885417,2172.7666829427085,2004.7666829427085,2216.533365885417,1964.533365885417,-0.08409499411771357,-37.09002430415997,75.49942325105121,72.06235112835125,3.437072122699959,59.39119367647823,32.814984736644156,2078.77998046875,1968.2524963378905,1860.8629956054688,1848.8564965820312,SHAILY.BO,2023-08-21 22:03:22.178920
319,2022-04-18 00:00:00+05:30,2005.0,2103.449951171875,2005.0,2074.5,790,0.0,0.0,2022-04-18,1952.8349914550781,183.65256386857706,2136.487555323655,1769.182427586501,2320.1401191922323,1585.529863717924,-60.99482539535527,99.2802457619613,-190781,921.585196536424,7547.202324542295,1823.4356870343358,38.10915156720598,2060.9833170572915,2116.966634114583,2018.516682942708,2159.4332682291665,1962.5333658854165,2215.416585286458,1920.066731770833,-0.08894770239403155,-39.57006369426752,77.97958320072462,71.20308309767627,6.776500103048349,58.335909501713495,33.269950133322084,2094.42998046875,1952.8349914550781,1856.4259936523438,1845.2019958496094,SHAILY.BO,2023-08-21 22:03:22.178920
320,2022-04-13 00:00:00+05:30,2066.0,2112.949951171875,2007.050048828125,2063.64990234375,244,0.0,0.0,2022-04-13,1939.009991455078,184.417419526178,2123.427410981256,1754.5925719289,2307.844830507434,1570.175152402722,-66.08381019728823,108.1389051955939,-191571,283.1527651948807,9203.606606543763,1823.1659563325102,43.0690826552912,2061.2166341145835,2115.383219401042,2009.483317057292,2167.1165364583335,1955.3167317708335,2221.283121744792,1903.583414713542,-0.08600303203404,-41.29778625099522,81.72646577541377,69.50895807191418,12.217507703499592,57.71393653154914,33.97668633590567,2111.6099609375,1939.009991455078,1851.838994140625,1841.9729956054687,SHAILY.BO,2023-08-21 22:03:22.178920
321,2022-04-12 00:00:00+05:30,2098.949951171875,2140.0,1986.0,2061.050048828125,818,0.0,0.0,2022-04-12,1925.1124938964845,185.00241252575915,2110.1149064222436,1740.1100813707253,2295.117318948003,1555.1076688449662,-22.288095893908867,119.22403316758404,-191815,948.062134425749,11433.720066880982,1823.0861314376657,14.810153956352934,2062.3500162760415,2138.700032552083,1984.700032552083,2216.3500162760415,1908.3500162760415,2292.700032552083,1830.700032552083,-0.08573163481633919,-40.424375180844905,86.35390132922362,66.45458114603927,19.899320183184344,57.57300414264525,34.710292830102716,2141.27998046875,1925.1124938964845,1848.3639965820312,1838.9899963378907,SHAILY.BO,2023-08-21 22:03:22.178920
322,2022-04-11 00:00:00+05:30,2170.0,2208.0,2097.300048828125,2102.39990234375,835,0.0,0.0,2022-04-11,1912.002490234375,184.15064212923627,2096.1531323636113,1727.8518481051387,2280.3037744928474,1543.7012059759024,48.1499050231075,175.81143521048097,-190997,987.180942616452,14055.13454999479,1822.8210310253833,14.764035333812231,2135.8999837239585,2174.499918619792,2063.799967447917,2246.5999348958335,2025.2000325520835,2285.199869791667,1953.100016276042,-0.08358454864846991,-34.04322494695216,91.22607482648527,61.47975110024318,29.746323726242096,60.55336839334947,35.50033059308414,2129.119970703125,1912.002490234375,1844.95099609375,1836.5689953613282,SHAILY.BO,2023-08-21 22:03:22.178920
323,2022-04-08 00:00:00+05:30,2160.050048828125,2201.14990234375,2102.0,2170.550048828125,38625,0.0,0.0,2022-04-08,1896.8199951171875,180.0997544903589,2076.9197496075462,1716.7202406268286,2257.019504097905,1536.6204861364697,66.01215242938082,215.79064836254895,-190162,47144.741232636225,17322.122951839374,1822.5027351812548,14.598936700754336,2157.8999837239585,2213.799967447917,2114.650065104167,2257.0498860677085,2058.7500813802085,2312.949869791667,2015.500162760417,-0.07995253947263874,-23.52622703269676,92.00938600588756,54.04317016868264,37.96621583720492,65.76340022565148,34.85918705420468,2115.4,1896.8199951171875,1840.1699975585936,1833.5494958496095,SHAILY.BO,2023-08-21 22:03:22.178920
324,2022-04-07 00:00:00+05:30,2140.0,2273.89990234375,2136.0,2160.39990234375,2172,0.0,0.0,2022-04-07,1878.1724914550782,169.24668882664577,2047.419180281724,1708.9258026284324,2216.66586910837,1539.6791138017866,88.12777017126965,275.0586631031248,-228787,2638.693392030688,9866.468381640161,1803.1544449515789,17.7308194691647,2190.0999348958335,2244.199869791667,2106.299967447917,2327.9998372395835,2052.2000325520835,2382.099772135417,1968.400065104167,-0.13554201214020714,-25.092607663001544,84.90642322566305,44.551616209381415,40.35480701628163,65.3511062950447,34.20755436560204,2104.15,1878.1724914550782,1832.6469970703124,1830.0829956054688,SHAILY.BO,2023-08-21 22:03:22.178920
325,2022-04-06 00:00:00+05:30,2000.25,2323.0,1958.0,2212.0,2514,0.0,0.0,2022-04-06,1860.0499938964845,156.349681980763,2016.3996758772475,1703.7003119157214,2172.7493578580106,1547.3506299349585,93.98499339673556,308.1328663147673,-226615,3127.1258209010334,11673.412129042528,1802.0341765079459,16.842285796064502,2164.3333333333335,2370.666666666667,2005.666666666667,2529.3333333333335,1799.3333333333335,2735.666666666667,1640.666666666667,-0.12762299696709395,-17.12962962962963,75.52565313465993,34.462914455311,41.06273867934893,69.29011147244678,33.029357184323146,2107.1,1860.0499938964845,1827.305,1826.3139965820312,SHAILY.BO,2023-08-21 22:03:22.178920
326,2022-04-05 00:00:00+05:30,2087.0,2109.050048828125,1950.050048828125,2000.25,2499,0.0,0.0,2022-04-05,1838.6274963378905,133.23193169105483,1971.8594280289453,1705.3955646468357,2105.09135972,1572.163632955781,57.49024281115481,222.16851348565487,-229129,2810.900642607541,13809.9837060779,1800.540736835397,16.35949774674245,2019.7833658854167,2089.5166829427085,1930.5166829427085,2178.783365885417,1860.7833658854167,2248.5166829427085,1771.5166829427085,-0.12701488018546261,-43.336236933797906,57.289268883295335,24.197229785473766,33.09203909782157,60.133610461256254,31.760529450638174,2039.260009765625,1838.6274963378905,1821.165,1822.5119970703124,SHAILY.BO,2023-08-21 22:03:22.178920
327,2022-04-04 00:00:00+05:30,2081.0,2207.10009765625,1996.949951171875,2033.800048828125,5185,0.0,0.0,2022-04-04,1826.0224975585938,128.99425204894447,1955.0167496075383,1697.0282455096494,2084.0110016564827,1568.033993460705,101.83549817972508,315.68880197534236,-226630,5929.962865447257,16559.75447194549,1799.8149406150196,16.439868886480525,2079.2833658854165,2161.616780598958,1951.466634114583,2289.4335123697915,1869.1332194010415,2371.766927083333,1741.316487630208,-0.12531174740182688,-37.491280691964285,53.92731830566504,15.92422001101837,38.00309829464667,62.892501832676714,31.583289066412316,1983.45,1826.0224975585938,1819.9780004882812,1821.5594970703125,SHAILY.BO,2023-08-21 22:03:22.178920
328,2022-04-01 00:00:00+05:30,2141.050048828125,2249.0,2045.0,2114.300048828125,5160,0.0,0.0,2022-04-01,1812.7199951171874,119.83230956714989,1932.5523046843373,1692.8876855500375,2052.384614251487,1573.0553759828877,183.34441409339,441.8628380812942,-221445,6134.953580607796,19217.202373570046,1798.0371753618388,17.42047892475817,2136.1000162760415,2227.200032552083,2023.200032552083,2340.1000162760415,1932.1000162760415,2431.200032552083,1819.200032552083,-0.11753263892845839,-23.466890448061847,45.50175073751029,6.423445437356703,39.07830530015359,70.05335801527937,30.7067492167814,1931.5699951171875,1812.7199951171874,1817.3030004882812,1820.2614965820312,SHAILY.BO,2023-08-21 22:03:22.178920
329,2022-03-31 00:00:00+05:30,1872.5,2205.0,1863.9000244140625,2175.14990234375,13743,0.0,0.0,2022-03-31,1796.0499938964845,96.6110130022342,1892.6610068987186,1699.4389808942503,1989.272019900953,1602.827967892016,298.572451721402,475.30839853414716,-216285,16809.92199691457,22487.764571810607,1795.6276495295929,15.602027537733932,2081.3499755859375,2298.7999267578125,1957.699951171875,2422.449951171875,1740.25,2639.89990234375,1616.5999755859375,-0.11622056938470923,-5.63209389740566,26.097020279228218,-3.3461308876816958,29.443151166909914,76.13819086239229,29.020135347675616,1855.2699951171876,1796.0499938964845,1813.9130004882813,1818.1404956054687,SHAILY.BO,2023-08-21 22:03:22.178920
330,2022-03-30 00:00:00+05:30,1767.9000244140625,1914.800048828125,1712.050048828125,1872.800048828125,13176,0.0,0.0,2022-03-30,1777.0024963378905,37.25488851109309,1814.2573848489835,1739.7476078267975,1851.5122733600767,1702.4927193157043,148.95836922999925,89.58054338858594,-230028,13876.181052584756,23907.225215534614,1787.7670510969203,10.774482280799674,1833.2167154947917,1954.3833821614585,1751.6333821614585,2035.9667154947917,1630.4667154947917,2157.1333821614585,1548.8833821614585,-0.15850828265374714,-17.514591929922084,-5.135112930705645,-10.706918679409174,5.571805748703529,60.179877231586865,27.42572680880698,1760.3400146484375,1777.0024963378905,1808.4230029296875,1815.00849609375,SHAILY.BO,2023-08-21 22:03:22.178920
331,2022-03-29 00:00:00+05:30,1751.050048828125,1799.0,1701.0,1721.199951171875,2283,0.0,0.0,2022-03-29,1771.2274963378907,29.836934473075797,1801.0644308109665,1741.3905618648148,1830.9013652840422,1711.5536273917392,-74.10217482217102,-95.93751949279962,-243204,2209.694303902694,26414.986256272074,1786.044315652586,6.074267173671345,1740.3999837239583,1779.7999674479165,1681.7999674479165,1838.3999837239583,1642.3999837239583,1877.7999674479165,1583.7999674479165,-0.19068445996098735,-79.46668836805556,-15.267023467934905,-12.099870116585056,-3.1671533513498495,42.1741781757915,28.00880857816094,1731.4,1771.2274963378907,1808.9490014648438,1815.3704956054687,SHAILY.BO,2023-08-21 22:03:22.178920
332,2022-03-28 00:00:00+05:30,1787.5,1808.050048828125,1695.0,1774.4000244140625,6476,0.0,0.0,2022-03-28,1770.7450012207032,30.75248980201928,1801.4974910227224,1739.992511418684,1832.2499808247417,1709.2400216166648,-39.89694677146836,-63.17681691243065,-240921,6461.797358481707,32466.30924436442,1786.2727455165825,7.629387495611354,1759.1500244140625,1823.300048828125,1710.25,1872.2000732421875,1646.0999755859375,1936.35009765625,1597.199951171875,-0.19400521086912695,-55.82221137152778,-13.07730804615153,-11.308081778747592,-1.769226267403937,49.46217844563233,29.94602385706149,1745.010009765625,1770.7450012207032,1812.2290014648438,1816.7244958496094,SHAILY.BO,2023-08-21 22:03:22.178920
333,2022-03-25 00:00:00+05:30,1820.0,1900.0,1705.5999755859375,1732.800048828125,8812,0.0,0.0,2022-03-25,1766.5,35.68545868747603,1802.185458687476,1730.814541312524,1837.8709173749521,1695.1290826250479,16.457027574697396,-29.09552864110897,-247397,8586.534111797266,38967.437215835096,1786.3925832062607,7.78591179098693,1779.4666748046875,1853.3333740234375,1658.933349609375,1973.86669921875,1585.066650390625,2047.7333984375,1464.5333251953125,-0.21005289716841763,-74.31108940972223,-15.315068877778458,-10.865775211896608,-4.44929366588185,42.2110887207528,32.03225569587747,1747.260009765625,1766.5,1814.612001953125,1817.2804956054688,SHAILY.BO,2023-08-21 22:03:22.178920
334,2022-03-24 00:00:00+05:30,1714.0,1740.050048828125,1675.0,1700.5,233241,0.0,0.0,2022-03-24,1768.4049987792969,34.79767110465768,1803.2026698839545,1733.6073276746392,1838.0003409886122,1698.8096565699816,-229.82112899710896,-161.65230655572907,-256209,223036.78210061978,46562.662991844554,1787.1388965991405,4.51887017820728,1705.183349609375,1735.36669921875,1670.316650390625,1770.2333984375,1640.13330078125,1800.416748046875,1605.2666015625,-0.1933706523667357,-85.0,-13.851067060901187,-9.753451795426145,-4.097615265475042,35.54334269399568,34.449645942480636,1757.489990234375,1768.4049987792969,1818.097001953125,1818.1374951171874,SHAILY.BO,2023-08-21 22:03:22.178920
335,2022-03-23 00:00:00+05:30,1788.0999755859375,1791.0,1712.0,1728.0999755859375,2052,0.0,0.0,2022-03-23,1772.854998779297,31.157106639818576,1804.0121054191154,1741.6978921394784,1835.1692120589341,1710.5407854996597,-280.62366142036433,-98.03789149203394,-22968,1994.0735829362143,2444.133214650751,1837.7156584280165,44.7991520982725,1743.6999918619792,1775.3999837239585,1696.3999837239585,1822.6999918619792,1664.6999918619792,1854.3999837239585,1617.3999837239585,-0.037808500779803446,-77.30971281741597,-8.585771031055174,-8.729047979057384,0.14327694800221025,39.125242698884065,33.41220163531826,1776.989990234375,1772.854998779297,1821.9890014648438,1819.3924951171875,SHAILY.BO,2023-08-21 22:03:22.178920
336,2022-03-22 00:00:00+05:30,1785.75,1800.0,1751.0,1789.25,4860,0.0,0.0,2022-03-22,1776.2224975585937,29.66945922302552,1805.8919567816192,1746.553038335568,1835.5614160046448,1716.8835791125425,-78.09893483750236,-41.268410649709544,-20916,4889.925637538155,2556.648122579385,1838.2815320794225,50.843015205301036,1780.0833333333333,1809.1666666666665,1760.1666666666665,1829.0833333333333,1731.0833333333333,1858.1666666666665,1711.1666666666665,-0.003744079567447638,-45.82437060310168,-4.432688542503001,-8.764867216057937,4.332178673554935,49.358676683804546,32.74515162766377,1788.5099853515626,1776.2224975585937,1825.6950024414064,1820.3389953613282,SHAILY.BO,2023-08-21 22:03:22.178920
337,2022-03-21 00:00:00+05:30,1783.949951171875,1811.0,1782.0999755859375,1785.6500244140625,3021,0.0,0.0,2022-03-21,1776.3599975585937,29.73930151692452,1806.0992990755183,1746.6206960416691,1835.8386005924428,1716.8813945247446,80.67409079978371,-24.702025828215152,-25776,3033.4862372127527,1973.3287438396924,1838.888441429876,59.691877102156866,1792.9166666666667,1803.733357747396,1774.8333333333335,1821.8166910807292,1764.0166422526042,1832.6333821614585,1745.933308919271,-0.049951446503705595,-38.960774739583336,-5.070673388961268,-9.847911884446669,4.777238495485401,48.6240862595012,32.57755879487318,1790.42998046875,1776.3599975585937,1828.342001953125,1820.4314953613282,SHAILY.BO,2023-08-21 22:03:22.178920
338,2022-03-17 00:00:00+05:30,1790.8499755859375,1805.0,1780.300048828125,1783.949951171875,2683,0.0,0.0,2022-03-17,1774.8499938964844,30.00826049370605,1804.8582543901905,1744.8417334027783,1834.8665148838966,1714.8334729090723,67.87406951967839,-32.12384471773105,-28797,2691.5242577585655,1708.2893704964272,1839.3012440257976,59.486669513318745,1789.75,1799.199951171875,1774.5,1814.449951171875,1765.050048828125,1823.89990234375,1749.800048828125,0.010941435044309462,-39.62747012867647,-5.45611588635802,-11.042221508318018,5.586105621959998,48.295209841059325,32.9015003911531,1793.0499755859375,1774.8499938964844,1829.7980004882813,1821.0969946289063,SHAILY.BO,2023-08-21 22:03:22.178920
339,2022-03-16 00:00:00+05:30,1780.0,1798.0,1780.0,1798.0,1309,0.0,0.0,2022-03-16,1774.6474975585938,29.95724299536331,1804.604740553957,1744.6902545632306,1834.5619835493205,1714.7330115678672,48.13498502795068,-32.13963045031943,-26114,1323.5010602125199,1462.4806486808925,1839.6850538072233,59.6562796101279,1792.0,1804.0,1786.0,1810.0,1774.0,1822.0,1768.0,0.05307567947116331,-34.11764705882353,-5.699499205591792,-12.438747913808017,6.739248708216225,50.790363015164694,33.06883201764295,1795.77998046875,1774.6474975585938,1832.6680004882812,1822.4344946289064,SHAILY.BO,2023-08-21 22:03:22.178920
340,2022-03-15 00:00:00+05:30,1800.0,1801.0,1770.050048828125,1785.699951171875,1367,0.0,0.0,2022-03-15,1773.554998779297,29.45499590794309,1803.0099946872401,1744.1000028713538,1832.464990595183,1714.6450069634109,15.640617565726599,-42.451166790295225,-27423,1372.6883912872702,1497.2255457979854,1839.8265547509832,58.60492375235632,1785.5833333333333,1801.1166178385415,1770.1666666666665,1816.5332845052083,1754.6333821614583,1832.0665690104165,1739.2167154947915,0.008920919713776138,-38.94119561887255,-7.308464488205345,-14.123560090862071,6.815095602656726,48.63300917226343,33.04469444829748,1795.769970703125,1773.554998779297,1835.4690014648438,1823.9544946289063,SHAILY.BO,2023-08-21 22:03:22.178920
341,2022-03-14 00:00:00+05:30,1810.0,1821.0,1760.050048828125,1798.8499755859375,2245,0.0,0.0,2022-03-14,1772.0299987792969,29.58238656154313,1801.61238534084,1742.4476122177537,1831.194771902383,1712.8652256562107,71.07825314627928,-35.040812311608974,-26056,2270.9430828907025,1528.3598344256643,1840.0191124526407,61.60975032326149,1793.3000081380208,1826.5499674479165,1765.6000162760415,1854.2499593098958,1732.3500569661458,1887.4999186197915,1704.6500651041665,0.05569988054378831,-33.784323299632355,-8.046324859566312,-15.827333991526253,7.781009131959941,50.845916672626444,33.01870014284851,1795.339990234375,1772.0299987792969,1836.6350024414062,1826.0989953613282,SHAILY.BO,2023-08-21 22:03:22.178920
342,2022-03-11 00:00:00+05:30,1751.050048828125,1811.0,1739.949951171875,1798.75,800,0.0,0.0,2022-03-11,1768.9974975585938,29.796214869991523,1798.7937124285852,1739.2012826886023,1828.5899272985769,1709.4050678186106,40.79019564616378,-49.8132258130122,-28301,809.1997753406579,1342.7140223094048,1840.261056260943,59.44329468903391,1783.2333170572917,1826.5166829427085,1755.4666341145835,1854.2833658854167,1712.1832682291667,1897.5667317708335,1684.4165852864585,-0.0010538295793501647,-33.8235294117647,-10.164173877927851,-17.772586274516236,7.608412396588385,50.83011799096434,32.99070627544192,1785.2,1768.9974975585938,1837.5900024414063,1827.6744958496095,SHAILY.BO,2023-08-21 22:03:22.178920
343,2022-03-10 00:00:00+05:30,1799.0,1800.050048828125,1763.050048828125,1797.5999755859375,438,0.0,0.0,2022-03-10,1770.5324951171874,32.11053064456672,1802.6430257617542,1738.4219644726206,1834.753556406321,1706.3114338280539,59.177653435794596,-48.07554067405804,-29101,442.75362294765296,1476.0925840515915,1840.3481707965618,65.33317118878756,1786.9000244140625,1810.75,1773.75,1823.9000244140625,1749.9000244140625,1847.75,1736.75,-0.033985022237462685,-34.27451937806372,-12.711813678913131,-19.674689373663334,6.962875694750203,50.66077519512068,32.716411107616125,1779.0,1770.5324951171874,1837.8150024414062,1829.4569958496095,SHAILY.BO,2023-08-21 22:03:22.178920
344,2022-03-09 00:00:00+05:30,1776.050048828125,1810.0,1725.0,1797.949951171875,1612,0.0,0.0,2022-03-09,1773.5074951171875,37.116392365963215,1810.6238874831508,1736.3911027512243,1847.740279849114,1699.2747103852612,39.9930161237566,-61.938567495861804,-28663,1629.8123160931127,1734.4273243275761,1840.3973439465713,63.10105852245156,1777.6499837239583,1830.2999674479165,1745.2999674479165,1862.6499837239583,1692.6499837239583,1915.2999674479165,1660.2999674479165,-0.038514549843159974,-34.1372740502451,-15.66770141850293,-21.41540829735088,5.74770687884795,50.710132089118055,32.68351231520774,1775.660009765625,1773.5074951171875,1836.9750024414063,1831.2544958496094,SHAILY.BO,2023-08-21 22:03:22.178920
345,2022-03-08 00:00:00+05:30,1799.0,1811.0,1739.949951171875,1783.550048828125,4219,0.0,0.0,2022-03-08,1776.825,42.05300066985438,1818.8780006698544,1734.7719993301457,1860.9310013397087,1692.7189986602914,46.68608846120897,-64.74556480612775,-30275,4231.455575207679,1760.5810763861919,1840.5778096539732,70.0333125200979,1778.1666666666667,1816.3833821614585,1745.3333333333335,1849.2167154947917,1707.1166178385417,1887.4334309895835,1674.2832845052085,-0.0745548911339547,-43.129611545138886,-19.249211325857914,-22.852335017062863,3.6031236912049494,48.80459804356532,32.648082846460255,1774.910009765625,1776.825,1835.97400390625,1833.167996826172,SHAILY.BO,2023-08-21 22:03:22.178920
346,2022-03-07 00:00:00+05:30,1682.050048828125,1845.0,1682.050048828125,1748.1500244140625,1121,0.0,0.0,2022-03-07,1778.7849975585937,43.27858956264267,1822.0635871212364,1735.506407995951,1865.342176683879,1692.2278184333084,-12.265113094450463,-92.21195468225238,-34494,1101.9941087329794,1142.86245168082,1841.2195126542513,63.598576759503004,1758.4000244140625,1834.75,1671.800048828125,1921.3499755859375,1595.4500732421875,1997.699951171875,1508.85009765625,-0.16956166056164237,-56.240731698495374,-22.124802395725283,-23.753115939864095,1.6283135441388126,43.84929325868282,32.76906355251303,1769.660009765625,1778.7849975585937,1835.78400390625,1835.1799963378905,SHAILY.BO,2023-08-21 22:03:22.178920
347,2022-03-04 00:00:00+05:30,1780.0,1810.0,1766.75,1767.75,378,0.0,0.0,2022-03-04,1784.9224975585937,47.22899892189292,1832.1514964804867,1737.6934986367007,1879.3804954023794,1690.464499714808,42.49136745514446,-70.0521941797431,-33373,375.7574546772017,1153.07953741778,1841.4986073399607,54.941791840922455,1781.5,1796.25,1753.0,1824.75,1738.25,1839.5,1709.75,-0.16812254742603178,-48.98148148148148,-21.984840036887135,-24.160194325898797,2.1753542890116613,46.145644164017305,32.89935046672372,1762.3400146484375,1784.9224975585937,1836.1100024414063,1837.2624963378905,SHAILY.BO,2023-08-21 22:03:22.178920
348,2022-03-03 00:00:00+05:30,1800.0,1885.0,1780.0,1780.9000244140625,749,0.0,0.0,2022-03-03,1790.8924987792968,52.22609890365884,1843.1185976829556,1738.666399875638,1895.3446965866144,1686.4403009719792,138.3762109711809,-32.44261308628551,-32995,750.0950805040746,1347.4100581029247,1841.5732562766723,52.01483399602731,1815.3000081380208,1850.6000162760415,1745.6000162760415,1920.3000081380208,1710.3000081380208,1955.6000162760415,1640.6000162760415,-0.12715361172935524,-44.11110206886574,-23.40284279370303,-24.70403289815171,1.301190104448679,47.70195681701812,33.983832513188204,1746.6900146484375,1790.8924987792968,1835.9000024414063,1839.18099609375,SHAILY.BO,2023-08-21 22:03:22.178920
349,2022-03-02 00:00:00+05:30,1757.3499755859375,1850.0,1676.050048828125,1794.199951171875,1230,0.0,0.0,2022-03-02,1795.3699951171875,55.08477769733954,1850.4547728145271,1740.2852174198479,1905.5395505118665,1685.2004397225085,25.841895734738333,-86.7313739170025,-32246,1240.9975141122554,1496.738802502637,1841.6951914152455,48.79707264089404,1773.4166666666667,1870.7832845052085,1696.8333333333335,1947.3666178385417,1599.4667154947917,2044.7332356770835,1522.8833821614585,-0.07764129320397153,-39.185203269675924,-26.158805655046535,-25.029330424263875,-1.1294752307826599,49.26230703872102,35.31760231818349,1744.6900146484375,1795.3699951171875,1834.0460009765625,1840.87349609375,SHAILY.BO,2023-08-21 22:03:22.178920
350,2022-02-28 00:00:00+05:30,1701.550048828125,1787.0,1630.0,1757.300048828125,1024,0.0,0.0,2022-02-28,1797.917498779297,56.19477816213296,1854.1122769414299,1741.722720617164,1910.3070551035628,1685.527942455031,-104.66028437571829,-152.76137489191407,-33476,1011.907552488585,1560.6741246002325,1841.852459575917,48.038112193240444,1724.7666829427083,1819.5333658854165,1662.5333658854165,1881.7666829427083,1567.7666829427083,1976.5333658854165,1505.5333658854165,-0.10765632667325412,-52.851833767361114,-30.60076898920215,-24.746961616568207,-5.853807372633945,44.593139277590915,36.12880916997634,1743.7500244140624,1797.917498779297,1833.7510009765624,1842.6469970703124,SHAILY.BO,2023-08-21 22:03:22.178920
351,2022-02-25 00:00:00+05:30,1720.050048828125,1799.0,1702.0,1711.550048828125,3002,0.0,0.0,2022-02-25,1804.5474975585937,58.90718786740971,1863.4546854260034,1745.640309691184,1922.361873293413,1686.7331218237744,-85.19950764029373,-149.29211341667258,-34500,2889.3173848631154,1697.865767628144,1842.0861874024513,51.754932819069914,1737.5166829427083,1773.0333658854165,1676.0333658854165,1834.5166829427083,1640.5166829427083,1870.0333658854165,1579.0333658854165,-0.06503579583701678,-76.91834741709184,-32.19009879999885,-23.28350977340972,-8.906589026589131,38.02731722790782,35.737383070571326,1751.3800048828125,1804.5474975585937,1834.2289990234376,1844.2294970703124,SHAILY.BO,2023-08-21 22:03:22.178920
352,2022-02-24 00:00:00+05:30,1769.949951171875,1770.0,1655.0,1689.5,2751,0.0,0.0,2022-02-24,1813.4899963378907,57.607494064399845,1871.0974904022905,1755.882502273491,1928.7049844666903,1698.275008209091,-230.41502725191276,-209.18725353173065,-37502,2613.627831289125,1400.002863319401,1843.15268466456,38.33526496776213,1704.8333333333333,1754.6666666666665,1639.6666666666665,1819.8333333333333,1589.8333333333333,1869.6666666666665,1524.6666666666665,0.020120596248194313,-85.91836734693878,-29.23151198503365,-21.056862516762436,-8.174649468271213,34.5565578162973,36.05117230253314,1767.4699951171874,1813.4899963378907,1835.997998046875,1846.4769970703126,SHAILY.BO,2023-08-21 22:03:22.178920
353,2022-02-23 00:00:00+05:30,1780.0,1803.800048828125,1750.0,1770.9000244140625,760,0.0,0.0,2022-02-23,1822.1824951171875,50.60432252881211,1872.7868176459997,1771.5781725883753,1923.3911401748117,1720.9738500595633,-24.97994948491454,-119.1474139386975,-34751,756.83741865812,1096.59662132697,1844.3117631446514,36.84328033599261,1774.9000244140625,1799.800048828125,1746.0,1828.7000732421875,1721.0999755859375,1853.60009765625,1692.199951171875,0.07653356004984324,-64.95596255896227,-22.82912690575472,-19.013200149694633,-3.8159267560600867,42.766943382695445,35.733240392615826,1780.6599853515625,1822.1824951171875,1838.4219970703125,1849.2749975585937,SHAILY.BO,2023-08-21 22:03:22.178920
354,2022-02-22 00:00:00+05:30,1760.0,1800.050048828125,1705.050048828125,1789.5,326,0.0,0.0,2022-02-22,1823.3574951171875,49.61404358188252,1872.97153869907,1773.743451535305,1922.5855822809524,1724.1294079534225,-59.10109439610861,-131.37483632862657,-33991,328.0531878658143,1181.5364219941825,1844.4650719897027,40.13717040515873,1764.86669921875,1824.683349609375,1729.683349609375,1859.86669921875,1669.86669921875,1919.683349609375,1634.683349609375,0.06036444299828987,-55.59748427672956,-22.302907096460785,-18.05921846067961,-4.243688635781176,45.0373836782442,36.51960437487283,1782.4599853515624,1823.3574951171875,1839.1389965820313,1851.2844970703125,SHAILY.BO,2023-08-21 22:03:22.178920
355,2022-02-21 00:00:00+05:30,1803.050048828125,1840.0,1749.949951171875,1795.449951171875,1160,0.0,0.0,2022-02-21,1828.5474975585937,51.28682062547043,1879.8343181840642,1777.2606769331232,1931.1211388095346,1725.9738563076528,-8.136242186508985,-85.65716872810364,-33665,1171.1870247835052,1394.9072305262746,1844.51435324039,37.7324236979091,1795.13330078125,1840.316650390625,1750.2666015625,1885.183349609375,1705.083251953125,1930.36669921875,1660.216552734375,0.029214896726880175,-54.43775034008464,-23.123079222624483,-16.998296301734314,-6.124782920890169,45.758985464299286,37.27885687238936,1779.789990234375,1828.5474975585937,1839.7599975585938,1852.2979968261718,SHAILY.BO,2023-08-21 22:03:22.178920
356,2022-02-18 00:00:00+05:30,1794.1500244140625,1800.0,1744.9000244140625,1792.0,1778,0.0,0.0,2022-02-18,1834.025,53.373509258281814,1887.3985092582818,1780.6514907417184,1940.7720185165638,1727.2779814834364,-44.67894748614221,-105.00882707763978,-34825,1791.697639607919,1450.837281961967,1844.6713857517905,26.033553636840168,1778.9666748046875,1813.0333251953125,1757.933349609375,1834.066650390625,1723.86669921875,1868.13330078125,1702.8333740234375,0.023259423831959558,-66.23255813953489,-24.40877843558542,-15.467100571511772,-8.941677864073647,45.28699583801254,38.72957307440658,1771.739990234375,1834.025,1840.5759985351563,1853.5604968261719,SHAILY.BO,2023-08-21 22:03:22.178920
357,2022-02-17 00:00:00+05:30,1796.0999755859375,1798.199951171875,1750.0,1755.449951171875,465,0.0,0.0,2022-02-17,1841.4700012207031,57.43348907320375,1898.9034902939068,1784.0365121474995,1956.3369793671106,1726.6030230742956,-76.25438947357844,-117.37276773051302,-36603,459.0250266443177,1365.6221925504788,1844.9310471065437,36.19434474088173,1767.88330078125,1785.7666015625,1737.566650390625,1816.083251953125,1719.683349609375,1833.966552734375,1689.36669921875,0.014423409737790945,-79.83257630813954,-25.345265139258345,-13.23168110549336,-12.113584033764985,40.16494419785687,39.359922331189864,1760.97998046875,1841.4700012207031,1840.757998046875,1854.9089965820312,SHAILY.BO,2023-08-21 22:03:22.178920
358,2022-02-16 00:00:00+05:30,1812.25,1900.0,1766.800048828125,1779.9000244140625,926,0.0,0.0,2022-02-16,1848.7000061035155,55.08855131345544,1903.788557416971,1793.6114547900602,1958.8771087304265,1738.5229034766046,-15.584626044602361,-48.19149285037996,-36138,926.8331425248251,1592.271484027019,1845.0465639629485,39.736329227874215,1815.5666910807292,1864.3333333333335,1731.1333821614585,1948.7666422526042,1682.3667399088542,1997.5332845052085,1597.9334309895835,0.002497199520339074,-70.73487463662791,-22.560606714080905,-10.203285097052111,-12.357321617028793,42.644799051585906,40.10427728866768,1775.77998046875,1848.7000061035155,1842.0489990234375,1857.1019970703126,SHAILY.BO,2023-08-21 22:03:22.178920
359,2022-02-15 00:00:00+05:30,1710.050048828125,1829.0,1710.0,1776.1500244140625,739,0.0,0.0,2022-02-15,1856.9450073242188,56.56965946098445,1913.5146667852032,1800.3753478632343,1970.0843262461876,1743.8056884022499,-95.2472644490132,-96.40733035788537,-37064,738.1065242094326,1758.6310694025672,1845.214475827625,42.04505380871874,1771.7166748046875,1833.433349609375,1714.433349609375,1890.7166748046875,1652.7166748046875,1952.433349609375,1595.433349609375,0.028695499694287106,-72.1302234738372,-21.06153447821157,-7.113954692794913,-13.947579785416657,42.13598939286129,41.11665989802474,1791.219970703125,1856.9450073242188,1842.6709985351563,1859.3149963378905,SHAILY.BO,2023-08-21 22:03:22.178920
360,2022-02-11 00:00:00+05:30,1779.25,1779.5,1701.25,1755.199951171875,3733,0.0,0.0,2022-02-11,1863.1700073242187,54.00277176827609,1917.1727790924947,1809.1672355559426,1971.1755508607707,1755.1644637876666,-192.29264794312587,-132.77189003188428,-37803,3684.50837193779,2013.7622057008507,1845.3568306856278,36.827811930973716,1745.316650390625,1789.38330078125,1711.13330078125,1823.566650390625,1667.066650390625,1867.63330078125,1632.88330078125,0.03204867150484081,-79.92559956395348,-18.453835411405862,-3.6270597464407475,-14.826775664965115,39.34460225935638,40.444144722939214,1808.8499755859375,1863.1700073242187,1844.1009985351564,1861.0219958496093,SHAILY.BO,2023-08-21 22:03:22.178920
361,2022-02-10 00:00:00+05:30,1813.050048828125,1850.050048828125,1721.0,1738.199951171875,1442,0.0,0.0,2022-02-10,1870.365008544922,48.126891791608514,1918.4919003365305,1822.2381167533133,1966.618792128139,1774.111224961705,-276.0606978729714,-105.7723146662705,-41536,1409.4833609443924,1596.0756641416158,1846.3054144747834,39.06352640129749,1769.75,1818.5,1689.449951171875,1898.800048828125,1640.699951171875,1947.550048828125,1560.39990234375,0.0025110977507406406,-87.47171653891509,-12.772322038213588,0.0796341698005314,-12.85195620801412,37.056679266526714,38.194417164908664,1822.3599853515625,1870.365008544922,1846.2389990234376,1863.0894958496094,SHAILY.BO,2023-08-21 22:03:22.178920
362,2022-02-09 00:00:00+05:30,1869.949951171875,1881.0,1824.949951171875,1829.449951171875,487,0.0,0.0,2022-02-09,1877.7150085449218,36.76366891463014,1914.478677459552,1840.9513396302916,1951.242346374182,1804.1876707156616,-76.31957853153027,-7.888454586185936,-40094,501.00776120870114,1642.7237399409214,1846.746578847492,40.065578433236865,1845.13330078125,1865.316650390625,1809.2666015625,1901.183349609375,1789.083251953125,1921.36669921875,1753.216552734375,0.025138413252404183,-53.037754274764154,-3.630500794684167,3.292623221804061,-6.923124016488228,45.63662973227233,35.89183503963433,1848.9,1877.7150085449218,1848.1689990234374,1865.3899963378906,SHAILY.BO,2023-08-21 22:03:22.178920
363,2022-02-08 00:00:00+05:30,1869.9000244140625,1876.0,1825.0,1857.0999755859375,903,0.0,0.0,2022-02-08,1880.9200134277344,35.090538011501636,1916.010551439236,1845.8294754162328,1951.1010894507376,1810.7389374047311,-42.09281797719583,3.204909254833182,-39607,943.0136826792505,1928.1527346239764,1846.7704501926032,43.185959051801454,1852.6999918619792,1880.3999837239585,1829.3999837239585,1903.6999918619792,1801.6999918619792,1931.3999837239585,1778.3999837239585,0.03405772298940448,-42.603782797759436,-0.8579341905485762,5.023404225926118,-5.881338416474694,48.81691589494267,34.23796944716297,1860.4400146484375,1880.9200134277344,1847.585,1867.1599963378906,SHAILY.BO,2023-08-21 22:03:22.178920
364,2022-02-07 00:00:00+05:30,1814.050048828125,1885.050048828125,1800.0,1864.300048828125,404,0.0,0.0,2022-02-07,1883.4175170898438,35.08351341494211,1918.501030504786,1848.3340036749016,1953.584543919728,1813.2504902599596,-28.683412839078787,0.3915241749915635,-38704,423.5377602463069,2174.4374976101576,1846.743948878754,40.30688123347072,1849.7833658854167,1899.5667317708335,1814.5166829427085,1934.8334147135417,1764.7333170572917,1984.6167805989585,1729.4666341145835,0.029676327937845637,-39.88677402712264,-0.018318227690997446,6.493738830044792,-6.512057057735789,49.65358929222791,32.271951042111986,1863.110009765625,1883.4175170898438,1845.6010009765625,1868.2024963378906,SHAILY.BO,2023-08-21 22:03:22.178920
365,2022-02-04 00:00:00+05:30,1856.050048828125,1891.0,1810.949951171875,1822.75,1769,0.0,0.0,2022-02-04,1884.9575134277343,34.875550043994934,1919.8330634717292,1850.0819633837393,1954.7086135157242,1815.2064133397444,-64.45424470420161,-9.731854677000326,-39108,1813.217489435972,2612.16243195112,1846.7237741602705,41.597380026075335,1841.566650390625,1872.183349609375,1792.13330078125,1921.61669921875,1761.5166015625,1952.2333984375,1712.083251953125,0.05178538742891523,-55.56603773584906,0.347824060414041,8.121753094478738,-7.773929034064697,44.56208184668198,30.15470045205708,1859.2800048828126,1884.9575134277343,1843.3039990234374,1869.19099609375,SHAILY.BO,2023-08-21 22:03:22.178920
366,2022-02-03 00:00:00+05:30,1850.0,1900.0,1850.0,1870.9000244140625,3180,0.0,0.0,2022-02-03,1889.4900146484374,32.14940957515026,1921.6394242235876,1857.3406050732872,1953.7888337987379,1825.191195498137,9.578655083469544,31.41949945151163,-37339,3345.589559848087,2811.898667579907,1846.8450161705152,43.60489833434845,1873.6333414713542,1897.2666829427085,1847.2666829427085,1923.6333414713542,1823.6333414713542,1947.2666829427085,1797.2666829427085,0.10136970267176676,-37.396217202240564,4.903377343251577,10.065235352994913,-5.1618580097433355,50.003594923360275,27.96643474001393,1872.710009765625,1889.4900146484374,1841.7389990234376,1869.9954956054687,SHAILY.BO,2023-08-21 22:03:22.178920
367,2022-02-02 00:00:00+05:30,1898.949951171875,1900.0,1860.25,1887.1500244140625,1669,0.0,0.0,2022-02-02,1892.0250122070313,32.60210179423891,1924.6271140012702,1859.4229104127924,1957.2292157955092,1826.8208086185534,17.428277145749014,44.37147111048101,-34159,1771.1597054853864,2678.4759445128616,1846.6243235645989,46.873538535968486,1882.4666748046875,1904.683349609375,1864.933349609375,1922.2166748046875,1842.7166748046875,1944.433349609375,1825.183349609375,0.1441445298274352,-31.264141730542452,5.91952456090462,11.355699855430748,-5.436175294526128,51.993229833486616,25.957200147725423,1876.610009765625,1892.0250122070313,1839.562998046875,1870.0509948730469,SHAILY.BO,2023-08-21 22:03:22.178920
368,2022-02-01 00:00:00+05:30,1887.9000244140625,1908.0,1780.0,1870.449951171875,1493,0.0,0.0,2022-02-01,1890.5900085449218,33.44860810097849,1924.0386166459002,1857.1414004439434,1957.4872247468788,1823.6927923429648,-56.62643483615727,8.29731560148791,-35828,1570.365911500639,2905.3050042697305,1846.4282413172841,44.387891153365196,1852.816650390625,1925.63330078125,1797.63330078125,1980.816650390625,1724.816650390625,2053.63330078125,1669.63330078125,0.11083104673330083,-37.5660561615566,5.5304323689467765,12.714743679062279,-7.184311310115502,50.098423386432486,23.889872309779076,1871.85,1890.5900085449218,1836.8499975585937,1870.1469946289062,SHAILY.BO,2023-08-21 22:03:22.178920
369,2022-01-31 00:00:00+05:30,1889.9000244140625,1970.0,1755.0,1845.1500244140625,5664,0.0,0.0,2022-01-31,1893.440008544922,34.06492389033845,1927.5049324352603,1859.3750846545836,1961.569856325599,1825.310160764245,-64.01664801267792,14.217120704941758,-37321,5876.92147068672,3239.0397774620033,1846.323817650406,45.90717776053303,1856.7166748046875,1958.433349609375,1743.433349609375,2071.7166748046875,1641.7166748046875,2173.433349609375,1528.433349609375,0.08701115503198428,-47.11319833431604,6.5931862096258556,14.510821506591153,-7.917635296965297,47.164794787333996,21.663519253529163,1856.6400146484375,1893.440008544922,1833.977998046875,1869.6699951171875,SHAILY.BO,2023-08-21 22:03:22.178920
370,2022-01-28 00:00:00+05:30,1897.6500244140625,1900.0,1870.050048828125,1889.9000244140625,5475,0.0,0.0,2022-01-28,1898.085009765625,33.46213425833965,1931.5471440239646,1864.6228755072855,1965.0092782823044,1831.1607412489457,-5.920579462173165,52.969426987068104,-31657,5818.592110192908,2579.5693541558244,1846.3434997722482,65.02033447756446,1886.6500244140625,1903.25,1873.300048828125,1916.5999755859375,1856.7000732421875,1933.199951171875,1843.35009765625,0.24903232160556488,-30.22640588148585,10.345595864982215,16.490230330832475,-6.14463446585026,52.20554699869444,19.26590826987541,1866.27001953125,1898.085009765625,1832.1069970703124,1869.2384948730469,SHAILY.BO,2023-08-21 22:03:22.178920
371,2022-01-27 00:00:00+05:30,1869.25,1900.0,1852.25,1890.4000244140625,1342,0.0,0.0,2022-01-27,1895.7900085449219,35.56123542746324,1931.3512439723852,1860.2287731174586,1966.9124793998483,1824.6675376899955,-20.468754823219886,47.91251704557494,-26182,1426.5966164908248,1769.8136651465534,1845.6258850836002,45.13154875328966,1880.8833414713542,1909.5166829427085,1861.7666829427085,1928.6333414713542,1833.1333414713542,1957.2666829427085,1814.0166829427085,0.24662639452132296,-30.03772663620283,10.585868895477006,18.026388947295036,-7.44052005181803,52.26349896327308,17.86415619082524,1869.2900146484376,1895.7900085449219,1829.61599609375,1868.408494873047,SHAILY.BO,2023-08-21 22:03:22.178920
372,2022-01-25 00:00:00+05:30,1848.25,1900.0,1770.0,1863.3499755859375,2075,0.0,0.0,2022-01-25,1893.6000061035156,37.220617544248924,1930.8206236477645,1856.3793885592668,1968.0412411920136,1819.1587710150177,-108.77853827730215,2.641562399479383,-27524,2174.240056895211,1855.6179273104854,1845.4443372243336,47.71813742532922,1844.4499918619792,1918.8999837239585,1788.8999837239585,1974.4499918619792,1714.4499918619792,2048.8999837239585,1658.8999837239585,0.16925228619163135,-40.2452922317217,10.683856807315351,19.886518960249543,-9.202662152934192,49.44424159517579,16.35457702877121,1879.3900146484375,1893.6000061035156,1828.1869946289062,1867.4204943847656,SHAILY.BO,2023-08-21 22:03:22.178920
373,2022-01-24 00:00:00+05:30,1925.9000244140625,1926.300048828125,1705.0,1794.4000244140625,3146,0.0,0.0,2022-01-24,1890.9325073242187,41.20149378779749,1932.1340011120162,1849.7310135364212,1973.3354948998137,1808.5295197486237,-262.97639929595545,-43.04502526427191,-29599,3174.4825517643862,1775.9623949143038,1845.3313704732418,46.02761936472869,1808.5666910807292,1912.1333821614585,1690.8333333333335,2029.8667399088542,1587.2666422526042,2133.4334309895835,1469.5332845052085,0.2406054868341137,-66.26414173054245,13.31145436982797,22.18718449848309,-8.875730128655121,41.22879770338033,14.728876392713026,1886.730029296875,1890.9325073242187,1826.928994140625,1866.683994140625,SHAILY.BO,2023-08-21 22:03:22.178920
374,2022-01-21 00:00:00+05:30,1905.050048828125,1940.0,1880.0999755859375,1893.300048828125,1606,0.0,0.0,2022-01-21,1888.9925048828125,46.55206503250028,1935.5445699153126,1842.4404398503123,1982.096634947813,1795.8883748178118,-14.066640674511355,80.56265058513509,-26453,1709.8576139733605,1426.332355701783,1845.8232523046586,50.35812579470069,1904.4666748046875,1928.8333740234375,1868.933349609375,1964.36669921875,1844.566650390625,1988.7333984375,1809.0333251953125,0.25507230444005574,-48.269313648442164,23.26441228315616,24.406117030646868,-1.1417047474907065,52.61728952928279,12.978121861573438,1916.8100341796876,1888.9925048828125,1827.518994140625,1866.4699938964843,SHAILY.BO,2023-08-21 22:03:22.178920
375,2022-01-20 00:00:00+05:30,1921.0,1940.0,1890.0,1905.0,590,0.0,0.0,2022-01-20,1881.7225036621094,56.19808723660883,1937.9205908987183,1825.5244164255005,1994.118678135327,1769.3263291888918,29.926184931922577,93.46058584591835,-24847,632.0361970077362,1355.4510411338883,1845.5880236086302,57.92630304717183,1911.6666666666667,1933.3333333333335,1883.3333333333335,1961.6666666666667,1861.6666666666667,1983.3333333333335,1833.3333333333335,0.27691173341809455,-45.98789899303388,25.91456944530273,24.69154321751954,1.2230262277831905,54.263863096393024,13.893655091352832,1918.280029296875,1881.7225036621094,1825.3229931640626,1865.3179931640625,SHAILY.BO,2023-08-21 22:03:22.178920
376,2022-01-19 00:00:00+05:30,1946.9000244140625,1950.0,1880.0,1940.9000244140625,1230,0.0,0.0,2022-01-19,1875.1750061035157,60.78451862311693,1935.9595247266327,1814.3904874803986,1996.7440433497495,1753.6059688572818,95.6626889543104,112.95301020135281,-24257,1342.4658181854622,1536.3047521654262,1845.4796856668684,71.20030475656439,1923.6333414713542,1967.2666829427085,1897.2666829427085,1993.6333414713542,1853.6333414713542,2037.2666829427085,1827.2666829427085,0.30165460309057085,-25.337896430153794,27.76266078074059,24.38578666057374,3.3768741201668497,59.575713324320674,14.805130671203708,1917.1000244140625,1875.1750061035157,1823.858994140625,1864.1954931640626,SHAILY.BO,2023-08-21 22:03:22.178920
377,2022-01-18 00:00:00+05:30,1950.0,1950.0,1899.5999755859375,1900.050048828125,831,0.0,0.0,2022-01-18,1866.3525024414062,63.488053049775864,1929.840555491182,1802.8644493916304,1993.328608540958,1739.3763963418544,88.44554283937754,110.78400624238266,-25487,887.8938015081717,1584.764485660417,1845.1155570857277,59.187418006436474,1916.5500081380208,1933.500040690104,1883.1000162760415,1966.9500325520833,1866.1499837239583,1983.9000651041665,1832.699991861979,0.2956625338932576,-41.42469996128533,26.172522877291613,23.541568130532028,2.630954746759585,54.91227347974937,15.78671975719696,1905.960009765625,1866.3525024414062,1823.1409936523437,1862.7734924316405,SHAILY.BO,2023-08-21 22:03:22.178920
378,2022-01-17 00:00:00+05:30,1970.0,1970.0,1901.5,1944.800048828125,1034,0.0,0.0,2022-01-17,1859.2125,67.40770041526125,1926.6202004152613,1791.804799584739,1994.0279008305226,1724.3970991694775,250.3464552911996,144.43672483434014,-24656,1130.8121212803492,1758.982156698478,1844.9735611336107,69.96991575322973,1938.7666829427083,1976.0333658854165,1907.5333658854165,2007.2666829427083,1870.2666829427083,2044.5333658854165,1839.0333658854165,0.3194649787363239,-19.590100955954615,27.763214780168255,22.883829443842128,4.879385336326127,62.21291187796458,16.397047168421416,1904.660009765625,1859.2125,1823.2199926757812,1861.7729919433593,SHAILY.BO,2023-08-21 22:03:22.178920
379,2022-01-14 00:00:00+05:30,1920.050048828125,1920.050048828125,1811.0999755859375,1900.6500244140625,309,0.0,0.0,2022-01-14,1846.3824951171875,74.32504935350731,1920.7075444706948,1772.0574457636803,1995.0325938242022,1697.732396410173,-134.3283052351393,75.17811754522313,-25690,330.2597095079473,1916.0246655530102,1844.651457805636,77.6301783350433,1877.2666829427083,1943.433390299479,1834.4833170572915,1986.2167561848958,1768.3166097005208,2052.3834635416665,1725.533243815104,0.26369468726526585,-32.05930496739685,24.97193070460594,21.663983109760593,3.307947594845345,56.97215526178917,17.01159874505106,1897.110009765625,1846.3824951171875,1822.3679907226563,1860.2764916992187,SHAILY.BO,2023-08-21 22:03:22.178920
380,2022-01-13 00:00:00+05:30,1922.0,1922.0,1861.050048828125,1899.0999755859375,1103,0.0,0.0,2022-01-13,1840.322491455078,74.60794866709769,1914.9304401221757,1765.7145427879805,1989.5383887892735,1691.1065941208826,-51.23852830479558,100.53101902017772,-25999,1177.9267927545025,2312.4659045642757,1844.5974093560642,79.5744339104661,1894.0500081380208,1927.0499674479165,1866.1000162760415,1954.9999593098958,1833.1000569661458,1987.9999186197915,1805.1500651041665,0.15848430438505717,-30.12808924264558,25.367987122815293,20.836996211049257,4.530990911766036,56.77672828721019,17.953877034549578,1896.0,1840.322491455078,1821.5939892578126,1859.0529919433593,SHAILY.BO,2023-08-21 22:03:22.178920
381,2022-01-12 00:00:00+05:30,1949.949951171875,1949.949951171875,1870.199951171875,1885.199951171875,439,0.0,0.0,2022-01-12,1834.427490234375,74.37679159200042,1908.8042818263755,1760.0506986423745,1983.181073418376,1685.673907050374,26.83693230025324,116.94982273581601,-27102,465.3898418941346,2596.100682516719,1844.408984080237,81.05535720690872,1901.7832845052083,1933.3666178385415,1853.6166178385415,1981.5332845052083,1822.0332845052083,2013.1166178385415,1773.8666178385415,0.15568041603488253,-35.00614742686275,25.6433522379466,19.704248483107747,5.939103754838854,55.077721513137774,18.57237349968215,1898.860009765625,1834.427490234375,1821.7919897460938,,SHAILY.BO,2023-08-21 22:03:22.178920
382,2022-01-11 00:00:00+05:30,1916.050048828125,1932.0,1865.6500244140625,1893.550048828125,598,0.0,0.0,2022-01-11,1830.1674926757812,73.75303495381738,1903.9205276295986,1756.4144577219638,1977.673562583416,1682.6614227681464,22.27181719518985,118.1951510868593,-26663,636.7558331595484,3128.778392672365,1844.3527793058497,82.24741887604858,1897.0666910807292,1928.483357747396,1862.1333821614585,1963.4166666666667,1830.7167154947917,1994.8333333333335,1795.783406575521,0.019347576148507226,-30.573646854754475,26.976309187674588,18.219472544398034,8.756836643276554,56.31244250048153,19.010875231047667,1906.1400146484375,1830.1674926757812,1821.219990234375,,SHAILY.BO,2023-08-21 22:03:22.178920
383,2022-01-10 00:00:00+05:30,1895.0999755859375,1950.0,1860.0,1907.050048828125,3412,0.0,0.0,2022-01-10,1826.0249877929687,72.31841977881757,1898.3434075717862,1753.7065680141511,1970.6618273506037,1681.3881482353336,53.292147867469374,138.9466163330804,-26065,3659.0308653983825,3751.784032550569,1844.260266304097,83.3817719100116,1905.683349609375,1951.36669921875,1861.36669921875,1995.683349609375,1815.683349609375,2041.36669921875,1771.36669921875,0.015259174784419986,-25.9709668361014,27.451807949776367,16.030263383578895,11.421544566197472,58.27366939321827,19.828666111355716,1899.1199951171875,1826.0249877929687,1819.9489892578124,,SHAILY.BO,2023-08-21 22:03:22.178920
384,2022-01-07 00:00:00+05:30,1895.0,1914.949951171875,1855.0,1895.0999755859375,3539,0.0,0.0,2022-01-07,1821.0099853515626,69.83913191859769,1890.8491172701604,1751.1708534329648,1960.688249188758,1681.3317215143672,35.257035507774816,121.6595990272142,-29477,3771.443867427373,3774.972324338615,1843.5792720861866,82.57544304251358,1888.3499755859375,1921.699951171875,1861.75,1948.2999267578125,1828.4000244140625,1981.64990234375,1801.800048828125,0.00751774454822124,-24.75888668077646,26.3151085171678,13.174877242029526,13.140231275138275,57.04397551922003,20.70936398245669,1903.1999755859374,1821.0099853515626,1818.17798828125,,SHAILY.BO,2023-08-21 22:03:22.178920
385,2022-01-06 00:00:00+05:30,1842.050048828125,1948.0,1842.050048828125,1913.4000244140625,2369,0.0,0.0,2022-01-06,1817.282489013672,67.63119138129697,1884.9136803949689,1749.651297632375,1952.5448717762658,1682.020106251078,61.771786455151755,149.2599581127555,-25938,2548.976288238868,3775.854438566425,1842.9931056166356,76.34265582846326,1901.1500244140625,1960.25,1854.300048828125,2007.0999755859375,1795.2000732421875,2066.199951171875,1748.35009765625,-0.19580340475013833,-18.683884549106413,25.63797617628302,9.889819423244957,15.748156753038062,59.53907220062451,22.27701576607732,1911.789990234375,1817.282489013672,1816.7959887695313,,SHAILY.BO,2023-08-21 22:03:22.178920
386,2022-01-05 00:00:00+05:30,1858.0,1935.0,1835.0,1921.5999755859375,1324,0.0,0.0,2022-01-05,1813.4249877929688,63.96099241093233,1877.385980203901,1749.4639953820365,1941.3469726148335,1685.503002971104,69.39292792730232,147.00609914726846,-23569,1430.6912769599096,4082.5739761483137,1842.4527754117007,77.99493034277555,1897.1999918619792,1959.3999837239585,1859.3999837239585,1997.1999918619792,1797.1999918619792,2059.3999837239585,1759.3999837239585,-0.20819511299012466,-16.54262532011784,22.580309867739516,5.952780234985441,16.627529632754076,60.642729949080746,23.96525614843799,1897.9099853515625,1813.4249877929688,1814.98298828125,,SHAILY.BO,2023-08-21 22:03:22.178920
387,2022-01-04 00:00:00+05:30,1948.300048828125,1950.0,1840.0,1858.449951171875,1164,0.0,0.0,2022-01-04,1807.3999877929687,58.69332782645487,1866.0933156194235,1748.7066599665138,1924.7866434458783,1690.013332140059,67.48997718762709,121.19744269804896,-24893,1216.4627361898815,4745.544650945414,1842.111842341798,77.31457565641506,1882.816650390625,1925.63330078125,1815.63330078125,1992.816650390625,1772.816650390625,2035.63330078125,1705.63330078125,-0.22453132362165004,-33.0330372449178,17.515873571423754,1.7958978267969212,15.719975744626833,54.628335857873644,25.541380682619064,1882.9099853515625,1807.3999877929687,1812.5209887695312,,SHAILY.BO,2023-08-21 22:03:22.178920
388,2022-01-03 00:00:00+05:30,1930.0,1984.949951171875,1893.199951171875,1927.449951171875,1280,0.0,0.0,2022-01-03,1805.477490234375,57.55179338049113,1863.029283614866,1747.925696853884,1920.5810769953573,1690.3739034733926,140.13172357970012,197.86191775022775,-23729,1387.3563907990706,5627.815129634297,1842.0497342537178,64.6346957456407,1935.199951171875,1977.199951171875,1885.449951171875,2026.949951171875,1843.449951171875,2068.949951171875,1793.699951171875,-0.22180400284641527,-15.015016929508091,16.98578899689801,-2.134096109359787,19.119885106257797,64.65236672059852,27.322830760527843,1873.2199951171874,1805.477490234375,1812.3959887695312,,SHAILY.BO,2023-08-21 22:03:22.178920
389,2021-12-31 00:00:00+05:30,1869.8499755859375,1950.0,1841.1500244140625,1938.050048828125,7373,0.0,0.0,2021-12-31,1799.6549926757812,49.95111127548887,1849.6061039512701,1749.7038814002922,1899.557215226759,1699.7527701248034,164.28635214409314,160.83704742032586,-22449,8035.338591722004,6687.929814343102,1841.6912404876105,61.65510112117452,1909.7333577473958,1978.316691080729,1869.4667154947915,2018.5833333333333,1800.8833821614583,2087.1666666666665,1760.616739908854,-0.22366622982851536,-3.4338940149066093,9.254305125014525,-6.914067385924236,16.16837251093876,66.39016870049139,28.661841748163972,1838.85,1799.6549926757812,1812.2009887695312,,SHAILY.BO,2023-08-21 22:03:22.178920
390,2021-12-30 00:00:00+05:30,1850.0,1877.0,1780.0,1844.0,4595,0.0,0.0,2021-12-30,1795.134991455078,39.83444695428053,1834.9694384093586,1755.3005445007975,1874.8038853636392,1715.466097546517,108.8527063843967,45.77355285947278,-29822,4764.763969715743,6351.0776199983775,1839.3035467578773,56.76196921790135,1833.6666666666667,1887.3333333333335,1790.3333333333335,1930.6666666666667,1736.6666666666667,1984.3333333333335,1693.3333333333335,-0.26771212247143206,-12.933965636728875,-1.8285028608156608,-10.956160513658926,9.127657652843265,56.829982923871874,30.680753664993922,1800.8199951171875,1795.134991455078,1812.4399877929689,,SHAILY.BO,2023-08-21 22:03:22.178920
391,2021-12-29 00:00:00+05:30,1879.949951171875,1879.949951171875,1819.949951171875,1846.5999755859375,8793,0.0,0.0,2021-12-29,1796.039990234375,41.185728048397614,1837.2257182827725,1754.8542621859774,1878.4114463311703,1713.6685341375796,161.95236862868794,65.67545123582588,-25227,9130.716492994079,6747.656032569036,1839.229882372643,34.94569705128667,1848.8332926432292,1877.7166341145835,1817.7166341145835,1908.8332926432292,1788.8332926432292,1937.7166341145835,1757.7166341145835,-0.2756078870969171,-14.430646675916424,-6.727646111710101,-13.238074926869743,6.510428815159642,57.24799627628841,31.781210157432348,1786.8300048828125,1796.039990234375,1815.56298828125,,SHAILY.BO,2023-08-21 22:03:22.178920
392,2021-12-28 00:00:00+05:30,1755.6500244140625,1839.5,1722.0,1810.0,14560,0.0,0.0,2021-12-28,1795.4449890136718,40.49705618576089,1835.9420451994326,1754.947932827911,1876.4391013851937,1714.45087664215,70.97809335744262,-22.708304024741725,-34020,14819.54635122832,6151.890917462775,1839.0018234283,32.64132014507669,1790.5,1859.0,1741.5,1908.0,1673.0,1976.5,1624.0,-0.2744699942273459,-30.201342281879196,-13.154158231368683,-14.865682130659652,1.7115238992909685,52.700269679599,33.66405453651089,1770.4,1795.4449890136718,1817.7589892578126,,SHAILY.BO,2023-08-21 22:03:22.178920
393,2021-12-27 00:00:00+05:30,1700.0,1800.0,1700.0,1755.5999755859375,3836,0.0,0.0,2021-12-27,1794.9574890136719,40.37111154181222,1835.3286005554842,1754.5863774718596,1875.6997120972962,1714.2152659300475,-21.710753414946947,-82.67307168429998,-48580,3787.033302274035,3984.977059021388,1840.5680940110747,22.033395345760724,1751.8666585286458,1803.7333170572915,1703.7333170572915,1851.8666585286458,1651.8666585286458,1903.7333170572915,1603.7333170572915,-0.37964850508981246,-48.456384031564596,-17.578192694568088,-15.293563105482392,-2.2846295890856965,44.56097904597994,34.75438074263419,1759.85,1794.9574890136719,1821.0989892578125,,SHAILY.BO,2023-08-21 22:03:22.178920
394,2021-12-24 00:00:00+05:30,1775.449951171875,1775.75,1717.0999755859375,1747.9000244140625,145,0.0,0.0,2021-12-24,1795.072491455078,40.256208153731,1835.328699608809,1754.816283301347,1875.58490776254,1714.560075147616,-40.52751618571891,-95.34062372719985,-52416,142.52122621660837,4034.462998208226,1841.7945118188998,19.36091758311082,1746.9166666666667,1776.733357747396,1718.0833333333335,1805.5666910807292,1688.2666422526042,1835.3833821614585,1659.433308919271,-0.3828129749579955,-51.040260263737416,-17.61838300902855,-14.722405708210967,-2.895977300817581,43.27809972169121,34.873448496144164,1746.3699951171875,1795.072491455078,1825.5339892578124,,SHAILY.BO,2023-08-21 22:03:22.178920
395,2021-12-23 00:00:00+05:30,1778.9000244140625,1800.0,1686.0,1774.050048828125,4254,0.0,0.0,2021-12-23,1795.1499877929687,40.16199959959722,1835.311987392566,1754.9879881933714,1875.4739869921632,1714.8259885937741,-41.97302930748982,-91.02299878525758,-52271,4243.833268006758,5007.44844120613,1841.8457683204065,19.21436427203625,1753.3500162760417,1820.7000325520835,1706.7000325520835,1867.3500162760417,1639.3500162760417,1934.7000325520835,1592.7000325520835,-0.36667638337816655,-42.26508428586409,-16.644565068811744,-13.998411383006571,-2.6461536858051726,46.68486866738925,34.2841726657896,1752.67998046875,1795.1499877929687,1830.3619897460937,,SHAILY.BO,2023-08-21 22:03:22.178920
396,2021-12-22 00:00:00+05:30,1702.0999755859375,1791.0,1685.0,1764.449951171875,855,0.0,0.0,2021-12-22,1793.6724853515625,41.50034343215124,1835.1728287837138,1752.1721419194112,1876.673172215865,1710.67179848726,-67.70093468203058,-108.04082905769306,-56525,848.3409249446413,5198.352234505973,1842.9492174842967,19.211173852088407,1746.816650390625,1808.63330078125,1702.63330078125,1852.816650390625,1640.816650390625,1914.63330078125,1596.63330078125,-0.4034179945745849,-45.4865935664849,-17.72097382145239,-13.336872961555276,-4.384100859897114,45.21474788327022,33.64956792540776,1754.1099609375,1793.6724853515625,1834.5759887695312,,SHAILY.BO,2023-08-21 22:03:22.178920
397,2021-12-21 00:00:00+05:30,1622.050048828125,1777.949951171875,1622.050048828125,1757.25,939,0.0,0.0,2021-12-21,1793.5549865722655,41.59066339083064,1835.1456499630963,1751.9643231814348,1876.7363133539268,1710.3736597906043,-143.09727957939526,-162.68938824660322,-57380,927.8848927026484,6285.855061896305,1843.2068539385484,20.005805660123656,1719.0833333333333,1816.1166178385415,1660.2167154947915,1874.9832356770833,1563.1834309895833,1972.0165201822915,1504.3168131510415,-0.40987836344688966,-47.90268456375839,-17.885139442832042,-12.240847746580995,-5.644291696251047,44.14208353488265,32.71483127311713,1761.219970703125,1793.5549865722655,1838.414990234375,,SHAILY.BO,2023-08-21 22:03:22.178920
398,2021-12-20 00:00:00+05:30,1779.800048828125,1800.0,1602.0,1688.199951171875,8786,0.0,0.0,2021-12-20,1793.2674865722656,41.8737444839775,1835.1412310562432,1751.393742088288,1877.0149755402206,1709.5199976043107,-278.03941585586415,-212.51969302901253,-58319,8340.844831427921,7625.347604194719,1843.517803489339,18.804353081392975,1696.7333170572917,1791.4666341145835,1593.4666341145835,1894.7333170572917,1498.7333170572917,1989.4666341145835,1395.4666341145835,-0.41306673427680973,-71.07384188863254,-17.11524812384073,-10.829774822518232,-6.285473301322497,32.34592352399554,31.351032232937804,1771.9099609375,1793.2674865722656,1842.4619897460936,,SHAILY.BO,2023-08-21 22:03:22.178920
399,2021-12-17 00:00:00+05:30,1780.0,1849.0,1774.25,1779.449951171875,7044,0.0,0.0,2021-12-17,1795.1999877929688,37.42515802886548,1832.6251458218344,1757.7748297641033,1870.0503038506997,1720.349671735238,-83.72417211752395,-38.19113387162433,-49533,7048.554862445573,7446.4732973864175,1848.959208080767,22.201621072333836,1800.8999837239583,1827.5499674479165,1752.7999674479165,1875.6499837239583,1726.1499837239583,1902.2999674479165,1678.0499674479165,-0.4462056259188298,-67.04672752528647,-9.069848397152782,-9.258406497187607,0.18855810003482532,43.66017761566835,29.882325574283144,1795.619970703125,1795.1999877929688,1847.7009912109374,,SHAILY.BO,2023-08-21 22:03:22.178920
400,2021-12-16 00:00:00+05:30,1800.0,1826.75,1767.050048828125,1781.199951171875,164,0.0,0.0,2021-12-16,1793.8074890136718,38.54342934658333,1832.350918360255,1755.2640596670885,1870.8943477068385,1716.720630320505,-148.36359097769864,-56.01525029623517,-42489,164.26743742412214,7545.952906121628,1850.9679928386297,15.489699924618634,1791.6666666666667,1816.2832845052085,1756.5833333333335,1851.3666178385417,1731.9667154947917,1875.9832356770835,1696.8833821614585,-0.42227359022778554,-47.52001953125,-7.618619225906286,-9.305546022196314,1.6869267962900274,43.9338469255742,30.467569918193902,1803.839990234375,1793.8074890136718,1851.5429931640624,,SHAILY.BO,2023-08-21 22:03:22.178920
401,2021-12-15 00:00:00+05:30,1801.050048828125,1801.050048828125,1799.8499755859375,1800.0,13741,0.0,0.0,2021-12-15,1793.014990234375,38.976809531512174,1831.9917997658872,1754.038180702863,1870.9686092973993,1715.0613711713509,-140.1226279373969,-45.485452552752996,-42325,13908.676444281278,9391.374273296004,1851.0149675482014,15.001934690307209,1800.3000081380208,1800.750040690104,1799.5499674479165,1801.5000813802083,1799.0999348958333,1801.9501139322915,1798.349894205729,-0.4281689346356263,-40.0,-5.817520980508334,-9.72727772126882,3.9097567407604856,46.864178211973055,30.409591922598295,1814.85,1793.014990234375,1854.2299951171874,,SHAILY.BO,2023-08-21 22:03:22.178920
402,2021-12-14 00:00:00+05:30,1781.75,1850.0,1781.699951171875,1810.699951171875,2813,0.0,0.0,2021-12-14,1793.9624877929687,39.38375215932308,1833.3462399522919,1754.5787356336455,1872.7299921116148,1715.1949834743225,-79.7715782519831,-28.78143826459227,-28584,2864.2517138786716,8262.048730549684,1854.0649539257918,17.672122574014125,1814.13330078125,1846.566650390625,1778.2666015625,1882.433349609375,1745.833251953125,1914.86669921875,1709.966552734375,-0.36503916703575906,-35.72001953125,-5.274945142116849,-10.704716906458941,5.429771764342092,48.576498250080405,30.93607148698676,1815.0699951171875,1793.9624877929687,1856.95599609375,,SHAILY.BO,2023-08-21 22:03:22.178920
403,2021-12-13 00:00:00+05:30,1800.0,1857.9000244140625,1800.0,1806.75,742,0.0,0.0,2021-12-13,1793.4499877929688,39.22083906649973,1832.6708268594687,1754.229148726469,1871.8916659259683,1715.0083096599694,-41.79088336270735,-22.419252537704836,-31397,753.87081099359,9611.497984717436,1854.602281653585,18.813998878927734,1821.5500081380208,1843.1000162760415,1785.199991861979,1879.4500325520833,1763.6499837239583,1901.000040690104,1727.2999674479165,-0.37138660515527155,-37.3,-5.554143310768723,-12.062159847544464,6.508016536775742,47.924257333016065,31.503049479405103,1816.9300048828125,1793.4499877929688,1860.127998046875,,SHAILY.BO,2023-08-21 22:03:22.178920
404,2021-12-10 00:00:00+05:30,1887.6500244140625,1887.8499755859375,1799.949951171875,1820.550048828125,47896,0.0,0.0,2021-12-10,1794.3074890136718,39.71133893697164,1834.0188279506435,1754.5961500767,1873.730166887615,1714.8848111397285,55.62277098629202,-8.525385773012134,-30655,49033.94407267406,11825.904778148397,1854.7591944875699,18.8078082764699,1836.1166585286458,1872.2833658854165,1784.383341471354,1924.0166829427083,1748.2166341145833,1960.183390299479,1696.4833170572915,-0.34708126366825226,-31.77998046875,-5.4384375429372085,-13.689163981738398,8.25072643880119,49.98084533260104,32.44630268419094,1817.7800048828126,1794.3074890136718,1863.4299975585936,,SHAILY.BO,2023-08-21 22:03:22.178920
405,2021-12-09 00:00:00+05:30,1899.949951171875,1900.0,1799.949951171875,1836.25,4974,0.0,0.0,2021-12-09,1792.4549865722656,39.284597845942365,1831.739584418208,1753.1703887263232,1871.0241822641503,1713.885790880381,80.02795815023971,-1.8195297934580772,17241,5136.0891015095285,2523.8949545169808,1863.9442786622749,50.753219423927135,1845.3999837239583,1890.8500162760415,1790.7999674479165,1945.4500325520833,1745.3499348958333,1990.9000651041665,1690.7499186197915,-0.22467400957782882,-25.5,-6.566994246848026,-15.751845591438695,9.184851344590669,52.35429544640969,33.462113827806455,1823.2,1792.4549865722656,1864.83599609375,,SHAILY.BO,2023-08-21 22:03:22.178920
406,2021-12-08 00:00:00+05:30,1850.050048828125,1850.050048828125,1791.0,1801.0999755859375,2177,0.0,0.0,2021-12-08,1792.232489013672,39.03531029717729,1831.2677993108493,1753.1971787164946,1870.3031096080265,1714.1618684193174,25.38296731725786,-37.65703580614387,12267,2204.9117354714494,1870.8464177688436,1864.7386420075422,32.47994432915954,1814.0500081380208,1837.1000162760415,1778.0499674479165,1873.1000569661458,1754.9999593098958,1896.1500651041665,1718.9999186197915,-0.22463300810742617,-39.560009765625,-9.458596214284398,-18.048058427586362,8.589462213301964,47.135348554260865,34.55606429016163,1828.3699951171875,1792.232489013672,1866.5449951171875,,SHAILY.BO,2023-08-21 22:03:22.178920
407,2021-12-07 00:00:00+05:30,1811.050048828125,1850.0,1811.0,1820.0,455,0.0,0.0,2021-12-07,1797.427490234375,46.4811631412019,1843.908653375577,1750.946327093173,1890.3898165167789,1704.4651639519711,54.111823086976024,-27.036165216456208,14444,465.669446810006,1787.3300883431918,1865.5477183405126,32.877385197217976,1827.0,1843.0,1804.0,1866.0,1788.0,1882.0,1765.0,-0.20900416164415442,-32.0,-9.555666083113238,-20.19542398091185,10.639757897798614,49.862338642893924,34.44000806769624,1835.089990234375,1797.427490234375,1869.0599951171876,,SHAILY.BO,2023-08-21 22:03:22.178920
408,2021-12-06 00:00:00+05:30,1850.0,1850.0,1800.050048828125,1811.0,859,0.0,0.0,2021-12-06,1801.627490234375,52.085382156228235,1853.7128723906033,1749.5421080781468,1905.7982545468315,1697.4567259219186,54.58946974272913,-35.642265434949365,13989,874.7955672751347,2117.745248726488,1865.6690693956477,30.413635579766776,1820.3500162760417,1840.6499837239585,1790.7000325520835,1870.2999674479167,1770.4000651041667,1890.5999348958335,1740.7500813802085,-0.20591513694880723,-35.6,-11.39652815166346,-22.855363455361502,11.458835303698041,48.54604861760502,34.587303478279104,1831.139990234375,1801.627490234375,1872.1549951171876,,SHAILY.BO,2023-08-21 22:03:22.178920
409,2021-12-03 00:00:00+05:30,1869.949951171875,1869.949951171875,1816.0,1847.6500244140625,4040,0.0,0.0,2021-12-03,1806.1874877929688,56.7338931735264,1862.9213809664952,1749.4535946194424,1919.6552741400217,1692.719701445916,106.98467715738192,-15.668220410589017,14848,4197.55153442852,2428.4826690893265,1865.9454390437813,29.877447470598568,1844.5333251953125,1873.066650390625,1819.11669921875,1898.4832763671875,1790.5833740234375,1927.0166015625,1765.166748046875,-0.2007197164709224,-20.939990234375,-12.69435113106988,-25.720072281286008,13.025721150216128,53.89656079712839,34.74592930506065,1820.5199951171876,1806.1874877929688,1875.958994140625,,SHAILY.BO,2023-08-21 22:03:22.178920
410,2021-12-02 00:00:00+05:30,1835.0,1875.0,1790.0,1862.0999755859375,1744,0.0,0.0,2021-12-02,1806.9024841308594,57.37046922445167,1864.272953355311,1749.5320149064078,1921.6434225797627,1692.161545681956,146.73004804406827,-19.828112936376684,18888,1826.1835844642374,1986.2154527545279,1866.3910230509196,45.812832200287346,1842.3666585286458,1894.7333170572915,1809.7333170572915,1927.3666585286458,1757.3666585286458,1979.7333170572915,1724.7333170572915,-0.23670826134643996,-15.160009765625,-17.773091272284546,-28.976502568840036,11.20341129655549,56.16276551868616,35.12217217253555,1800.87998046875,1806.9024841308594,1877.9429931640625,,SHAILY.BO,2023-08-21 22:03:22.178920
411,2021-12-01 00:00:00+05:30,1800.0,1883.0,1720.199951171875,1834.699951171875,2317,0.0,0.0,2021-12-01,1809.2474853515625,60.612315541547964,1869.8598008931106,1748.6351698100145,1930.4721164346586,1688.0228542684665,116.08465703594705,-47.72777388434137,17144,2390.4851094541564,2026.2234198271005,1866.4366168681133,36.09300067993077,1812.63330078125,1905.066650390625,1742.2666015625,1975.433349609375,1649.833251953125,2067.86669921875,1579.466552734375,-0.23905160534024414,-26.12001953125,-25.429229655277823,-31.777355392978908,6.348125737701086,52.65779298229238,35.52735679904698,1777.3599853515625,1809.2474853515625,1879.9399926757812,,SHAILY.BO,2023-08-21 22:03:22.178920
412,2021-11-30 00:00:00+05:30,1800.0,1900.0,1760.199951171875,1800.25,1919,0.0,0.0,2021-11-30,1810.3424865722657,61.290358507015355,1871.632845079281,1749.0521280652504,1932.9232035862965,1687.7617695582348,148.7127705197997,-43.89680780405395,14827,1942.6866418164827,1935.1579974203364,1866.8910372663247,37.68698697111328,1820.1499837239583,1880.1000162760415,1740.2999674479165,1959.9500325520833,1680.3499348958333,2019.9000651041665,1600.4999186197915,-0.24863750877273585,-53.76923076923077,-32.147628216130215,-33.364386827404175,1.21675861127396,47.78360423957274,35.96370947375159,1762.839990234375,1810.3424865722657,1882.6109936523437,,SHAILY.BO,2023-08-21 22:03:22.178920
413,2021-11-29 00:00:00+05:30,1784.449951171875,1784.449951171875,1650.0,1757.9000244140625,1570,0.0,0.0,2021-11-29,1811.8299865722656,61.3934504034605,1873.2234369757261,1750.436536168805,1934.6168873791867,1689.0430857653446,-93.35046845492685,-122.88457248562497,12908,1551.9895195126455,1933.2758363212995,1867.690813066913,34.950010915976065,1730.7833251953125,1811.566650390625,1677.11669921875,1865.2332763671875,1596.3333740234375,1946.0166015625,1542.666748046875,-0.2235989042798469,-66.79999248798077,-36.86933075489878,-33.66857648022266,-3.2007542746761217,40.82954735767356,36.89942319942218,1753.089990234375,1811.8299865722656,1886.7349926757813,,SHAILY.BO,2023-08-21 22:03:22.178920
414,2021-11-26 00:00:00+05:30,1671.199951171875,1800.0,1671.199951171875,1749.449951171875,3084,0.0,0.0,2021-11-26,1814.8599853515625,60.072933613229985,1874.9329189647924,1754.7870517383326,1935.0058525780225,1694.7141181251025,-81.19737814522406,-123.23426740194164,11338,3033.9669916612147,2028.5974155234628,1868.7794983330343,35.9664423674642,1740.2166341145833,1809.2333170572915,1680.4332682291665,1869.0166829427083,1611.4165852864583,1938.0333658854165,1551.6332194010415,-0.25031085661503905,-70.09024024906014,-38.185083670996164,-32.86838791155363,-5.316695759442531,39.33260419395837,35.037444720677385,1746.87998046875,1814.8599853515625,1890.8039916992188,,SHAILY.BO,2023-08-21 22:03:22.178920
415,2021-11-25 00:00:00+05:30,1741.0,1785.0,1731.0,1744.5,226,0.0,0.0,2021-11-25,1818.6874877929688,58.092042013782915,1876.7795298067517,1760.5954457791859,1934.8715718205347,1702.503403765403,-65.08529503912236,-120.40465130364362,8254,221.7044307341776,1777.2550214890248,1871.1500091574358,39.72422881104022,1753.5,1776.0,1722.0,1807.5,1699.5,1830.0,1668.0,-0.2832167253206265,-72.92263610315186,-38.45888005986012,-31.539213971692995,-6.919666088167126,38.48608344897866,33.19414722425938,1747.3099853515625,1818.6874877929688,1895.0779931640625,,SHAILY.BO,2023-08-21 22:03:22.178920
416,2021-11-24 00:00:00+05:30,1780.0,1780.0,1750.050048828125,1762.0999755859375,420,0.0,0.0,2021-11-24,1822.5999877929687,55.405485713910096,1878.0054735068788,1767.1945020790586,1933.410959220789,1711.7890163651484,-59.50784474717325,-118.86622755711561,8480,416.17385673120623,2166.1426691777365,1871.3346492172318,39.86688659102951,1764.0500081380208,1778.0499674479165,1748.1000162760415,1793.9999593098958,1734.1000569661458,1807.9999186197915,1718.1500651041665,-0.26184284445411143,-67.87966315589183,-37.739216911102176,-29.80929744965121,-7.9299194614509645,40.344707753490475,31.729925822516147,1751.47998046875,1822.5999877929687,1898.2519921875,,SHAILY.BO,2023-08-21 22:03:22.178920
417,2021-11-23 00:00:00+05:30,1720.0,1785.0,1650.0,1751.5,807,0.0,0.0,2021-11-23,1824.419989013672,53.89067829870447,1878.3106673123764,1770.5293107149676,1932.2013456110808,1716.6386324162631,-129.03692082300222,-162.09701484070908,8060,794.8380257490572,2603.634872289369,1871.6314057691409,42.25220861570988,1728.8333333333333,1807.6666666666665,1672.6666666666665,1863.8333333333333,1593.8333333333333,1942.6666666666665,1537.6666666666665,-0.24240849928834377,-70.91690544412607,-37.97935461303291,-27.826817584288467,-10.152537028744444,38.688799664869045,30.341816419944678,1762.8499755859375,1824.419989013672,1900.5389916992187,,SHAILY.BO,2023-08-21 22:03:22.178920
418,2021-11-22 00:00:00+05:30,1730.0,1800.0,1715.0,1726.8499755859375,2622,0.0,0.0,2021-11-22,1829.4549865722656,51.364167539684544,1880.8191541119502,1778.090819032581,1932.1833216516347,1726.7266514928965,-115.12739934883174,-156.47508555535316,7253,2546.1398592268397,3055.834083924447,1872.2617728499292,46.27696547121345,1747.2833251953125,1779.566650390625,1694.566650390625,1832.2833251953125,1662.2833251953125,1864.566650390625,1609.566650390625,-0.2766314979924621,-95.82747338523328,-36.66742188411672,-25.288683327102355,-11.378738557014366,34.77951161933379,28.84692937102156,1772.6399658203125,1829.4549865722656,1903.4439916992187,,SHAILY.BO,2023-08-21 22:03:22.178920
419,2021-11-18 00:00:00+05:30,1730.0999755859375,1829.800048828125,1730.0999755859375,1751.5999755859375,4818,0.0,0.0,2021-11-18,1838.9974853515625,48.9712462748214,1887.968731626384,1790.0262390767411,1936.9399779012053,1741.0549928019198,-98.12040843114036,-145.60951974283145,9875,4745.660715656147,3183.2576400988487,1874.7838818022165,48.566916008469825,1770.5,1810.9000244140625,1711.199951171875,1870.2000732421875,1670.7999267578125,1910.60009765625,1611.4998779296875,-0.257543183542787,-90.2919797131615,-32.00452951792067,-22.443998687848765,-9.560530830071908,36.97773463405115,27.92479191562678,1792.0499755859375,1838.9974853515625,1905.3619921875,,SHAILY.BO,2023-08-21 22:03:22.178920
420,2021-11-17 00:00:00+05:30,1869.5,1869.5,1750.0,1765.3499755859375,1874,0.0,0.0,2021-11-17,1848.9174865722657,50.40915817646834,1899.326644748734,1798.5083283957974,1949.7358029252023,1748.0991702193292,-86.77845398159674,-131.3788881492857,14693,1860.3530132207698,2792.656871209524,1878.839145856592,54.272314743537464,1794.9499918619792,1839.8999837239585,1720.3999837239585,1914.4499918619792,1675.4499918619792,1959.3999837239585,1600.8999837239585,-0.21681976242446263,-85.27373153797902,-27.98719717759468,-20.053865980330787,-7.933331197263893,38.22404950676169,27.113464169485432,1798.42998046875,1848.9174865722657,1906.3699926757813,,SHAILY.BO,2023-08-21 22:03:22.178920
421,2021-11-16 00:00:00+05:30,1800.0,1849.0,1725.0,1818.949951171875,1098,0.0,0.0,2021-11-16,1860.657489013672,56.85243122898352,1917.5099202426554,1803.8050577846884,1974.362351471639,1746.952626555705,-107.23213682806686,-139.60093551358702,16567,1123.09902240786,3025.7328357067126,1880.311184734818,58.49004595033464,1797.6499837239583,1870.2999674479165,1746.2999674479165,1921.6499837239583,1673.6499837239583,1994.2999674479165,1622.2999674479165,-0.12591403287350103,-65.71169665260037,-23.773912633123018,-18.070533181014813,-5.703379452108205,43.53543429630605,26.48289999986089,1811.7199951171874,1860.657489013672,1907.2009936523436,,SHAILY.BO,2023-08-21 22:03:22.178920
422,2021-11-15 00:00:00+05:30,1823.9000244140625,1840.0,1780.0,1800.449951171875,1352,0.0,0.0,2021-11-15,1867.5299926757812,59.777776206914744,1927.3077688826959,1807.7522164688664,1987.0855450896106,1747.9744402619517,-115.98371339314231,-140.15848260052888,15469,1368.8400535041778,3501.3912890314255,1880.781084055175,62.87322724436911,1806.816650390625,1833.63330078125,1773.63330078125,1866.816650390625,1746.816650390625,1893.63330078125,1713.63330078125,-0.11611777542536063,-73.81042707365242,-23.298206340208253,-16.64468831798776,-6.653518022220492,40.90362657796185,25.265835476376235,1828.9300048828125,1867.5299926757812,1906.653994140625,,SHAILY.BO,2023-08-21 22:03:22.178920
423,2021-11-12 00:00:00+05:30,1848.0,1890.0,1780.0,1823.9000244140625,12077,0.0,0.0,2021-11-12,1876.3574951171875,62.331762024700375,1938.6892571418878,1814.0257330924871,2001.0210191665883,1751.6939710677866,-69.89528559987798,-120.1313690585954,16821,12386.683905994525,4034.5290979132374,1881.5457707857597,59.593344119834946,1831.3000081380208,1882.6000162760415,1772.6000162760415,1941.3000081380208,1721.3000081380208,1992.6000162760415,1662.6000162760415,-0.10470232438050202,-59.35592392743644,-20.514185308519018,-14.981308812432635,-5.5328764960863825,43.27790027475459,24.611110712072,1849.6400146484375,1876.3574951171875,1906.438994140625,,SHAILY.BO,2023-08-21 22:03:22.178920
424,2021-11-11 00:00:00+05:30,1899.0,1899.0,1761.0,1783.5,6442,0.0,0.0,2021-11-11,1884.0299926757812,64.9250876366483,1948.9550803124293,1819.104905039133,2013.8801679490778,1754.1798174024846,-95.52924970845368,-153.39077696044515,4744,6460.837139138182,1946.4903958929153,1886.9030386918403,30.112453471960237,1814.5,1868.0,1730.0,1952.5,1676.5,2006.0,1592.0,-0.10620830705061404,-73.08734142534641,-18.948450665912105,-13.598089688411038,-5.350360977501067,37.47159078614419,23.90602250435975,1865.3,1884.0299926757812,1905.4209936523437,,SHAILY.BO,2023-08-21 22:03:22.178920
425,2021-11-10 00:00:00+05:30,1975.0,1975.0,1800.0,1831.800048828125,595,0.0,0.0,2021-11-10,1894.3199951171875,64.46047151792237,1958.7804666351099,1829.8595235992652,2023.2409381530324,1765.3990520813427,-0.4395034729646669,-89.30656380178837,11186,612.9005224798685,817.9037100815984,1892.2963054334227,41.76679140835028,1868.933349609375,1937.86669921875,1762.86669921875,2043.933349609375,1693.933349609375,2112.86669921875,1587.86669921875,0.06119258542421201,-56.969680529250844,-12.677947837766851,-12.26049944403577,-0.4174483937310818,42.27578610887882,23.146696742208096,1880.989990234375,1894.3199951171875,1905.3129931640624,,SHAILY.BO,2023-08-21 22:03:22.178920
426,2021-11-09 00:00:00+05:30,1975.0,1975.0,1900.0,1905.0,286,0.0,0.0,2021-11-09,1901.9674926757812,65.71351423088787,1967.681006906669,1836.2539784448934,2033.394521137557,1770.5404642140054,100.9723023136733,-4.430203497194397,11781,306.37686838002116,869.1545069820309,1892.5891523006085,39.17209278505914,1926.6666666666667,1953.3333333333335,1878.3333333333335,2001.6666666666667,1851.6666666666667,2028.3333333333335,1803.3333333333335,0.03779806454286983,-34.09836065573771,-9.214536937263347,-12.156137345603,2.941600408339653,51.58259978467744,22.79557290081187,1896.42998046875,1901.9674926757812,1904.5319921875,,SHAILY.BO,2023-08-21 22:03:22.178920
427,2021-11-08 00:00:00+05:30,1950.0,1982.5,1852.5999755859375,1904.0,431,0.0,0.0,2021-11-08,1904.5374938964844,66.83391015446549,1971.3714040509499,1837.703583742019,2038.2053142054153,1770.8696735875535,105.46399683024558,-22.776545127615382,11495,461.4654318548657,1009.8489166325331,1892.5602072513784,47.50560030826559,1913.0333251953125,1973.4666748046875,1843.566650390625,2042.933349609375,1783.13330078125,2103.36669921875,1713.6666259765625,0.03811081715118739,-34.42622950819672,-11.849793370405678,-12.891537447687911,1.0417440772822335,51.44700919482159,23.96844933112408,1886.7499755859376,1904.5374938964844,1902.4059912109376,,SHAILY.BO,2023-08-21 22:03:22.178920
428,2021-11-04 00:00:00+05:30,1862.0,1999.0,1862.0,1902.199951171875,271,0.0,0.0,2021-11-04,1907.3174926757813,67.95729290092605,1975.2747855767072,1839.3601997748553,2043.2320784776334,1771.4029068739292,130.83624028507202,-9.301361954506893,11064,289.8814444206323,1146.94478782695,1892.5198583858107,43.584779375224755,1921.066650390625,1980.13330078125,1843.13330078125,2058.066650390625,1784.066650390625,2117.13330078125,1706.13330078125,0.008103351405536875,-35.01640945184426,-14.945692995104082,-13.151973467008467,-1.7937195280956146,51.21867576978421,25.231547025306465,1871.9499755859374,1907.3174926757813,1900.3259912109374,,SHAILY.BO,2023-08-21 22:03:22.178920
429,2021-11-03 00:00:00+05:30,1925.0,1925.0,1861.0999755859375,1861.949951171875,96,0.0,0.0,2021-11-03,1909.7149963378906,68.60994080877666,1978.3249371466673,1841.105055529114,2046.9348779554439,1772.4951147203374,53.05053144709517,-55.26648239436939,10793,100.51576809565508,1361.2106236785294,1892.4983430106681,38.6869762915687,1882.6833089192708,1904.266642252604,1840.3666178385415,1946.5833333333333,1818.7832845052083,1968.1666666666665,1776.466593424479,-0.08906286094974299,-49.048402847782256,-18.505655236150915,-12.703543584984562,-5.802111651166353,45.939821461722346,26.756300103777996,1855.2099853515624,1909.7149963378906,1898.1849926757814,,SHAILY.BO,2023-08-21 22:03:22.178920
430,2021-11-02 00:00:00+05:30,1811.0,1929.449951171875,1811.0,1909.0,1710,0.0,0.0,2021-11-02,1915.195001220703,68.97010057162389,1984.1651017923268,1846.2249006490792,2053.1352023639506,1777.2548000774552,33.89790307064318,-48.32428569987563,10889,1835.6800935540577,1676.3843375742479,1892.5224144343329,46.55908904432832,1883.1499837239583,1955.2999674479165,1836.8500162760415,2001.5999348958333,1764.7000325520833,2073.7499186197915,1718.4000651041665,-0.07535304018083433,-37.680489305533186,-18.8190818139135,-11.253015672192973,-7.566066141720526,52.05417773430342,26.748375532213508,1848.0199951171876,1915.195001220703,1896.5119946289062,,SHAILY.BO,2023-08-21 22:03:22.178920
431,2021-11-01 00:00:00+05:30,1820.0,1889.949951171875,1790.0,1856.5999755859375,1886,0.0,0.0,2021-11-01,1915.5225036621093,68.95468517574454,1984.4771888378539,1846.5678184863648,2053.4318740135986,1777.6131333106202,-25.013010231997434,-87.59994281365545,9179,1969.042038919443,1636.5603985792952,1892.287845363835,38.07480154815767,1845.5166422526042,1901.0332845052085,1801.0833333333335,1945.4665934244792,1745.5666910807292,2000.9832356770835,1701.1333821614585,-0.14478367617466995,-53.60997165608192,-23.568942138002058,-9.361499136762841,-14.207443001239216,44.401539570920235,26.73984137822098,1830.7699951171876,1915.5225036621093,,,SHAILY.BO,2023-08-21 22:03:22.178920
432,2021-10-29 00:00:00+05:30,1820.0,1855.0,1730.0,1830.0,851,0.0,0.0,2021-10-29,1919.5075073242188,67.66109841296618,1987.1686057371849,1851.8464089112526,2054.829704150151,1784.1853104982863,-74.40474314234132,-128.90277388526923,7293,875.7408520717627,1553.4399884942582,1892.857112690778,44.53104451397766,1805.0,1880.0,1755.0,1930.0,1680.0,2005.0,1630.0,-0.17257612317654164,-62.611275964391695,-24.132489055518136,-5.809638386453036,-18.322850669065097,39.878212872010664,25.72228196480197,1819.15,1919.5075073242188,,,SHAILY.BO,2023-08-21 22:03:22.178920
433,2021-10-28 00:00:00+05:30,1862.550048828125,1862.550048828125,1780.0,1818.5,1132,0.0,0.0,2021-10-28,1926.472509765625,65.0829182344702,1991.5554280000954,1861.3895915311548,2056.6383462345657,1796.3066732966847,-76.6079444913058,-109.44353707335094,6442,1157.589801201743,1722.864772599882,1893.312808551371,43.66609015051441,1820.3500162760417,1860.7000325520835,1778.1499837239585,1902.9000651041667,1737.7999674479167,1943.2500813802085,1695.5999348958335,-0.19243255356002545,-66.02373887240356,-21.86866154288191,-1.228925719186761,-20.639735823695148,37.84828876494232,23.627548480155077,1823.589990234375,1926.472509765625,,,SHAILY.BO,2023-08-21 22:03:22.178920
434,2021-10-27 00:00:00+05:30,1800.0,1849.949951171875,1800.0,1826.0,469,0.0,0.0,2021-10-27,1934.1400085449218,60.56974208166764,1994.7097506265895,1873.570266463254,2055.279492708257,1813.0005243815865,-90.84387164878937,-100.53301091188096,7574,481.5801476046471,1864.1835154494165,1894.0412957970111,38.076128617706985,1825.316650390625,1850.63330078125,1800.683349609375,1875.2666015625,1775.36669921875,1900.583251953125,1750.7333984375,-0.18045499523337916,-63.798219584569736,-17.506357204084225,3.931008236737026,-21.43736544082125,38.63832117399806,21.880401548662253,1843.42998046875,1934.1400085449218,,,SHAILY.BO,2023-08-21 22:03:22.178920
435,2021-10-26 00:00:00+05:30,1767.0,1857.0,1767.0,1822.75,1577,0.0,0.0,2021-10-26,1937.3825073242188,56.04259141599095,1993.4250987402097,1881.3399159082278,2049.4676901562007,1825.2973244922368,-134.08211757182565,-107.84483178575948,7105,1616.4183046017677,2209.834357410609,1894.3169093821557,44.624371275623496,1815.5833333333333,1864.1666666666665,1774.1666666666665,1905.5833333333333,1725.5833333333333,1954.1666666666665,1684.1666666666665,-0.2016670693166967,-64.76261127596439,-12.394674267228538,9.290349596942338,-21.685023864170876,38.11856887114886,20.226245651051695,1868.22998046875,1937.3825073242188,,,SHAILY.BO,2023-08-21 22:03:22.178920
436,2021-10-25 00:00:00+05:30,1852.199951171875,1887.699951171875,1704.0,1798.5,2997,0.0,0.0,2021-10-25,1942.3300048828125,49.35928707471735,1991.6892919575298,1892.9707178080953,2041.0485790322473,1843.6114307333778,-243.77825036777114,-126.07617057099624,5528,3031.043329022006,2358.188370612819,1895.3051325586584,44.57854147537731,1796.7333170572917,1889.4666341145835,1705.7666829427085,1980.4332682291667,1613.0333658854167,2073.1665852864585,1522.0667317708335,-0.23150259211564905,-71.95845697329376,-5.342297260689975,14.711605562985056,-20.05390282367503,34.260506529005696,18.444846992086475,1903.7099853515624,1942.3300048828125,,,SHAILY.BO,2023-08-21 22:03:22.178920
437,2021-10-22 00:00:00+05:30,1999.4000244140625,1999.4000244140625,1825.550048828125,1852.199951171875,2052,0.0,0.0,2021-10-22,1948.7475036621095,36.28782627589375,1985.0353299380033,1912.4596773862156,2021.323156213897,1876.171851110322,-208.69828247707758,-24.718480675429003,8525,2137.273910726878,2189.9746310105224,1897.913959023048,44.26639578803633,1892.3833414713542,1959.2166341145835,1785.366658528646,2066.233317057292,1718.5333658854167,2133.066609700521,1611.5166829427085,-0.2671190896833072,-87.63058325202866,6.156083865267192,19.725081268903814,-13.568997403636622,39.298568195456966,16.526417667047006,1935.289990234375,1948.7475036621095,,,SHAILY.BO,2023-08-21 22:03:22.178920
438,2021-10-21 00:00:00+05:30,2001.0,2001.0,1915.0,1917.699951171875,535,0.0,0.0,2021-10-21,1954.8750061035157,28.675218148408987,1983.5502242519246,1926.1997879551068,2012.2254424003336,1897.5245698066979,-109.41631909874437,31.526735311182417,10577,576.938337573039,2203.1498110814337,1898.7733188818806,46.29361512141102,1944.566650390625,1974.13330078125,1888.13330078125,2030.566650390625,1858.566650390625,2060.13330078125,1802.13330078125,-0.25626955914012156,-87.44684314051419,15.495590511645332,23.117330619812968,-7.621740108167636,47.15184100646733,16.055379302328856,1960.25,1954.8750061035157,,,SHAILY.BO,2023-08-21 22:03:22.178920
439,2021-10-20 00:00:00+05:30,2009.0,2009.0,1910.0,1950.0,1500,0.0,0.0,2021-10-20,1959.0500061035157,29.053940676405762,1988.1039467799214,1929.99606542711,2017.1578874563272,1900.9421247507041,-82.7147992413866,44.97430514401956,11112,1644.829286220586,2609.7026794585317,1898.6800988318435,50.2379024595311,1956.3333333333333,2002.6666666666665,1903.6666666666665,2055.333333333333,1857.3333333333333,2101.6666666666665,1804.6666666666665,-0.216968116061974,-64.53900709219859,20.76744992236172,25.022765646854875,-4.255315724493155,51.901114498571104,17.046581832202662,1972.1800048828125,1959.0500061035157,,,SHAILY.BO,2023-08-21 22:03:22.178920
440,2021-10-19 00:00:00+05:30,1958.0,2009.0,1925.0,2000.1500244140625,2633,0.0,0.0,2021-10-19,1958.8925048828125,29.114058739270092,1988.0065636220827,1929.7784461435424,2017.1206223613526,1900.6643874042725,29.586055453552817,67.06690318394752,12612,2961.477180272645,2850.921027768018,1897.9614803244199,53.279132141795316,1978.0500081380208,2031.1000162760415,1947.1000162760415,2062.0500081380205,1894.0500081380208,2115.1000162760415,1863.1000162760415,-0.20031065750154137,-23.342843191964285,24.02130375418551,26.08659457797816,-2.065290823792651,60.7183447229712,18.1140307105283,1980.0400146484376,1958.8925048828125,,,SHAILY.BO,2023-08-21 22:03:22.178920
441,2021-10-18 00:00:00+05:30,1905.0,1977.0,1905.0,1956.4000244140625,1995,0.0,0.0,2021-10-18,1956.9825012207032,27.47165303530679,1984.45415425601,1929.5108481853963,2011.9258072913167,1902.0391951500897,-108.5070719998696,,9979,2194.8028687723913,2823.2819896418614,1895.3864491097654,47.08008351826422,1946.1333414713542,1987.2666829427085,1915.2666829427085,2018.1333414713542,1874.1333414713542,2059.2666829427085,1843.2666829427085,-0.23949609051067494,-48.342843191964285,22.88424597151129,26.602917283926324,-3.718671312415033,54.44977501031233,18.861129398077562,1976.960009765625,1956.9825012207032,,,SHAILY.BO,2023-08-21 22:03:22.178920
442,2021-10-14 00:00:00+05:30,1952.0,2014.0,1941.0,1977.0,1955,0.0,0.0,2021-10-14,1957.575,27.585979317108812,1985.160979317109,1929.9890206828911,2012.7469586342177,1902.4030413657824,35.431981750943876,,11974,2173.44367872396,2980.401769859229,1894.1988470771385,45.484227488030214,1977.3333333333333,2013.6666666666665,1940.6666666666665,2050.333333333333,1904.3333333333333,2086.6666666666665,1867.6666666666665,-0.27820020387113514,-36.57142857142857,25.3904485683679,27.53258511203008,-2.142136543662179,58.53381504295834,20.1713866196184,1976.960009765625,1957.575,,,SHAILY.BO,2023-08-21 22:03:22.178920
443,2021-10-13 00:00:00+05:30,1985.0,2032.949951171875,1960.0,1977.3499755859375,2911,0.0,0.0,2021-10-13,1959.0474975585937,29.40354802136264,1988.4510455799564,1929.643949537231,2017.854593601319,1900.2404015158684,103.90261260770528,,13929,3236.8360911443647,3182.1412926430453,1892.5887628912583,44.87785470573992,1990.0999755859375,2020.199951171875,1947.25,2063.0499267578125,1917.1500244140625,2093.14990234375,1874.300048828125,-0.257728070615595,-36.37144252232143,26.185658107116524,28.06811924794562,-1.882461140829097,58.60316258865176,20.86626195184543,1973.4800048828124,1959.0474975585937,,,SHAILY.BO,2023-08-21 22:03:22.178920
444,2021-10-12 00:00:00+05:30,1985.0,1999.0,1970.0999755859375,1989.300048828125,2525,0.0,0.0,2021-10-12,1958.2474975585938,29.095419056842328,1987.342916615436,1929.1520785017515,2016.4383356722783,1900.0566594449092,109.1641395286369,,16840,2824.597922381596,3168.4675930177154,1890.0614153049694,41.721228998558594,1986.1333414713542,2002.166707356771,1973.2666829427085,2015.0333658854167,1957.2333170572917,2031.0667317708335,1944.366658528646,-0.22326959793327633,-30.730309647120787,26.77254760118535,28.53873453315289,-1.766186931967539,60.89027427133142,21.022949720886057,1968.0400146484376,1958.2474975585938,,,SHAILY.BO,2023-08-21 22:03:22.178920
445,2021-10-11 00:00:00+05:30,1990.0,2041.0,1947.0,1984.75,4543,0.0,0.0,2021-10-11,1956.9399963378905,28.200324216268896,1985.1403205541594,1928.7396721216217,2013.3406447704283,1900.5393479053528,126.61105431388592,,14315,5070.415004454332,3254.4350106767447,1887.426613567422,48.11655371870118,1990.9166666666667,2034.8333333333335,1940.8333333333335,2084.916666666667,1896.9166666666667,2128.8333333333335,1846.8333333333335,-0.1919717781930114,-30.54123711340206,25.941398185630987,28.980281266144775,-3.038883080513788,60.34307672220207,22.001654506473397,1964.4900146484374,1956.9399963378905,,,SHAILY.BO,2023-08-21 22:03:22.178920
446,2021-10-08 00:00:00+05:30,1998.800048828125,1998.800048828125,1925.050048828125,1956.4000244140625,1323,0.0,0.0,2021-10-08,1952.8624938964845,29.816970670828947,1982.6794645673135,1923.0455232256554,2012.4964352381423,1893.2285525548266,27.424194950273982,,9772,1455.500849817481,2800.4400122323477,1882.5443239852311,37.3918028337516,1960.0833740234375,1995.11669921875,1921.36669921875,2033.8333740234375,1886.3333740234375,2068.86669921875,1847.61669921875,-0.11560119729849726,-45.15462659068943,24.932334452037594,29.74000203627322,-4.807667584235627,56.8500959870047,23.055644275567456,1950.6500244140625,1952.8624938964845,,,SHAILY.BO,2023-08-21 22:03:22.178920
447,2021-10-07 00:00:00+05:30,1933.0,2000.0,1933.0,1959.5999755859375,5117,0.0,0.0,2021-10-07,1948.864990234375,34.33484106837615,1983.1998313027511,1914.5301491659989,2017.5346723711273,1880.1953080976227,48.85732402972675,,11095,5638.684586260386,3136.6748028360644,1881.4493623474875,36.04955966104933,1964.1999918619792,1995.3999837239585,1928.3999837239585,2031.1999918619792,1897.1999918619792,2062.3999837239585,1861.3999837239585,-0.14018534115979517,-43.505167223743555,26.05470750306654,30.941918932332126,-4.887211429265587,57.379818677913995,24.328523438494223,1946.630029296875,1948.864990234375,,,SHAILY.BO,2023-08-21 22:03:22.178920
448,2021-10-06 00:00:00+05:30,2010.0,2010.0,1950.0,1950.1500244140625,4181,0.0,0.0,2021-10-06,1945.7224914550782,36.12986171087747,1981.8523531659557,1909.5926297442006,2017.982214876833,1873.4627680333233,51.796999146020944,,5978,4585.04022279496,2511.1723569799833,1876.6954787533225,41.34054747513551,1970.0500081380208,1990.1000162760415,1930.1000162760415,2030.0500081380208,1910.0500081380208,2050.1000162760415,1870.1000162760415,-0.0250323295026958,-48.37627607522552,26.781770119607472,32.16372178964852,-5.3819516700410475,56.26225861517007,25.908375354439528,1948.5700439453126,1945.7224914550782,,,SHAILY.BO,2023-08-21 22:03:22.178920
449,2021-10-05 00:00:00+05:30,1978.75,1994.4000244140625,1932.0,1971.550048828125,1427,0.0,0.0,2021-10-05,1939.352490234375,45.36000065744613,1984.712490891821,1893.9924895769288,2030.0724915492672,1848.6324889194827,40.939764545756034,,10159,1582.073802186378,1992.7053905262392,1872.853631151932,40.339174855819444,1965.9833577473958,1999.9667154947915,1937.566691080729,2028.3833821614583,1903.5833333333333,2062.366739908854,1875.1666666666665,0.1270252054964183,-37.34533565560567,28.237523204384388,33.509209707158774,-5.271686502774386,59.54549195747091,27.73954977121964,1952.9100341796875,1939.352490234375,,,SHAILY.BO,2023-08-21 22:03:22.178920
450,2021-10-04 00:00:00+05:30,1999.0,1999.0,1900.0,1915.550048828125,3032,0.0,0.0,2021-10-04,1930.8749877929688,54.03932601869045,1984.9143138116592,1876.8356617742784,2038.9536398303496,1822.796335755588,-47.17349853446147,,8732,3266.0111278038994,2095.363287611204,1871.0597679460027,40.916900886991904,1938.183349609375,1976.36669921875,1877.36669921875,2037.183349609375,1839.183349609375,2075.36669921875,1778.36669921875,0.13202728594825278,-66.21131503704896,27.565908867533608,34.82713133285237,-7.26122246531876,52.86124897949147,29.620416640597522,1936.77001953125,1930.8749877929688,,,SHAILY.BO,2023-08-21 22:03:22.178920
451,2021-10-01 00:00:00+05:30,2029.800048828125,2029.800048828125,1929.949951171875,1936.300048828125,411,0.0,0.0,2021-10-01,1925.4424865722656,60.71045291719073,1986.1529394894562,1864.732033655075,2046.863392406647,1804.021580737884,42.41219406398453,,11764,447.51689715849307,1802.70132756303,1869.2726119889996,52.10775444658865,1965.3500162760417,2000.7500813802085,1900.8999837239585,2065.200113932292,1865.4999186197917,2100.6001790364585,1801.0498860677085,0.19227461897963896,-55.51543874838917,31.803525226148395,36.642436949182056,-4.838911723033661,56.047554087016564,31.645965576850625,1938.0,1925.4424865722656,,,SHAILY.BO,2023-08-21 22:03:22.178920
452,2021-09-30 00:00:00+05:30,2029.800048828125,2029.800048828125,1935.050048828125,1969.300048828125,2160,0.0,0.0,2021-09-30,1918.2074829101562,67.58170427593906,1985.7891871860952,1850.625778634217,2053.3708914620343,1783.044074358278,79.72036999512751,,12175,2391.996844554928,2141.497435164164,1868.905639250041,46.114211113640884,1978.050048828125,2021.050048828125,1926.300048828125,2072.800048828125,1883.300048828125,2115.800048828125,1831.550048828125,0.21277228811481125,-31.923056056356838,34.7035260909488,37.85216487994047,-3.1486387889916685,61.52409489752614,33.58696259673783,1936.1099853515625,1918.2074829101562,,,SHAILY.BO,2023-08-21 22:03:22.178920
453,2021-09-29 00:00:00+05:30,1870.0,1980.0,1866.0,1971.8499755859375,637,0.0,0.0,2021-09-29,1909.2274780273438,72.2092624075646,1981.4367404349084,1837.018215619779,2053.646002842473,1764.8089532122146,-54.70381774076388,,14335,706.3309902487905,2078.872582816473,1865.9313572726628,45.94098642709822,1939.2833251953125,2012.566650390625,1898.566650390625,2053.2833251953125,1825.2833251953125,2126.566650390625,1784.566650390625,0.2529053234128699,-30.833343766693375,34.64059498465576,38.63932457718838,-3.9987295925326194,61.958497177533715,35.545337242424054,1937.1999755859374,1909.2274780273438,,,SHAILY.BO,2023-08-21 22:03:22.178920
454,2021-09-28 00:00:00+05:30,1921.0,1969.9000244140625,1876.5,1890.8499755859375,1668,0.0,0.0,2021-09-28,1899.284979248047,76.68412890797859,1975.9691081560256,1822.6008503400683,2052.6532370640043,1745.9167214320898,-153.97890178795714,,13698,1773.5689550004479,2422.007980958393,1864.997798496573,53.938029271589166,1912.4166666666667,1948.3333333333335,1854.933308919271,2005.8166910807292,1819.0166422526042,2041.733357747396,1761.5332845052085,0.20570872445509308,-62.76640344838627,33.784037448410345,39.639006975321536,-5.854969526911191,51.951992567961966,37.69532275262387,1943.069970703125,1899.284979248047,,,SHAILY.BO,2023-08-21 22:03:22.178920
455,2021-09-27 00:00:00+05:30,1999.3499755859375,1999.3499755859375,1890.0,1921.699951171875,3212,0.0,0.0,2021-09-27,1893.647479248047,81.33998971242796,1974.9874689604749,1812.307489535619,2056.327458672903,1730.967499823191,-89.7371017306739,,15366,3471.0116817640833,2584.117737447879,1864.3870479529062,61.27080682206616,1937.0166422526042,1984.0332845052085,1874.683308919271,2046.3666178385417,1827.6666666666667,2093.383260091146,1765.3333333333335,0.19373660589572003,-46.50191970651141,40.1527776111202,41.10274935704933,-0.9499717459291332,57.280654556675465,40.25712304804225,1954.269970703125,1893.647479248047,,,SHAILY.BO,2023-08-21 22:03:22.178920
456,2021-09-24 00:00:00+05:30,1975.0,2010.0,1905.0,1926.8499755859375,2464,0.0,0.0,2021-09-24,1887.1999816894531,84.06439894952447,1971.2643806389776,1803.1355827399286,2055.328779588502,1719.0711837904041,-23.674134112264458,,18578,2669.8297303497548,2362.3942513688276,1861.6554322546137,65.05409990104106,1947.2833251953125,1989.566650390625,1884.566650390625,2052.2833251953125,1842.2833251953125,2094.566650390625,1779.566650390625,0.2213255629498157,-36.38199515964674,44.66006435095778,41.34024229353162,3.3198220574261654,58.206102209739086,43.33353754479222,1962.319970703125,1887.1999816894531,,,SHAILY.BO,2023-08-21 22:03:22.178920
457,2021-09-23 00:00:00+05:30,2030.0,2044.0,1960.0,1974.75,1006,0.0,0.0,2021-09-23,1880.79248046875,85.75014260902866,1966.5426230777787,1795.0423378597213,2052.2927656868073,1709.2921952506927,92.48964645600245,,21042,1117.133467610902,2285.5353816235956,1859.1813170074417,70.72106948670532,1992.9166666666667,2025.8333333333335,1941.8333333333335,2076.916666666667,1908.9166666666667,2109.8333333333335,1857.8333333333335,0.2587283101270436,-21.506211180124225,49.24689020662299,40.510286779175075,8.736603427447918,67.64504811943473,46.32945768255136,1970.5999755859375,1880.79248046875,,,SHAILY.BO,2023-08-21 22:03:22.178920
458,2021-09-22 00:00:00+05:30,1992.0,2043.3499755859375,1850.0,2001.199951171875,1783,0.0,0.0,2021-09-22,1872.05498046875,84.56737690359357,1956.6223573723437,1787.4876035651564,2041.189734275937,1702.920226661563,51.22111621020602,,22048,2006.4890147704866,2577.635860126769,1857.3625050946337,73.2708532519018,1964.8499755859375,2079.699951171875,1886.3499755859375,2158.199951171875,1771.5,2273.0499267578125,1693.0,0.2678528621242413,-13.116548192420966,49.655825599133095,38.3261359223131,11.329689676819996,73.77981433684168,48.04055579226849,1976.9399658203124,1872.05498046875,,,SHAILY.BO,2023-08-21 22:03:22.178920
459,2021-09-21 00:00:00+05:30,1924.0,1975.0,1900.0,1946.8499755859375,1750,0.0,0.0,2021-09-21,1861.7524841308593,80.45734524799695,1942.2098293788563,1781.2951388828624,2022.6671746268532,1700.8377936348654,25.16213580249656,,20265,1915.8676059872726,2720.422571465839,1853.2352715318839,73.96018629323333,1940.6166585286458,1981.2333170572915,1906.2333170572915,2015.6166585286458,1865.6166585286458,2056.2333170572915,1831.2333170572915,0.25180123230647716,-26.996761173396916,46.82210639384198,35.493713503108104,11.328392890733873,68.29321260069054,49.895395551861625,1968.969970703125,1861.7524841308593,,,SHAILY.BO,2023-08-21 22:03:22.178920
460,2021-09-20 00:00:00+05:30,1950.0,1994.949951171875,1920.0,1961.949951171875,2445,0.0,0.0,2021-09-20,1853.3249877929688,79.90012703311787,1933.2251148260866,1773.424860759851,2013.1252418592046,1693.524733726733,57.94403804407933,,22015,2697.5018269702955,2921.5613128354807,1850.5224309136488,72.09401538504241,1958.9666341145833,1997.9332682291665,1922.9833170572915,2033.9165852864583,1884.0166829427083,2072.8832194010415,1848.0333658854165,0.20569205741836508,-22.094171697443183,47.83731036456402,32.661615280424634,15.175695084139385,72.19029137175576,53.37994473946229,1972.22998046875,1853.3249877929688,,,SHAILY.BO,2023-08-21 22:03:22.178920
461,2021-09-17 00:00:00+05:30,2000.0,2000.0,1961.0,1968.25,1123,0.0,0.0,2021-09-17,,,,,,,91.47064066159167,,24460,1242.953770066298,2977.576184301777,1845.8206449300894,69.49849337497929,1976.4166666666667,1991.8333333333335,1952.8333333333335,2015.4166666666667,1937.4166666666667,2030.8333333333335,1913.8333333333335,,-20.0487012987013,46.925152544152525,28.867691509389786,18.05746103476274,73.82232183275752,56.53579243636468,1960.47998046875,,,,SHAILY.BO,2023-08-21 22:03:22.178920
462,2021-09-16 00:00:00+05:30,1976.0,2030.0,1976.0,2006.449951171875,3663,0.0,0.0,2021-09-16,,,,,,,142.6970519457089,,25583,4132.950553527723,3411.2317878606464,1843.40097322872,69.20452369542325,2004.1499837239583,2032.2999674479165,1978.2999674479165,2058.149983723958,1950.1499837239583,2086.2999674479165,1924.2999674479165,,-7.646119749391234,44.42586760852009,24.353326250699098,20.072541357820995,84.58956119648361,58.51361113386416,1942.119970703125,,,,SHAILY.BO,2023-08-21 22:03:22.178920
463,2021-09-15 00:00:00+05:30,1932.0,1980.0,1932.0,1961.3499755859375,1695,0.0,0.0,2021-09-15,,,,,,,125.94444619491262,,21920,1869.475407600059,3230.802096443877,1832.1656294195893,63.203038460164116,1957.7833251953125,1983.566650390625,1935.566650390625,2005.7833251953125,1909.7833251953125,2031.566650390625,1887.566650390625,,-7.228691633357558,36.79078992235918,19.33519091124385,17.455599011115332,81.65644981345746,60.0483062466849,1920.17998046875,,,,SHAILY.BO,2023-08-21 22:03:22.178920
464,2021-09-14 00:00:00+05:30,1890.0,1980.0,1867.25,1963.1500244140625,3090,0.0,0.0,2021-09-14,,,,,,,140.42295256131823,,23615,3411.198003079936,3571.1337686548313,1827.910777064461,64.23549862733503,1936.8000081380208,2006.3500162760415,1893.6000162760415,2049.5500081380205,1824.0500081380208,2119.1000162760415,1780.8500162760415,,-6.530998289123062,30.8998048754745,14.971291158465013,15.928513717009489,82.23653211873724,62.760242361742286,1892.4599853515624,,,,SHAILY.BO,2023-08-21 22:03:22.178920
465,2021-09-13 00:00:00+05:30,1885.0,1922.0,1810.0,1903.199951171875,4103,0.0,0.0,2021-09-13,,,,,,,108.6409504947509,,20525,4391.176508601073,3611.1177100485547,1819.2718819305999,64.03954111082575,1878.3999837239583,1946.7999674479165,1834.7999674479165,1990.3999837239583,1766.3999837239583,2058.7999674479165,1722.7999674479165,,-12.88463885967548,22.712102470625496,10.98916272921264,11.722939741412855,77.23506323593546,65.6807889471887,1860.22998046875,,,,SHAILY.BO,2023-08-21 22:03:22.178920
466,2021-09-09 00:00:00+05:30,1910.0,1930.0,1866.0,1876.449951171875,2158,0.0,0.0,2021-09-09,,,,,,,186.51015326269643,,16422,2277.106721836616,3416.103010410425,1811.4933215489202,70.87648114116956,1890.816650390625,1915.63330078125,1851.63330078125,1954.816650390625,1826.816650390625,1979.63330078125,1787.63330078125,,-25.745215782752403,17.78941338568393,8.058427793859426,9.730985591824503,,70.49753669952074,1840.9699951171874,,,,SHAILY.BO,2023-08-21 22:03:22.178920
467,2021-09-08 00:00:00+05:30,1822.75,1913.8499755859375,1800.0,1896.75,6211,0.0,0.0,2021-09-08,,,,,,,282.92915848535915,,18580,6624.705576408956,3700.852082553877,1808.1646644743018,,1870.1999918619792,1940.3999837239585,1826.550008138021,1984.0499674479167,1756.3500162760417,2054.249959309896,1712.7000325520835,,,13.851812763513408,5.6256813959033,8.226131367610108,,72.91309109351941,1824.0,,,,SHAILY.BO,2023-08-21 22:03:22.178920
468,2021-09-07 00:00:00+05:30,1829.9000244140625,1829.9000244140625,1781.0,1822.75,4549,0.0,0.0,2021-09-07,,,,,,,161.82699741218542,,12369,4662.70568651455,2969.8887090901067,1792.8390880572072,,1811.2166748046875,1841.433349609375,1792.5333251953125,1860.11669921875,1762.316650390625,1890.3333740234375,1743.63330078125,,,6.601367570790217,3.5691485540007712,3.0322190167894454,,75.99839338806946,1802.589990234375,,,,SHAILY.BO,2023-08-21 22:03:22.178920
469,2021-09-06 00:00:00+05:30,1760.0,1825.0,1722.0,1802.0,1036,0.0,0.0,2021-09-06,,,,,,,-69.28097546068881,,7820,1049.8070903334017,2546.684464733996,1788.499181881277,,1783.0,1844.0,1741.0,1886.0,1680.0,1947.0,1638.0,,,4.506458686610131,2.81109379980341,1.695364886806721,,79.22798717660268,1792.639990234375,,,,SHAILY.BO,2023-08-21 22:03:22.178920
470,2021-09-03 00:00:00+05:30,1767.0,1825.0,1765.0,1806.9000244140625,1180,0.0,0.0,2021-09-03,,,,,,,106.62261290616414,,8856,1198.9776585867194,2920.9038083341443,1788.037813377154,,1798.9666748046875,1832.933349609375,1772.933349609375,1858.9666748046875,1738.9666748046875,1892.933349609375,1712.933349609375,,,3.7996214229758607,2.3872525781017293,1.4123688448741314,,82.11877987567776,1787.8599853515625,,,,SHAILY.BO,2023-08-21 22:03:22.178920
471,2021-09-02 00:00:00+05:30,1790.0,1810.0,1756.0,1791.5999755859375,4764,0.0,0.0,2021-09-02,,,,,,,,,7676,4799.630011434783,3351.3853457710006,1787.2738990092396,,1785.8666585286458,1815.7333170572915,1761.7333170572915,1839.8666585286458,1731.8666585286458,1869.7333170572915,1707.7333170572915,,,2.354507348862853,2.0341603668831967,0.3203469819796565,,87.75073209719929,1785.02998046875,,,,SHAILY.BO,2023-08-21 22:03:22.178920
472,2021-09-01 00:00:00+05:30,1760.0,1800.0,1755.0,1789.699951171875,3076,0.0,0.0,2021-09-01,,,,,,,,,2912,3095.7188880653093,2989.324179355055,1786.4282799048826,,1781.566650390625,1808.13330078125,1763.13330078125,1826.566650390625,1736.566650390625,1853.13330078125,1718.13330078125,,,1.9754720575201645,1.9540736213882821,0.021398436131882415,,92.45223673434703,1786.4499755859374,,,,SHAILY.BO,2023-08-21 22:03:22.178920
473,2021-08-31 00:00:00+05:30,1778.0,1805.0,1761.25,1773.0,3023,0.0,0.0,2021-08-31,,,,,,,,,-164,3013.990245083792,2962.7255021774913,1785.9557188221784,,1779.75,1798.25,1754.5,1823.5,1736.0,1842.0,1710.75,,,1.6473842471480111,1.9487240123553113,-0.3013397652073002,,94.41440370290762,1788.5099853515626,,,,SHAILY.BO,2023-08-21 22:03:22.178920
474,2021-08-30 00:00:00+05:30,1809.0,1830.0,1750.0,1778.0999755859375,4326,0.0,0.0,2021-08-30,,,,,,,,,2859,4325.513289758794,2949.909316450916,1788.0990525932857,,1786.0333251953125,1822.066650390625,1742.066650390625,1866.0333251953125,1706.0333251953125,1902.066650390625,1662.066650390625,,,2.84706422280874,2.024058953657136,0.8230052691516039,,97.10376488298914,1792.939990234375,,,,SHAILY.BO,2023-08-21 22:03:22.178920
475,2021-08-27 00:00:00+05:30,1780.0,1815.0,1775.5,1792.75,1430,0.0,0.0,2021-08-27,,,,,,,,,7185,1441.6197658485125,2606.0083231239464,1791.2005086149238,,1794.4166666666667,1813.3333333333335,1773.8333333333335,1833.9166666666667,1754.9166666666667,1852.8333333333335,1734.3333333333335,,,3.837610471474136,1.818307636369235,2.019302835104901,,100.0,1792.9800048828124,,,,SHAILY.BO,2023-08-21 22:03:22.178920
476,2021-08-26 00:00:00+05:30,1800.0,1810.0,1780.0,1798.699951171875,1951,0.0,0.0,2021-08-26,,,,,,,,,8615,1973.3810427823382,2897.1054624428048,1791.0234875491208,,1796.2333170572917,1812.4666341145835,1782.4666341145835,1826.2333170572917,1766.2333170572917,1842.4666341145835,1752.4666341145835,,,3.6048587873733595,1.3134819275930094,2.29137685978035,,100.0,,,,,SHAILY.BO,2023-08-21 22:03:22.178920
477,2021-08-25 00:00:00+05:30,1799.0,1830.0,1761.0,1800.0,3101,0.0,0.0,2021-08-25,,,,,,,,,10566,3138.8403794277174,3128.036567357921,1789.606037186827,,1797.0,1833.0,1764.0,1866.0,1728.0,1902.0,1695.0,,,2.666266988720281,0.740637712647922,1.925629276072359,,100.0,,,,,SHAILY.BO,2023-08-21 22:03:22.178920
478,2021-08-24 00:00:00+05:30,1752.0999755859375,1827.699951171875,1752.0999755859375,1795.1500244140625,3096,0.0,0.0,2021-08-24,,,,,,,,,7465,3125.3356143404712,3125.3356143404712,1785.288330732219,,1791.6499837239583,1831.199991861979,1755.6000162760415,1867.2499593098958,1716.0500081380208,1906.7999674479165,1680.000040690104,,,1.296151968149161,0.2592303936298322,1.0369215745193288,,,,,,,SHAILY.BO,2023-08-21 22:03:22.178920
479,2021-08-23 00:00:00+05:30,1790.0,1840.0,1751.0,1778.300048828125,4369,0.0,0.0,2021-08-23,,,,,,,,,4369,,,1778.300048828125,,1789.7666829427083,1828.5333658854165,1739.5333658854165,1878.7666829427083,1700.7666829427083,1917.5333658854165,1650.5333658854165,,,0.0,0.0,0.0,,,,,,,SHAILY.BO,2023-08-21 22:03:22.178920
>>>>>>> Stashed changes
