<<<<<<< Updated upstream
Trading Day,Date,Open,High,Low,Close,Volume,Dividends,Stock Splits,date_only,Close_ema_12,Close_ema_26,rsi,ADX,Close_ema_20,sma_20,Close_ema_5,macd,macd_ema_9,RollingMean,RollingStd,UpperBand1,LowerBand1,UpperBand2,LowerBand2,symbol,created_on
1,2023-08-21 00:00:00+05:30,11.3100004196167,11.3100004196167,11.3100004196167,11.3100004196167,8708,0.0,0.0,2023-08-21,11.96128556510005,12.152520411190858,38.55958882600343,17.66967383658893,12.07200002467043,11.776000118255615,11.728295745369106,-0.19123484609080776,-0.15777666865397363,11.776000118255615,0.7342264902146404,12.510226608470255,11.041773628040975,13.244453098684895,10.307547137826335,YAARI.BO,2023-08-21 12:37:26.312654
2,2023-08-18 00:00:00+05:30,11.539999961853027,11.539999961853027,11.539999961853027,11.539999961853027,12545,0.0,0.0,2023-08-18,12.079701046097023,12.219922010516791,40.89493093336962,17.184314837638585,12.152210509412928,11.810000085830689,11.937443408245308,-0.14022096441976828,-0.14941212429476508,11.810000085830689,0.7272226335469734,12.537222719377663,11.082777452283715,13.264445352924636,10.355554818736742,YAARI.BO,2023-08-21 12:37:26.312654
3,2023-08-17 00:00:00+05:30,11.770000457763672,11.770000457763672,11.770000457763672,11.770000457763672,12652,0.0,0.0,2023-08-17,12.177828515959568,12.274315774409892,43.33184736920208,17.003472809185862,12.216653724945548,11.857500076293945,12.136165131441444,-0.09648725845032402,-0.1517099142635143,11.857500076293945,0.7395794302482386,12.597079506542183,11.117920646045707,13.336658936790423,10.378341215797468,YAARI.BO,2023-08-21 12:37:26.312654
4,2023-08-16 00:00:00+05:30,12.010000228881836,12.010000228881836,12.010000228881836,12.010000228881836,7967,0.0,0.0,2023-08-16,12.251979071995185,12.31466099974159,45.98710036241742,17.163998067161312,12.263669858333113,11.930000066757202,12.31924746828033,-0.06268192774640546,-0.16551557821681187,11.930000066757202,0.7992168058874586,12.729216872644662,11.130783260869743,13.528433678532119,10.331566454982285,YAARI.BO,2023-08-21 12:37:26.312654
5,2023-08-14 00:00:00+05:30,12.25,12.25,12.25,12.25,11047,0.0,0.0,2023-08-14,12.295975225288522,12.339033861410371,48.76164941048115,17.722311225279455,12.290371924591142,11.99200005531311,12.473871087979575,-0.04305863612184879,-0.19122399083441344,11.99200005531311,0.8520971769281177,12.844097232241227,11.139902878384992,13.696194409169346,10.287805701456874,YAARI.BO,2023-08-21 12:37:26.312654
6,2023-08-11 00:00:00+05:30,12.5,12.5,12.5,12.5,10337,0.0,0.0,2023-08-11,12.304334357159163,12.346156570323203,51.78363948750825,18.724481724899473,12.294621600863895,12.049500036239625,12.58580663196936,-0.04182221316403911,-0.22826532951255457,12.049500036239625,0.907428298518135,12.956928334757759,11.14207173772149,13.864356633275895,10.234643439203355,YAARI.BO,2023-08-21 12:37:26.312654
7,2023-08-10 00:00:00+05:30,12.75,12.75,12.75,12.75,9858,0.0,0.0,2023-08-10,12.268758785733556,12.33384909594906,54.945649759693346,20.091377988008812,12.273002822007463,12.102500057220459,12.62870994795404,-0.06509031021550271,-0.2748761085996834,12.102500057220459,0.9642989645724281,13.066799021792887,11.13820109264803,14.031097986365316,10.173902128075602,YAARI.BO,2023-08-21 12:37:26.312654
8,2023-08-09 00:00:00+05:30,13.020000457763672,13.020000457763672,13.010000228881836,13.010000228881836,122795,0.0,0.0,2023-08-09,12.181260383139659,12.300557023624984,58.38874050591331,21.111115890793513,12.222792592745092,12.130000066757201,12.568064921931057,-0.11929664048532551,-0.32732255819572864,12.130000066757201,0.9912034883708101,13.121203555128012,11.13879657838639,14.112407043498822,10.147593090015581,YAARI.BO,2023-08-21 12:37:26.312654
9,2023-08-08 00:00:00+05:30,13.270000457763672,13.270000457763672,13.270000457763672,13.270000457763672,49478,0.0,0.0,2023-08-08,12.030580411186536,12.243801567204436,61.99614778369689,21.71950878056562,12.139928631046487,12.148500061035156,12.347097268455666,-0.21322115601789982,-0.3793290376233294,12.148500061035156,1.0117326875455588,13.160232748580714,11.136767373489597,14.171965436126273,10.125034685944039,YAARI.BO,2023-08-21 12:37:26.312654
10,2023-08-07 00:00:00+05:30,12.640000343322754,12.640000343322754,12.640000343322754,12.640000343322754,106095,0.0,0.0,2023-08-07,11.805231311808875,12.161705655959697,55.86024440716538,21.864561863976324,12.020973701918363,12.163000059127807,11.885645673801662,-0.356474344150822,-0.4208560080246868,12.163000059127807,1.0305548508968847,13.193554910024691,11.132445208230923,14.224109760921577,10.101890357334037,YAARI.BO,2023-08-21 12:37:26.312654
11,2023-08-04 00:00:00+05:30,12.039999961853027,12.039999961853027,12.039999961853027,12.039999961853027,47260,0.0,0.0,2023-08-04,11.653455124260898,12.123442080970651,48.50806450128257,22.95702980102655,11.955813002823163,12.224000024795533,11.508468339041116,-0.46998695670975366,-0.436951423993153,12.224000024795533,1.0944039752584047,13.318404000053938,11.129596049537128,14.412807975312342,10.035192074278724,YAARI.BO,2023-08-21 12:37:26.312654
12,2023-08-03 00:00:00+05:30,11.100000381469727,11.640000343322754,10.90999984741211,11.470000267028809,70377,0.0,0.0,2023-08-03,11.583174244698693,12.130117450500062,39.6389105587201,24.21077403607508,11.946951217662125,12.31100001335144,11.242702527635158,-0.5469432058013695,-0.4286925408140028,12.31100001335144,1.1469084364102704,13.45790844976171,11.164091576941171,14.604816886171982,10.0171831405309,YAARI.BO,2023-08-21 12:37:26.312654
13,2023-07-28 00:00:00+05:30,10.90999984741211,11.100000381469727,10.869999885559082,11.069999694824219,32819,0.0,0.0,2023-07-28,11.603751331547764,12.182926825177763,32.007507519310025,24.689593294953006,11.997156580886685,12.410500001907348,11.129053657938332,-0.5791754936299984,-0.3991298745671611,12.410500001907348,1.156389476318992,13.56688947822634,11.254110525588356,14.723278954545332,10.097721049269364,YAARI.BO,2023-08-21 12:37:26.312654
14,2023-07-26 00:00:00+05:30,11.15999984741211,11.199999809265137,11.0,11.050000190734863,30227,0.0,0.0,2023-07-26,11.70079708367932,12.271960995606046,31.606040020864242,23.81133037109489,12.094752042577472,12.535000038146972,11.158580639495389,-0.5711639119267264,-0.3541184698014518,12.535000038146972,1.138371430329904,13.673371468476876,11.396628607817068,14.81174289880678,10.258257177487163,YAARI.BO,2023-08-21 12:37:26.312654
15,2023-07-24 00:00:00+05:30,11.0,11.25,11.0,11.010000228881836,46820,0.0,0.0,2023-07-24,11.819123791487403,12.369717859995742,30.847739907428746,23.04025039457955,12.204725921718799,12.677500009536743,11.21287086387565,-0.5505940685083388,-0.2998571092701331,12.677500009536743,1.120943569290638,13.798443578827381,11.556556440246105,14.91938714811802,10.435612870955467,YAARI.BO,2023-08-21 12:37:26.312654
16,2023-07-21 00:00:00+05:30,11.430000305175781,11.430000305175781,10.850000381469727,10.979999542236328,37546,0.0,0.0,2023-07-21,11.966237166506597,12.478495270484855,30.309627835781427,22.20985657371688,12.330486520964795,12.81399998664856,11.314306181372556,-0.5122581039782581,-0.23717286946058166,12.81399998664856,1.072367782918584,13.886367769567144,11.741632203729974,14.958735552485727,10.669264420811391,YAARI.BO,2023-08-21 12:37:26.312654
17,2023-07-20 00:00:00+05:30,11.5,11.5,11.100000381469727,11.100000381469727,11483,0.0,0.0,2023-07-20,12.1455530981921,12.598374928744736,31.211738087028394,21.315586305095543,12.472643045041476,12.919500017166138,11.48145950094067,-0.4528218305526366,-0.16840156083116256,12.919500017166138,0.9824645140960785,13.901964531262216,11.93703550307006,14.884429045358296,10.95457098897398,YAARI.BO,2023-08-21 12:37:26.312654
18,2023-07-19 00:00:00+05:30,10.800000190734863,11.25,10.800000190734863,11.25,21355,0.0,0.0,2023-07-19,12.335653592141622,12.718244892526737,32.32857805310954,20.647281169957363,12.617131746470083,13.028499984741211,11.67218906067614,-0.3825913003851156,-0.09729649340079405,13.028499984741211,0.8861880271516497,13.914688011892862,12.14231195758956,14.80087603904451,11.256123930437912,YAARI.BO,2023-08-21 12:37:26.312654
19,2023-07-17 00:00:00+05:30,11.020000457763672,11.6899995803833,11.020000457763672,11.149999618530273,20042,0.0,0.0,2023-07-17,12.533045154349189,12.835704483928875,30.795618695545144,19.359222450922026,12.76104035136167,13.163499975204468,11.883283591014209,-0.30265932957968644,-0.025972791654713674,13.163499975204468,0.8027208649089531,13.96622084011342,12.360779110295516,14.768941705022375,11.558058245386562,YAARI.BO,2023-08-21 12:37:26.312654
20,2023-07-14 00:00:00+05:30,11.390000343322754,11.670000076293945,11.260000228881836,11.350000381469727,33783,0.0,0.0,2023-07-14,12.784507979043536,12.970560873160762,32.14808274063991,18.206633431829648,12.930623586396553,13.314499998092652,12.249925577256175,-0.18605289411722659,0.04319884282652951,13.314499998092652,0.6784538762263596,13.992953874319012,12.636046121866292,14.67140775054537,11.957592245639933,YAARI.BO,2023-08-21 12:37:26.312654
21,2023-07-10 00:00:00+05:30,12.4399995803833,12.5,11.869999885559082,11.989999771118164,44179,0.0,0.0,2023-07-10,13.045327542238773,13.100205712496045,36.972960521359894,17.22748264753333,13.09700497638885,13.436999988555907,12.699888175149397,-0.05487817025727182,0.10051177706246854,13.436999988555907,0.5037762829104862,13.940776271466394,12.933223705645421,14.44455255437688,12.429447422734935,YAARI.BO,2023-08-21 12:37:26.312654
22,2023-07-07 00:00:00+05:30,12.430000305175781,12.850000381469727,12.430000305175781,12.489999771118164,15832,0.0,0.0,2023-07-07,13.237205318806158,13.189022187806275,41.490305045077434,16.914517684761172,13.213531840101554,13.466499996185302,13.054832377165013,0.048183130999882806,0.13935926389240363,13.466499996185302,0.42582766430886515,13.892327660494168,13.040672331876436,14.318155324803032,12.614844667567573,YAARI.BO,2023-08-21 12:37:26.312654
23,2023-06-30 00:00:00+05:30,13.25,13.300000190734863,13.0,13.220000267028809,48120,0.0,0.0,2023-06-30,13.373060872931248,13.244943981141324,49.727146308715106,17.395086777889397,13.289693110520858,13.490999984741212,13.337248680188434,0.12811689178992403,0.1621532971155338,13.490999984741212,0.3781102462089554,13.869110230950167,13.112889738532257,14.247220477159122,12.734779492323302,YAARI.BO,2023-08-21 12:37:26.312654
24,2023-06-28 00:00:00+05:30,13.449999809265137,13.680000305175781,12.760000228881836,13.25,32913,0.0,0.0,2023-06-28,13.400890074004419,13.246939478270324,50.106744352458755,18.548253392716397,13.297029199309495,13.419999980926514,13.395872886768245,0.15395059573409497,0.17066239844693623,13.419999980926514,0.5331929271143822,13.953192908040895,12.886807053812133,14.486385835155279,12.35361412669775,YAARI.BO,2023-08-21 12:37:26.312654
25,2023-06-27 00:00:00+05:30,13.5,13.699999809265137,13.350000381469727,13.399999618530273,70771,0.0,0.0,2023-06-27,13.428324632914315,13.24669463653195,51.94787029275984,19.79012513176086,13.301979641342076,13.29399995803833,13.468809330152368,0.1816299963823642,0.1748403491251465,13.29399995803833,0.8043068772896482,14.098306835327978,12.489693080748683,14.902613712617628,11.685386203459034,YAARI.BO,2023-08-21 12:37:26.312654
26,2023-06-26 00:00:00+05:30,13.069999694824219,13.680000305175781,13.069999694824219,13.5600004196167,47981,0.0,0.0,2023-06-26,13.433474635529596,13.234430237972084,53.90987327159905,19.944333796587355,13.291661749006476,13.166999959945679,13.503214185963412,0.19904439755751113,0.17314293731084207,13.166999959945679,0.9701281264523164,14.137128086397995,12.196871833493363,15.107256212850311,11.226743707041047,YAARI.BO,2023-08-21 12:37:26.312654
27,2023-06-23 00:00:00+05:30,13.079999923706055,13.989999771118164,13.079999923706055,13.300000190734863,21718,0.0,0.0,2023-06-23,13.41046994751376,13.208384623440514,51.12444282635678,20.140446606183723,13.263415573152768,13.040999937057496,13.474821069136766,0.20208532407324675,0.1666675722491748,13.040999937057496,1.0744394516057811,14.115439388663276,11.966560485451716,15.189878840269058,10.892121033845934,YAARI.BO,2023-08-21 12:37:26.312654
28,2023-06-22 00:00:00+05:30,13.300000190734863,13.640000343322754,13.010000228881836,13.380000114440918,20110,0.0,0.0,2023-06-22,13.430555357837196,13.201055378056965,52.02271802835917,20.331683516678236,13.259564560775706,12.941999912261963,13.562231508337716,0.22949997978023084,0.15781313429315683,12.941999912261963,1.1386215852221762,14.080621497484138,11.803378327039788,15.219243082706315,10.66475674181761,YAARI.BO,2023-08-21 12:37:26.312654
29,2023-06-21 00:00:00+05:30,14.0,14.0,13.5,13.5600004196167,19805,0.0,0.0,2023-06-21,13.439747220272885,13.186739799146249,54.005223644666906,21.02789948855714,13.246887134074104,12.84099988937378,13.653347205286114,0.253007421126636,0.13989142292138831,12.84099988937378,1.1863163621598698,14.02731625153365,11.65468352721391,15.21363261369352,10.46836716505404,YAARI.BO,2023-08-21 12:37:26.312654
30,2023-06-20 00:00:00+05:30,14.180000305175781,14.199999809265137,13.399999618530273,13.859999656677246,48724,0.0,0.0,2023-06-20,13.417883002210372,13.156878949508615,57.38993125647965,20.82000423926215,13.213927840859093,12.737499856948853,13.700020598120819,0.2610040527017574,0.11161242337007637,12.737499856948853,1.2103409292260134,13.947840786174867,11.527158927722839,15.158181715400879,10.316817998496827,YAARI.BO,2023-08-21 12:37:26.312654
31,2023-06-19 00:00:00+05:30,13.460000038146973,13.850000381469727,13.25,13.779999732971191,17041,0.0,0.0,2023-06-19,13.337498155943667,13.100629292935125,56.71823268606592,20.596117047713705,13.145920281299286,12.615999889373779,13.620031068842604,0.23686886300854226,0.07426451603715611,12.615999889373779,1.2136912502842774,13.829691139658056,11.402308639089501,15.043382389942334,10.188617388805223,YAARI.BO,2023-08-21 12:37:26.312654
32,2023-06-16 00:00:00+05:30,13.800000190734863,13.800000190734863,13.149999618530273,13.460000038146973,13537,0.0,0.0,2023-06-16,13.257043323756843,13.046279657732239,54.026413512086144,20.78916954324395,13.079175075860137,12.50399990081787,13.540046736778308,0.2107636660246044,0.03361342929430956,12.50399990081787,1.2039383361704148,13.707938236988285,11.300061564647455,14.9118765731587,10.09612322847704,YAARI.BO,2023-08-21 12:37:26.312654
33,2023-06-15 00:00:00+05:30,13.880000114440918,14.350000381469727,13.5,13.5600004196167,22081,0.0,0.0,2023-06-15,13.22014210295864,13.01318202729906,55.01935051179938,21.059540685437327,13.03908823772468,12.447999906539916,13.580070086093974,0.2069600756595804,-0.010674129888264147,12.447999906539916,1.1829962516374866,13.630996158177403,11.26500365490243,14.81399240981489,10.082007403264942,YAARI.BO,2023-08-21 12:37:26.312654
34,2023-06-14 00:00:00+05:30,14.0,14.0,13.220000267028809,13.899999618530273,41186,0.0,0.0,2023-06-14,13.158349681748083,12.96943655591365,58.408459551534314,20.729341705217678,12.984255376472888,12.391499900817871,13.59010491933261,0.18891312583443387,-0.06508268127522529,12.391499900817871,1.153713827693508,13.54521372851138,11.237786073124363,14.698927556204888,10.084072245430855,YAARI.BO,2023-08-21 12:37:26.312654
35,2023-06-13 00:00:00+05:30,13.0,13.739999771118164,13.0,13.739999771118164,107276,0.0,0.0,2023-06-13,13.023504238696777,12.89499151090432,57.25797291107301,20.766102032119978,12.887861245730006,12.330999898910523,13.435157569733777,0.12851272779245626,-0.1285816330526401,12.330999898910523,1.1009656523099534,13.431965551220477,11.23003424660057,14.53293120353043,10.129068594290617,YAARI.BO,2023-08-21 12:37:26.312654
36,2023-06-12 00:00:00+05:30,12.65999984741211,13.5,12.65999984741211,13.09000015258789,35684,0.0,0.0,2023-06-12,12.89323232371107,12.827390850087212,52.27829547039192,21.10913347477694,12.798162453583885,12.282499933242798,13.28273646904158,0.06584147362385728,-0.19285522326391416,12.282499933242798,1.056079589832532,13.33857952307533,11.226420343410267,14.394659112907862,10.170340753577735,YAARI.BO,2023-08-21 12:37:26.312654
37,2023-06-09 00:00:00+05:30,13.279999732971191,13.890000343322754,13.260000228881836,13.279999732971191,51328,0.0,0.0,2023-06-09,12.857456354824373,12.806382105887158,53.985472524838485,21.76359684911023,12.76744269579399,12.28799991607666,13.379104627268426,0.05107424893721557,-0.257529397485857,12.28799991607666,1.060782291349949,13.34878220742661,11.227217624726713,14.40956449877656,10.166435333376763,YAARI.BO,2023-08-21 12:37:26.312654
38,2023-06-08 00:00:00+05:30,14.0,14.300000190734863,13.5,13.949999809265137,57198,0.0,0.0,2023-06-08,12.780630286070407,12.768492695720434,60.44921974202247,21.476147391031397,12.71348932345955,12.291499948501587,13.428657074417043,0.012137590349972527,-0.33468030909162516,12.291499948501587,1.0643371713104164,13.355837119812003,11.22716277719117,14.42017429112242,10.162825605880753,YAARI.BO,2023-08-21 12:37:26.312654
39,2023-06-07 00:00:00+05:30,13.5,14.300000190734863,13.109999656677246,14.170000076293945,86164,0.0,0.0,2023-06-07,12.568017645489547,12.673972126636858,62.73962630317842,20.737559184780515,12.583330324953698,12.283999967575074,13.167985706992996,-0.10595448114731099,-0.42138478395202456,12.283999967575074,1.052497902706131,13.336497870281205,11.231502064868943,14.388995772987336,10.179004162162812,YAARI.BO,2023-08-21 12:37:26.312654
40,2023-06-06 00:00:00+05:30,12.989999771118164,13.829999923706055,12.079999923706055,13.800000190734863,307620,0.0,0.0,2023-06-06,12.276748112616021,12.554289890664291,60.39618968856961,19.94215650112572,12.416312456391566,12.278999948501587,12.666978522342518,-0.2775417780482705,-0.500242359653203,12.278999948501587,1.0432636917675073,13.322263640269094,11.23573625673408,14.365527332036603,10.192472564966572,YAARI.BO,2023-08-21 12:37:26.312654
41,2023-06-05 00:00:00+05:30,13.850000381469727,14.270000457763672,12.279999732971191,12.579999923706055,659592,0.0,0.0,2023-06-05,11.999793189321688,12.454633066658646,50.95102959216775,19.515693725915064,12.270661115934377,12.299499940872192,12.100467688146345,-0.4548398773369584,-0.555917505054436,12.299499940872192,1.0781684785891088,13.377668419461301,11.221331462283082,14.455836898050409,10.143162983693975,YAARI.BO,2023-08-21 12:37:26.312654
42,2023-06-02 00:00:00+05:30,12.329999923706055,12.979999542236328,12.329999923706055,12.979999542236328,108999,0.0,0.0,2023-06-02,11.894301055797257,12.444603718094854,54.94015519737676,18.736736740887945,12.238099136168938,12.388999938964844,11.860701570366489,-0.5503026622975966,-0.5811869119838055,12.388999938964844,1.172818981044051,13.561818920008895,11.216180957920793,14.734637901052945,10.043361976876742,YAARI.BO,2023-08-21 12:37:26.312654
43,2023-06-01 00:00:00+05:30,10.609999656677246,11.800000190734863,10.609999656677246,11.800000190734863,120335,0.0,0.0,2023-06-01,11.696901330990153,12.401772052163537,42.637813821585794,19.23704539962652,12.160004356582895,12.47249994277954,11.301052584431568,-0.7048707211733838,-0.5889079744053576,12.47249994277954,1.272336782849279,13.74483672562882,11.200163159930261,15.017173508478098,9.927826377080983,YAARI.BO,2023-08-21 12:37:26.312654
44,2023-05-31 00:00:00+05:30,10.699999809265137,10.949999809265137,10.199999809265137,10.729999542236328,40266,0.0,0.0,2023-05-31,11.678156083763842,12.44991380107783,25.514546552021372,19.861259862090293,12.19789953193532,12.624999952316283,11.05157878127992,-0.7717577173139887,-0.5599172877133509,12.624999952316283,1.366769226509452,13.991769178825736,11.25823072580683,15.358538405335187,9.89146149929738,YAARI.BO,2023-08-21 12:37:26.312654
45,2023-05-30 00:00:00+05:30,11.199999809265137,11.350000381469727,10.699999809265137,10.859999656677246,35200,0.0,0.0,2023-05-30,11.850548182223388,12.58750694178515,26.40375064825689,18.682598977567004,12.352415320324688,12.820999956130981,11.212368400801715,-0.7369587595617624,-0.5069571803131914,12.820999956130981,1.361778661128393,14.182778617259373,11.459221295002589,15.544557278387767,10.097442633874195,YAARI.BO,2023-08-21 12:37:26.312654
46,2023-05-26 00:00:00+05:30,11.149999618530273,11.489999771118164,10.75,11.039999961853027,39723,0.0,0.0,2023-05-26,12.030647914140868,12.725707524593782,27.64235651768641,18.082071148860546,12.509511705971788,13.010499954223633,11.38855277286395,-0.6950596104529136,-0.4494567855010486,13.010499954223633,1.3380247405714587,14.348524694795092,11.672475213652174,15.686549435366551,10.334450473080715,YAARI.BO,2023-08-21 12:37:26.312654
47,2023-05-25 00:00:00+05:30,11.369999885559082,11.550000190734863,11.210000038146973,11.319999694824219,13933,0.0,0.0,2023-05-25,12.210765723647748,12.860564129613042,29.651520193363865,17.506670726592226,12.664197152721131,13.156999969482422,11.56282917836941,-0.6497984059652939,-0.38805607926308233,13.156999969482422,1.2695714043095379,14.42657137379196,11.887428565172884,15.696142778101498,10.617857160863347,YAARI.BO,2023-08-21 12:37:26.312654
48,2023-05-24 00:00:00+05:30,11.470000267028809,11.649999618530273,11.260000228881836,11.359999656677246,24267,0.0,0.0,2023-05-24,12.372723183433845,12.983809284396148,29.94019719568422,17.578491153817215,12.80569162197344,13.29099998474121,11.684243920142006,-0.6110861009623036,-0.3226204975875294,13.29099998474121,1.2052817627064083,14.496281747447618,12.085718222034803,15.701563510154028,10.880436459328394,YAARI.BO,2023-08-21 12:37:26.312654
49,2023-05-23 00:00:00+05:30,11.390000343322754,11.760000228881836,11.3100004196167,11.489999771118164,30308,0.0,0.0,2023-05-23,12.556854733753227,13.113714054613661,30.846492411799062,17.735022487210212,12.957869723583565,13.432499980926513,11.846366051874385,-0.5568593208604344,-0.2505040967438359,13.432499980926513,1.1304487104060066,14.56294869133252,12.302051270520506,15.693397401738526,11.1716025601145,YAARI.BO,2023-08-21 12:37:26.312654
50,2023-05-22 00:00:00+05:30,11.5,11.989999771118164,11.25,11.430000305175781,43895,0.0,0.0,2023-05-22,12.750828363323238,13.243611197293301,29.937577146286927,17.978894866338777,13.112382350158871,13.569499969482422,12.024549192252493,-0.49278283397006284,-0.1739152907146862,13.569499969482422,1.0454837711295757,14.614983740611997,12.524016198352847,15.660467511741572,11.478532427223271,YAARI.BO,2023-08-21 12:37:26.312654
51,2023-05-19 00:00:00+05:30,12.0,12.1899995803833,11.40999984741211,11.539999961853027,35065,0.0,0.0,2023-05-19,12.990978919350049,13.388700068662704,30.622766100206988,18.241526659246464,13.289475196999195,13.71899995803833,12.32182363579085,-0.39772114931265534,-0.094198404900842,13.71899995803833,0.9309467926670715,14.649946750705402,12.788053165371258,15.580893543372472,11.857106372704187,YAARI.BO,2023-08-21 12:37:26.312654
52,2023-05-17 00:00:00+05:30,12.539999961853027,12.600000381469727,12.100000381469727,12.34000015258789,18248,0.0,0.0,2023-05-17,13.2547932752586,13.536596077207477,36.22123965839968,18.74147858649321,13.473630484909318,13.88149995803833,12.712735472759757,-0.28180280194887786,-0.018317718797888655,13.88149995803833,0.8058160855065443,14.687316043544874,13.075683872531785,15.493132129051418,12.269867787025241,YAARI.BO,2023-08-21 12:37:26.312654
53,2023-05-16 00:00:00+05:30,13.899999618530273,13.899999618530273,12.300000190734863,12.430000305175781,63290,0.0,0.0,2023-05-16,13.421119297562363,13.632323751177045,36.92646976387302,20.051267727374615,13.592959993574732,13.99549994468689,12.89910313284569,-0.2112044536146822,0.047553551989858646,13.99549994468689,0.7343702014647363,14.729870146151626,13.261129743222153,15.464240347616363,12.526759541757416,YAARI.BO,2023-08-21 12:37:26.312654
54,2023-05-15 00:00:00+05:30,12.850000381469727,13.079999923706055,12.489999771118164,12.6899995803833,20574,0.0,0.0,2023-05-15,13.60132275072356,13.728509626857146,38.96139366249725,21.12699377963091,13.715376802879884,14.064999914169311,13.133654546680642,-0.12718687613358703,0.11224305339099386,14.064999914169311,0.6378458221734825,14.702845736342793,13.42715409199583,15.340691558516276,12.789308269822346,YAARI.BO,2023-08-21 12:37:26.312654
55,2023-05-12 00:00:00+05:30,13.25,13.25,12.609999656677246,12.770000457763672,36073,0.0,0.0,2023-05-12,13.767017872603606,13.811590430575055,39.58465356304551,21.812536756344088,13.82331124735321,14.1489999294281,13.355482029829309,-0.0445725579714491,0.17210053577213907,14.1489999294281,0.5520954140357018,14.701095343463802,13.5969045153924,15.253190757499505,13.044809101356696,YAARI.BO,2023-08-21 12:37:26.312654
56,2023-05-11 00:00:00+05:30,13.800000190734863,13.800000190734863,12.789999961853027,13.199999809265137,20083,0.0,0.0,2023-05-11,13.948293766210867,13.894917628399966,43.01938414328777,22.734256071042743,13.934186067310003,14.235499906539918,13.648222815862127,0.05337613781090056,0.2262688092080361,14.235499906539918,0.4509226893516105,14.686422595891528,13.784577217188307,15.13734528524314,13.333654527836696,YAARI.BO,2023-08-21 12:37:26.312654
57,2023-05-10 00:00:00+05:30,14.100000381469727,14.100000381469727,13.149999618530273,13.350000381469727,31318,0.0,0.0,2023-05-10,14.084347212928272,13.950511053930752,44.263467207694625,23.99964871001906,14.011468831314726,14.33799991607666,13.872334319160618,0.13383615899751966,0.26949197705732,14.33799991607666,0.4358970854361921,14.773897001512852,13.902102830640468,15.209794086949044,13.466205745204276,YAARI.BO,2023-08-21 12:37:26.312654
58,2023-05-09 00:00:00+05:30,13.600000381469727,14.300000190734863,13.600000381469727,13.800000190734863,14534,0.0,0.0,2023-05-09,14.217864818648007,13.998551907727634,48.14179041005001,25.76119343083338,14.081097089193147,14.407499885559082,14.133501288006064,0.21931291092037242,0.30340593157227,14.407499885559082,0.3768969565064278,14.78439684206551,14.030602929052653,15.161293798571938,13.653705972546225,YAARI.BO,2023-08-21 12:37:26.312654
59,2023-05-08 00:00:00+05:30,13.800000190734863,14.5,13.800000190734863,14.069999694824219,11410,0.0,0.0,2023-05-08,14.293840205541306,14.014436045087056,50.61250732429502,26.875449893442404,14.110686236399282,14.510999870300292,14.300251836641664,0.2794041604542503,0.32442918673524435,14.510999870300292,0.47320744503042933,14.984207315330721,14.037792425269863,15.45741476036115,13.564584980239434,YAARI.BO,2023-08-21 12:37:26.312654
60,2023-05-05 00:00:00+05:30,14.359999656677246,14.75,14.109999656677246,14.210000038146973,13650,0.0,0.0,2023-05-05,14.334538480217141,14.009990953108083,51.89485152613656,27.70443389453967,14.114969030249288,14.522999906539917,14.415377907550383,0.32454752710905765,0.3356854433054929,14.522999906539917,0.46439661144001815,14.987396517979935,14.0586032950999,15.451793129419954,13.59420668365988,YAARI.BO,2023-08-21 12:37:26.312654
61,2023-05-04 00:00:00+05:30,14.449999809265137,14.949999809265137,14.199999809265137,14.369999885559082,35095,0.0,0.0,2023-05-04,14.357181833320807,13.993990226304971,53.32873990643251,28.003028118294704,14.104965766260058,14.408999919891357,14.518066842252086,0.3631916070158354,0.3384699223546017,14.408999919891357,0.7420944087181999,15.151094328609558,13.666905511173157,15.893188737327756,12.924811102454958,YAARI.BO,2023-08-21 12:37:26.312654
62,2023-05-03 00:00:00+05:30,15.0,15.0,14.449999809265137,14.649999618530273,17856,0.0,0.0,2023-05-03,14.354851278368393,13.963909453564643,55.8357542823998,28.15063788515093,14.077067437912792,14.189999914169311,14.592100320598586,0.3909418248037504,0.3322895011892933,14.189999914169311,1.236084637274609,15.426084551443921,12.953915276894701,16.66216918871853,11.717830639620093,YAARI.BO,2023-08-21 12:37:26.312654
63,2023-05-02 00:00:00+05:30,14.5,15.100000381469727,14.5,14.850000381469727,12369,0.0,0.0,2023-05-02,14.301187943793508,13.909022240367392,57.63277171353006,27.830133166408995,14.016758787321477,13.985499954223632,14.56315067163274,0.3921657034261159,0.317626420285679,13.985499954223632,1.471824705482493,15.457324659706126,12.513675248741139,16.929149365188618,11.041850543258647,YAARI.BO,2023-08-21 12:37:26.312654
64,2023-04-28 00:00:00+05:30,14.600000381469727,15.0,14.199999809265137,14.649999618530273,37842,0.0,0.0,2023-04-28,14.201403864216015,13.833743989079206,56.32761665023912,27.39066174444916,13.929049145832188,13.716499948501587,14.419725816714244,0.367659875136809,0.29899159950056975,13.716499948501587,1.7674579974832476,15.483957945984836,11.949041951018339,17.251415943468082,10.181583953535092,YAARI.BO,2023-08-21 12:37:26.312654
65,2023-04-27 00:00:00+05:30,14.800000190734863,14.800000190734863,13.920000076293945,14.649999618530273,10410,0.0,0.0,2023-04-27,14.11984099979524,13.768443538723123,56.32761665023912,27.006895712994982,13.853159622390283,13.495999956130982,14.304588915806228,0.3513974610721178,0.2818245305915099,13.495999956130982,1.9138893247600166,15.409889280890999,11.582110631370965,17.323778605651015,9.668221306610949,YAARI.BO,2023-08-21 12:37:26.312654
66,2023-04-26 00:00:00+05:30,13.800000190734863,14.149999618530273,13.800000190734863,13.970000267028809,13522,0.0,0.0,2023-04-26,14.0234485236616,13.69791905233855,51.9919522809598,26.768438737939036,13.769281728059758,13.340499973297119,14.131883564444204,0.32552947132304944,0.2644312979713579,13.340499973297119,1.9413382587758157,15.281838232072934,11.399161714521304,17.22317649084875,9.457823455745487,YAARI.BO,2023-08-21 12:37:26.312654
67,2023-04-25 00:00:00+05:30,14.25,14.25,13.989999771118164,14.0,9646,0.0,0.0,2023-04-25,14.033166388503926,13.676152555163329,52.20426813854149,27.11854424445462,13.748153460799857,13.22999997138977,14.2128252131519,0.3570138333405968,0.24915675463343495,13.22999997138977,1.9663564258828603,15.19635639727263,11.263643545506909,17.16271282315549,9.297287119624048,YAARI.BO,2023-08-21 12:37:26.312654
68,2023-04-24 00:00:00+05:30,14.0600004196167,14.84000015258789,14.0600004196167,14.1899995803833,15261,0.0,0.0,2023-04-24,14.039196640959185,13.650244759576395,53.48883619577701,27.198423183614644,13.721643298778789,13.12949995994568,14.31923781972785,0.38895188138278947,0.2221924849566445,13.12949995994568,1.976270939304017,15.105770899249697,11.153229020641662,17.082041838553714,9.176958081337645,YAARI.BO,2023-08-21 12:37:26.312654
69,2023-04-21 00:00:00+05:30,14.550000190734863,14.550000190734863,14.050000190734863,14.229999542236328,8126,0.0,0.0,2023-04-21,14.011777924700255,13.607064373911845,53.74737759390056,27.17842652220848,13.67234263755726,13.025,14.383856939400122,0.40471355078840965,0.18050263585010828,13.025,1.9724963450006137,14.997496345000615,11.052503654999386,16.969992690001227,9.080007309998773,YAARI.BO,2023-08-21 12:37:26.312654
70,2023-04-20 00:00:00+05:30,14.989999771118164,14.989999771118164,14.199999809265137,14.420000076293945,13830,0.0,0.0,2023-04-20,13.972101266966423,13.557229560445887,54.9182031403218,27.40185363210916,13.613641910748937,12.894000005722045,14.460785637982017,0.41487170652053607,0.12444990711553292,12.894000005722045,1.9752558381207495,14.869255843842794,10.918744167601297,16.844511681963546,8.943488329480546,YAARI.BO,2023-08-21 12:37:26.312654
71,2023-04-19 00:00:00+05:30,15.0,15.199999809265137,14.390000343322754,14.789999961853027,58033,0.0,0.0,2023-04-19,13.890665119815965,13.488207919178041,57.17020151790186,27.436568760897007,13.528762103849463,12.794000005722046,14.481178418826051,0.4024572006379241,0.05184445726428211,12.794000005722046,1.944317991810527,14.738317997532572,10.849682013911519,16.682635989343098,8.905364022100992,YAARI.BO,2023-08-21 12:37:26.312654
72,2023-04-18 00:00:00+05:30,13.710000038146973,14.850000381469727,13.710000038146973,14.619999885559082,53423,0.0,0.0,2023-04-18,13.727149693991045,13.384064555764041,56.407551059584634,27.220130489398827,13.396000224059614,12.66599998474121,14.326767647312561,0.3430851382270035,-0.035808728579128396,12.66599998474121,1.8894927919083626,14.555492776649572,10.776507192832849,16.444985568557936,8.887014400924485,YAARI.BO,2023-08-21 12:37:26.312654
73,2023-04-17 00:00:00+05:30,14.0,14.5,13.699999809265137,13.819999694824219,30645,0.0,0.0,2023-04-17,13.564813295524127,13.285189729380438,52.729423509589424,27.2366860136559,13.26715815442809,12.57300000190735,14.180151528189297,0.2796235661436892,-0.13053219528066137,12.57300000190735,1.833191317149294,14.406191319056644,10.739808684758055,16.23938263620594,8.906617367608762,YAARI.BO,2023-08-21 12:37:26.312654
74,2023-04-13 00:00:00+05:30,14.670000076293945,15.180000305175781,14.069999694824219,14.369999885559082,61861,0.0,0.0,2023-04-13,13.518415768378656,13.242404932144936,55.73137226200701,27.508067614932823,13.208964308070602,12.526000022888184,14.360227444871835,0.2760108362337199,-0.23307113563674903,12.526000022888184,1.811458827263765,14.337458850151949,10.714541195624419,16.148917677415714,8.903082368360653,YAARI.BO,2023-08-21 12:37:26.312654
75,2023-04-12 00:00:00+05:30,15.489999771118164,15.5,14.399999618530273,14.5,48032,0.0,0.0,2023-04-12,13.36358229252767,13.152197335871804,56.43656330878665,27.358943687731273,13.086750036756026,12.45950002670288,14.35534122452821,0.21138495665586632,-0.36034162860436625,12.45950002670288,1.763992093735073,14.223492120437953,10.695507932967807,15.987484214173026,8.931515839232734,YAARI.BO,2023-08-21 12:37:26.312654
76,2023-04-11 00:00:00+05:30,14.609999656677246,15.65999984741211,14.609999656677246,15.25,72529,0.0,0.0,2023-04-11,13.156960891169064,13.044373122741549,60.540354353285444,26.80056820309059,12.937986882730344,12.433500003814697,14.283011836792312,0.11258776842751494,-0.5032732749194243,12.433500003814697,1.735942829527111,14.169442833341808,10.697557174287585,15.90538566286892,8.961614344760473,YAARI.BO,2023-08-21 12:37:26.312654
77,2023-04-10 00:00:00+05:30,16.0,16.0,14.420000076293945,14.739999771118164,146480,0.0,0.0,2023-04-10,12.776408325927076,12.867922972560873,58.64139902345322,25.948888943118895,12.694617080912487,12.380999994277953,13.799517755188468,-0.09151464663379727,-0.6572385357561591,12.380999994277953,1.660519527999131,14.041519522277085,10.720480466278822,15.702039050276216,9.05996093827969,YAARI.BO,2023-08-21 12:37:26.312654
78,2023-04-06 00:00:00+05:30,14.899999618530273,16.649999618530273,14.170000076293945,15.869999885559082,389987,0.0,0.0,2023-04-06,12.419391699528697,12.718156828676289,65.08561627520194,25.031695893918606,12.479313639838205,12.350500011444092,13.329276747223618,-0.2987651291475917,-0.7986695080367495,12.350500011444092,1.620017762225614,13.970517773669705,10.730482249218479,15.59053553589532,9.110464486992864,YAARI.BO,2023-08-21 12:37:26.312654
79,2023-04-05 00:00:00+05:30,11.819999694824219,14.3100004196167,11.819999694824219,14.3100004196167,342775,0.0,0.0,2023-04-05,11.792008392977717,12.466009384125664,59.36063247295377,24.04394953324137,12.122399298183375,12.211500024795532,12.058915178055884,-0.6740009911479472,-0.9236456027590388,12.211500024795532,1.4074660810663553,13.618966105861887,10.804033943729177,15.026432186928243,9.39656786266282,YAARI.BO,2023-08-21 12:37:26.312654
80,2023-04-03 00:00:00+05:30,10.800000190734863,11.979999542236328,10.649999618530273,11.930000305175781,96861,0.0,0.0,2023-04-03,11.334191660861539,12.31849010128638,47.063908324449336,24.294504017505226,11.892125495927234,12.142000007629395,10.933372557275476,-0.9842984404248423,-0.9860567556618117,12.142000007629395,1.3306096344371061,13.472609642066502,10.811390373192289,14.803219276503608,9.480780738755183,YAARI.BO,2023-08-21 12:37:26.312654
81,2023-03-31 00:00:00+05:30,10.550000190734863,10.819999694824219,9.8100004196167,9.989999771118164,111920,0.0,0.0,2023-03-31,11.225862816440767,12.349569284975228,31.338784815167685,25.68461369973621,11.888138673901071,12.193499994277953,10.435058683325323,-1.1237064685344613,-0.986496334471054,12.193499994277953,1.3418575732223728,13.535357567500327,10.85164242105558,14.877215140722699,9.509784847833208,YAARI.BO,2023-08-21 12:37:26.312654
82,2023-03-29 00:00:00+05:30,10.1899995803833,11.3100004196167,10.100000381469727,10.5600004196167,126325,0.0,0.0,2023-03-29,11.450565188317603,12.538334846083794,34.10266320204721,25.652631983554805,12.08794276893085,12.349499988555909,10.657588139428903,-1.0877696577661915,-0.9521938009552021,12.349499988555909,1.2504502688587382,13.599950257414648,11.09904971969717,14.850400526273386,9.848599450838432,YAARI.BO,2023-08-21 12:37:26.312654
83,2023-03-28 00:00:00+05:30,10.399999618530273,10.399999618530273,9.449999809265137,9.470000267028809,66264,0.0,0.0,2023-03-28,11.61248605535413,12.696601600201161,21.866641826246976,25.876345187780796,12.24877880570076,12.44399995803833,10.706381999335004,-1.0841155448470303,-0.9182998367524547,12.44399995803833,1.1773761694854947,13.621376127523824,11.266623788552835,14.798752297009319,10.08924761906734,YAARI.BO,2023-08-21 12:37:26.312654
84,2023-03-27 00:00:00+05:30,11.350000381469727,11.40999984741211,10.100000381469727,10.239999771118164,92135,0.0,0.0,2023-03-27,12.002028925958735,12.95472970685495,24.89942391743587,24.6773355051457,12.54128180977149,12.597999954223633,11.3245728654881,-0.9527007808962153,-0.8768459097288108,12.597999954223633,0.9467484564405868,13.54474841066422,11.651251497783047,14.491496867104807,10.70450304134246,YAARI.BO,2023-08-21 12:37:26.312654
85,2023-03-24 00:00:00+05:30,11.550000190734863,12.100000381469727,11.300000190734863,11.539999961853027,104304,0.0,0.0,2023-03-24,12.322397863202475,13.171908101713893,31.817658330037716,23.89281414753835,12.783522024366576,12.723499965667724,11.866859412673069,-0.8495102385114173,-0.8578821919369597,12.723499965667724,0.7670261866325511,13.490526152300275,11.956473779035173,14.257552338932825,11.189447592402622,YAARI.BO,2023-08-21 12:37:26.312654
86,2023-03-23 00:00:00+05:30,12.140000343322754,12.140000343322754,11.75,11.760000228881836,21550,0.0,0.0,2023-03-23,12.464652027084194,13.302460752902762,33.270295936259316,24.24536079476305,12.91441908357853,12.773999977111817,12.030289138083088,-0.8378087258185687,-0.8599751802933453,12.773999977111817,0.7165957216838633,13.49059569879568,12.057404255427954,14.207191420479544,11.34080853374409,YAARI.BO,2023-08-21 12:37:26.312654
87,2023-03-22 00:00:00+05:30,11.850000381469727,12.5,11.699999809265137,11.989999771118164,50442,0.0,0.0,2023-03-22,12.59277053584826,13.425857594824436,34.81325413857533,25.188551641019874,13.03593685775713,12.835999965667725,12.165433592683712,-0.8330870589761759,-0.8655167939120393,12.835999965667725,0.676783401862427,13.512783367530151,12.159216563805298,14.189566769392579,11.48243316194287,YAARI.BO,2023-08-21 12:37:26.312654
88,2023-03-21 00:00:00+05:30,11.949999809265137,12.180000305175781,11.5600004196167,12.100000381469727,177200,0.0,0.0,2023-03-21,12.70236522034464,13.540726220720936,35.54533710255629,26.204295629296453,13.14603549845597,12.89399995803833,12.253150503466484,-0.8383610003762954,-0.8736242276460051,12.89399995803833,0.6496265793034793,13.54362653734181,12.244373378734851,14.19325311664529,11.594746799431372,YAARI.BO,2023-08-21 12:37:26.312654
89,2023-03-20 00:00:00+05:30,12.420000076293945,12.510000228881836,11.5,11.609999656677246,62665,0.0,0.0,2023-03-20,12.811886100140079,13.655984287861033,29.404750369553923,26.790376213143276,13.256144458138731,12.953999948501586,12.329725564464862,-0.8440981877209541,-0.8824400344634324,12.953999948501586,0.6274711166537765,13.581471065155363,12.32652883184781,14.208942181809139,11.699057715194034,YAARI.BO,2023-08-21 12:37:26.312654
90,2023-03-17 00:00:00+05:30,13.600000381469727,13.600000381469727,12.100000381469727,12.420000076293945,23424,0.0,0.0,2023-03-17,13.030410908042413,13.819663058355735,34.441384244335936,27.421539918824468,13.429422858292572,13.063499975204468,12.689588518358669,-0.7892521503133221,-0.8920254961490519,13.063499975204468,0.568944292478637,13.632444267683105,12.494555682725832,14.201388560161742,11.925611390247195,YAARI.BO,2023-08-21 12:37:26.312654
91,2023-03-16 00:00:00+05:30,12.550000190734863,12.649999618530273,12.199999809265137,12.229999542236328,9033,0.0,0.0,2023-03-16,13.141394695633043,13.931636096920679,31.900707672963563,28.76098754228125,13.535677887976638,13.162499952316285,12.82438273939103,-0.790241401287636,-0.9177188326079844,13.162499952316285,0.6209658783017308,13.783465830618015,12.541534074014555,14.404431708919747,11.920568195712823,YAARI.BO,2023-08-21 12:37:26.312654
92,2023-03-15 00:00:00+05:30,12.5,13.149999618530273,12.5,12.760000228881836,261825,0.0,0.0,2023-03-15,13.307102905341536,14.067767021295428,35.46029395562415,28.652648735545032,13.673117713844038,13.283499956130981,13.12157433796838,-0.760664115953892,-0.9495881904380714,13.283499956130981,0.6639852583180545,13.947485214449037,12.619514697812926,14.61147047276709,11.955529439494873,YAARI.BO,2023-08-21 12:37:26.312654
93,2023-03-14 00:00:00+05:30,13.300000190734863,13.300000190734863,12.520000457763672,12.880000114440918,244326,0.0,0.0,2023-03-14,13.406576119243299,14.172388364688516,36.312161357899704,28.841034135295565,13.769235343840059,13.365499925613403,13.30236139251165,-0.7658122454452165,-0.9968192090591161,13.365499925613403,0.6964077629565091,14.061907688569912,12.669092162656893,14.758315451526421,11.972684399700384,YAARI.BO,2023-08-21 12:37:26.312654
94,2023-03-13 00:00:00+05:30,13.949999809265137,13.989999771118164,12.899999618530273,13.039999961853027,258080,0.0,0.0,2023-03-13,13.50231721102555,14.275779424708324,37.4252993462345,29.063938589305458,13.862839052197863,13.476499938964844,13.513542031547015,-0.7734622136827731,-1.054570949962591,13.476499938964844,0.7860980713978403,14.262598010362684,12.690401867567005,15.048696081760525,11.904303796169163,YAARI.BO,2023-08-21 12:37:26.312654
95,2023-03-10 00:00:00+05:30,14.0,14.399999618530273,13.850000381469727,13.979999542236328,323951,0.0,0.0,2023-03-10,13.586374892693282,14.374641781736747,44.940861810180905,29.682112207701234,13.949453693286793,13.616999959945678,13.750313066394005,-0.7882668890434648,-1.1248481340325454,13.616999959945678,0.9400229667377047,14.557022926683382,12.676976993207974,15.497045893421088,11.736954026470269,YAARI.BO,2023-08-21 12:37:26.312654
96,2023-03-09 00:00:00+05:30,14.699999809265137,14.949999809265137,14.100000381469727,14.199999809265137,500105,0.0,0.0,2023-03-09,13.514806774594547,14.406213160896781,46.9916807939823,31.45439630430542,13.94623834076579,13.682999992370606,13.635469828472843,-0.8914063863022346,-1.2089934452798154,13.682999992370606,1.0105449643993363,14.693544956769943,12.672455027971269,15.704089921169277,11.661910063571934,YAARI.BO,2023-08-21 12:37:26.312654
97,2023-03-08 00:00:00+05:30,13.109999656677246,14.449999809265137,12.90999984741211,14.130000114440918,253191,0.0,0.0,2023-03-08,13.390226222836258,14.422710229027313,46.267218256194504,33.69755541125432,13.919526607239543,13.748000001907348,13.353204838076696,-1.032484006191055,-1.2883902100242106,13.748000001907348,1.0846421085376023,14.83264211044495,12.663357893369746,15.917284218982553,11.578715784832143,YAARI.BO,2023-08-21 12:37:26.312654
98,2023-03-06 00:00:00+05:30,12.949999809265137,13.529999732971191,12.5,13.09000015258789,19446,0.0,0.0,2023-03-06,13.25572187890814,14.446127038194224,33.78191370482595,35.36802373518504,13.897371501218347,13.803999996185302,12.964807199894583,-1.1904051592860831,-1.3523667609824996,13.803999996185302,1.133227377420165,14.937227373605467,12.670772618765138,16.070454751025633,11.537545241344972,YAARI.BO,2023-08-21 12:37:26.312654
99,2023-03-03 00:00:00+05:30,13.199999809265137,13.329999923706055,12.25,12.920000076293945,86912,0.0,0.0,2023-03-03,13.285853101875457,14.55461718904273,31.361101963202458,35.50399593949433,13.98235795896892,13.917000007629394,12.902210723547928,-1.2687640871672734,-1.3928571614066036,13.917000007629394,1.1703535869820303,15.087353594611423,12.746646420647364,16.257707181593453,11.576292833665333,YAARI.BO,2023-08-21 12:37:26.312654
100,2023-03-02 00:00:00+05:30,13.399999618530273,13.5,12.949999809265137,12.960000038146973,37984,0.0,0.0,2023-03-02,13.352371833799367,14.685386558062632,31.613615664290933,35.233680209605204,14.094185104513654,14.030999994277954,12.893316047174917,-1.3330147242632648,-1.423880429966436,14.030999994277954,1.1791384575963109,15.210138451874265,12.851861536681643,16.389276909470574,11.672723079085332,YAARI.BO,2023-08-21 12:37:26.312654
101,2023-03-01 00:00:00+05:30,11.699999809265137,13.399999618530273,11.699999809265137,13.109999656677246,49372,0.0,0.0,2023-03-01,13.423712160281621,14.823417479655884,32.52555280531688,35.654647063942825,14.213573006236462,14.163000011444092,12.859974051688889,-1.399705319374263,-1.4465968563922287,14.163000011444092,1.2005091849493612,15.363509196393453,12.962490826494731,16.564018381342816,11.76198164154537,YAARI.BO,2023-08-21 12:37:26.312654
102,2023-02-28 00:00:00+05:30,12.350000381469727,12.699999809265137,12.25,12.449999809265137,4503,0.0,0.0,2023-02-28,13.480750797300598,14.960490905494174,23.51068177975783,35.90286863437146,14.329738621979537,14.330000066757203,12.734961249194708,-1.4797401081935764,-1.4583197406467199,14.330000066757203,1.276240492114026,15.606240558871228,13.053759574643177,16.882481050985255,11.77751908252915,YAARI.BO,2023-08-21 12:37:26.312654
103,2023-02-27 00:00:00+05:30,12.800000190734863,13.0,12.199999809265137,12.550000190734863,30955,0.0,0.0,2023-02-27,13.668160067852499,15.161330193192496,23.961081360380632,34.59967663194429,14.527605865423158,14.560000038146972,12.877441969159493,-1.4931701253399972,-1.4529646487600056,14.560000038146972,1.3328442255491106,15.892844263696084,13.22715581259786,17.225688489245194,11.894311587048751,YAARI.BO,2023-08-21 12:37:26.312654
104,2023-02-24 00:00:00+05:30,12.449999809265137,13.149999618530273,12.449999809265137,12.75,25937,0.0,0.0,2023-02-24,13.871461863692069,15.370236593389107,24.845010077902586,33.19623909086888,14.7357748838114,14.732500028610229,13.041162858371807,-1.498774729697038,-1.4429132796150077,14.732500028610229,1.2812694451691318,16.013769473779362,13.451230583441097,17.295038918948492,12.169961138271965,YAARI.BO,2023-08-21 12:37:26.312654
105,2023-02-23 00:00:00+05:30,13.050000190734863,13.050000190734863,12.050000190734863,12.550000190734863,67390,0.0,0.0,2023-02-23,14.07536402072699,15.579855520860235,22.179246829651603,31.86564193674466,14.944803818949444,14.93250002861023,13.18674428755771,-1.5044915001332448,-1.4289479170945,14.93250002861023,1.2676413282046108,16.20014135681484,13.664858700405619,17.46778268501945,12.397217372201009,YAARI.BO,2023-08-21 12:37:26.312654
106,2023-02-22 00:00:00+05:30,13.5,13.5,12.75,13.0,54359,0.0,0.0,2023-02-22,14.352702898907376,15.822243947270264,23.954448803782654,30.214335059209006,15.196888411393083,15.182499980926513,13.50511633596913,-1.4695410483628883,-1.4100620213348138,15.182499980926513,1.266083336994219,16.448583317920733,13.916416643932294,17.71466665491495,12.650333306938075,YAARI.BO,2023-08-21 12:37:26.312654
107,2023-02-21 00:00:00+05:30,13.75,13.75,13.100000381469727,13.149999618530273,22406,0.0,0.0,2023-02-21,14.598648880526898,16.048023463051884,24.562970298030066,28.93763006440498,15.428139823118672,15.434999942779541,13.757674503953693,-1.4493745825249853,-1.395192264577795,15.434999942779541,1.3106947637466246,16.745694706526166,14.124305179032916,18.05638947027279,12.813610415286291,YAARI.BO,2023-08-21 12:37:26.312654
108,2023-02-20 00:00:00+05:30,13.800000190734863,13.949999809265137,13.199999809265137,13.300000190734863,40791,0.0,0.0,2023-02-20,14.862039655435376,16.279865370613614,25.15637798675482,27.846575249407927,15.667944055180609,15.694999980926514,14.061511946665401,-1.4178257151782372,-1.3816466850909972,15.694999980926514,1.348771276883247,17.043771257809762,14.346228704043268,18.392542534693007,12.99745742716002,YAARI.BO,2023-08-21 12:37:26.312654
109,2023-02-17 00:00:00+05:30,14.25,14.399999618530273,13.600000381469727,13.800000190734863,48259,0.0,0.0,2023-02-17,15.14604683083547,16.518254585003913,27.189520879630436,26.753636941167255,15.917201304069636,15.954999971389771,14.442267824630669,-1.3722077541684428,-1.3726019275691872,15.954999971389771,1.3639049280172804,17.318904899407052,14.59109504337249,18.682809827424332,13.22719011535521,YAARI.BO,2023-08-21 12:37:26.312654
110,2023-02-16 00:00:00+05:30,14.600000381469727,14.800000190734863,14.199999809265137,14.399999618530273,20401,0.0,0.0,2023-02-16,15.390782583581036,16.735714936545435,29.880458368297653,25.910318561151843,16.140064579157507,16.20999994277954,14.763401641578572,-1.344932352964399,-1.3727004709193733,16.20999994277954,1.415571217409131,17.62557116018867,14.794428725370409,19.0411423775978,13.378857507961278,YAARI.BO,2023-08-21 12:37:26.312654
111,2023-02-15 00:00:00+05:30,14.5,14.850000381469727,14.25,14.649999618530273,7786,0.0,0.0,2023-02-15,15.570924940862994,16.922572161986647,31.07019293366318,25.559867032502545,16.323229311855112,16.44749994277954,14.945102653102719,-1.3516472211236525,-1.3796425004081165,16.44749994277954,1.4923024859030922,17.939802428682633,14.955197456876448,19.432104914585725,13.462894970973355,YAARI.BO,2023-08-21 12:37:26.312654
112,2023-02-14 00:00:00+05:30,14.949999809265137,15.25,14.25,14.399999618530273,59458,0.0,0.0,2023-02-14,15.738365908559853,17.104377965463158,28.423847770355266,25.23107835683611,16.499358753257727,16.652499961853028,15.09265417038894,-1.3660120569033047,-1.3866413202292323,16.652499961853028,1.5138373412699135,18.16633730312294,15.138662620583114,19.680174644392856,13.624825279313201,YAARI.BO,2023-08-21 12:37:26.312654
113,2023-02-13 00:00:00+05:30,16.149999618530273,16.149999618530273,15.0,15.100000381469727,40301,0.0,0.0,2023-02-13,15.981705234019776,17.32072823321779,31.575699297960696,24.87699824457995,16.7203439253343,16.87249994277954,15.438981446318273,-1.3390229991980132,-1.391798636060714,16.87249994277954,1.4887713395675017,18.361271282347044,15.38372860321204,19.850042621914543,13.894957263644537,YAARI.BO,2023-08-21 12:37:26.312654
114,2023-02-10 00:00:00+05:30,15.25,16.399999618530273,15.0,15.850000381469727,43987,0.0,0.0,2023-02-10,16.142015207210694,17.498386461357633,35.49114730644297,25.214781898078538,16.890906403635835,17.079999923706055,15.608471978742546,-1.3563712541469393,-1.4049925452763892,17.079999923706055,1.5176503465690958,18.59765027027515,15.56234957713696,20.115300616844245,14.044699230567863,YAARI.BO,2023-08-21 12:37:26.312654
115,2023-02-09 00:00:00+05:30,15.5,15.550000190734863,14.949999809265137,15.300000190734863,34995,0.0,0.0,2023-02-09,16.19510881189087,17.630257347748667,29.541688556942773,25.578548909538554,17.00047545860069,17.26999988555908,15.487707777378956,-1.435148535857799,-1.4171478680587515,17.26999988555908,1.5916226206014912,18.861622506160572,15.67837726495759,20.453245126762063,14.086754644356098,YAARI.BO,2023-08-21 12:37:26.312654
116,2023-02-08 00:00:00+05:30,14.75,15.649999618530273,14.75,15.5,49027,0.0,0.0,2023-02-08,16.357855833919235,17.816677920309772,30.491234021587147,24.583012466046483,17.179472855218144,17.48999991416931,15.581561570701002,-1.458822086390537,-1.4126477011089897,17.48999991416931,1.6089878148190728,19.098987728988384,15.881012099350237,20.707975543807457,14.272024284531165,YAARI.BO,2023-08-21 12:37:26.312654
117,2023-02-07 00:00:00+05:30,14.350000381469727,15.600000381469727,14.350000381469727,15.25,46955,0.0,0.0,2023-02-07,16.513829621904552,18.00201215393455,27.79747872583215,23.51089629613195,17.356259471556896,17.687499952316283,15.622342356051501,-1.4881825320299988,-1.401104104788603,17.687499952316283,1.5942226672700293,19.28172261958631,16.093277285046256,20.875945286856343,14.499054617776224,YAARI.BO,2023-08-21 12:37:26.312654
118,2023-02-06 00:00:00+05:30,15.050000190734863,15.649999618530273,15.050000190734863,15.350000381469727,38459,0.0,0.0,2023-02-06,16.743616825887198,18.222173126249317,28.203450761616793,22.274796227305785,17.577970994878676,17.872499990463258,15.808513534077251,-1.4785563003621185,-1.379334497978254,17.872499990463258,1.5088750487298142,19.38137503919307,16.363624941733445,20.890250087922887,14.854749893003628,YAARI.BO,2023-08-21 12:37:26.312654
119,2023-02-03 00:00:00+05:30,15.699999809265137,15.949999809265137,14.949999809265137,15.199999809265137,54845,0.0,0.0,2023-02-03,16.9970016339631,18.451946945831686,26.712626519708735,21.456870722970766,17.812494217342774,18.062499952316283,16.03777011038101,-1.4549453118685847,-1.354529047382288,18.062499952316283,1.4105686731760014,19.473068625492285,16.651931279140282,20.883637298668287,15.24136260596428,YAARI.BO,2023-08-21 12:37:26.312654
120,2023-02-02 00:00:00+05:30,16.049999237060547,16.549999237060547,15.199999809265137,15.600000381469727,150552,0.0,0.0,2023-02-02,17.32372923845364,18.71210271675701,28.160558595353777,20.576027872148433,18.08749362871937,18.254999923706055,16.456655260938945,-1.388373478303368,-1.3294249812607135,18.254999923706055,1.2533008762519902,19.508300799958047,17.001699047454064,20.761601676210034,15.748398171202075,YAARI.BO,2023-08-21 12:37:26.312654
121,2023-02-01 00:00:00+05:30,17.350000381469727,17.899999618530273,16.0,16.450000762939453,216099,0.0,0.0,2023-02-01,17.637134485177988,18.961070903579994,31.533232399765424,19.809116698338965,18.3493350231667,18.437499904632567,16.88498270067355,-1.3239364184020062,-1.3146878570000498,18.437499904632567,1.103090786063189,19.540590690695755,17.33440911856938,20.643681476758946,16.231318332506188,YAARI.BO,2023-08-21 12:37:26.312654
122,2023-01-31 00:00:00+05:30,16.0,17.799999237060547,15.649999618530273,17.049999237060547,86876,0.0,0.0,2023-01-31,17.85297698013045,19.16195651483124,34.219534240045746,19.60738771392901,18.549264945295885,18.57999982833862,17.102473669540597,-1.3089795347007893,-1.3123757166495604,18.57999982833862,1.0132543728718846,19.593254201210506,17.566745455466737,20.60650857408239,16.553491082594853,YAARI.BO,2023-08-21 12:37:26.312654
123,2023-01-30 00:00:00+05:30,16.350000381469727,16.850000381469727,15.550000190734863,16.0,156145,0.0,0.0,2023-01-30,17.998972933415885,19.330913097052893,23.65020127002316,19.260674279189246,18.707082388268027,18.72249984741211,17.12871088578062,-1.3319401636370074,-1.3132247621367532,18.72249984741211,0.9868177613129655,19.709317608725076,17.735682086099143,20.69613537003804,16.74886432478618,YAARI.BO,2023-08-21 12:37:26.312654
124,2023-01-27 00:00:00+05:30,17.75,18.0,16.100000381469727,16.75,142238,0.0,0.0,2023-01-27,18.36242255767332,19.597386144817122,26.471262928203146,17.569737037490246,18.992038429138347,18.919999885559083,17.693066328670927,-1.2349635871438025,-1.3085459117616896,18.919999885559083,0.7886365437263599,19.70863642928544,18.131363341832724,20.497272973011803,17.342726798106362,YAARI.BO,2023-08-21 12:37:26.312654
125,2023-01-25 00:00:00+05:30,18.100000381469727,18.549999237060547,17.0,17.549999237060547,88832,0.0,0.0,2023-01-25,18.655590295432106,19.825177036402494,30.017764193988555,16.11091974655715,19.228042474310804,19.059999847412108,18.16459949300639,-1.169586740970388,-1.3269414929161614,19.059999847412108,0.6118567194291535,19.67185656684126,18.448143127982956,20.283713286270416,17.8362864085538,YAARI.BO,2023-08-21 12:37:26.312654
126,2023-01-24 00:00:00+05:30,18.600000381469727,18.600000381469727,17.899999618530273,18.049999237060547,44872,0.0,0.0,2023-01-24,18.856606851499663,20.007191260349845,32.54853134372735,15.216747720612059,19.404678604547673,19.164999866485594,18.471899620979308,-1.1505844088501824,-1.3662801809026044,19.164999866485594,0.510958957237857,19.67595882372345,18.654040909247737,20.18691778096131,18.14308195200988,YAARI.BO,2023-08-21 12:37:26.312654
127,2023-01-23 00:00:00+05:30,18.600000381469727,18.700000762939453,18.049999237060547,18.350000381469727,59568,0.0,0.0,2023-01-23,19.003262781397684,20.16376662221299,34.152759807219866,15.075197694148073,19.547276432704212,19.25749988555908,18.682849812938684,-1.1605038408153057,-1.4202041239157097,19.25749988555908,0.4637589678500787,19.72125885340916,18.793740917709002,20.18501782125924,18.329981949858922,YAARI.BO,2023-08-21 12:37:26.312654
128,2023-01-20 00:00:00+05:30,18.850000381469727,19.0,18.399999618530273,18.5,56672,0.0,0.0,2023-01-20,19.12203776320277,20.308867921472448,34.95259322286965,15.072080024200416,19.673305490728893,19.339999866485595,18.849274528673163,-1.1868301582696787,-1.4851291946908107,19.339999866485595,0.43997615712498805,19.779976023610583,18.900023709360607,20.21995218073557,18.46004755223562,YAARI.BO,2023-08-21 12:37:26.312654
129,2023-01-19 00:00:00+05:30,19.0,19.649999618530273,18.799999237060547,18.899999618530273,63910,0.0,0.0,2023-01-19,19.235135538330546,20.453577355190244,37.104294447724484,15.417510278989784,19.796811331858247,19.249999904632567,19.023911793009745,-1.2184418168596984,-1.5597039537960937,19.249999904632567,0.7174515199571829,19.96745142458975,18.532548384675383,20.684902944546934,17.8150968647182,YAARI.BO,2023-08-21 12:37:26.312654
130,2023-01-18 00:00:00+05:30,18.799999237060547,19.75,18.149999618530273,19.149999618530273,195297,0.0,0.0,2023-01-18,19.296069341930597,20.577863574123043,38.47903935499167,16.202856438579346,19.89121256484014,19.219999885559083,19.08586788024948,-1.2817942321924463,-1.6450194880301923,19.219999885559083,0.7448771721960165,19.9648770577551,18.475122713363067,20.709754229951116,17.73024554116705,YAARI.BO,2023-08-21 12:37:26.312654
131,2023-01-17 00:00:00+05:30,18.75,19.200000762939453,18.5,18.75,60757,0.0,0.0,2023-01-17,19.32262747345793,20.692092690570465,34.8952199463415,17.04861384121426,19.969234980241175,19.244999885559082,19.05380201110908,-1.369465217112534,-1.7358258019896289,19.244999885559082,0.7507714546240232,19.995771340183104,18.49422843093506,20.746542794807127,17.743456976311037,YAARI.BO,2023-08-21 12:37:26.312654
132,2023-01-16 00:00:00+05:30,19.100000381469727,19.5,18.649999618530273,18.799999237060547,59198,0.0,0.0,2023-01-16,19.426741559541192,20.8474601058161,35.132773082927685,17.338609285169447,20.09757550447709,19.299999904632568,19.20570301666362,-1.4207185462749088,-1.8274159482089023,19.299999904632568,0.7528891172946687,20.052889021927236,18.5471107873379,20.805778139221903,17.794221670043232,YAARI.BO,2023-08-21 12:37:26.312654
133,2023-01-13 00:00:00+05:30,19.5,19.75,19.049999237060547,19.25,37455,0.0,0.0,2023-01-13,19.540694709083127,21.011256975316545,37.2521282580593,17.783074002071587,20.234162479994616,19.37249994277954,19.408554906465156,-1.4705622662334186,-1.9290902986924003,19.37249994277954,0.7717844271854554,20.144284369964996,18.600715515594086,20.91606879715045,17.82893108840863,YAARI.BO,2023-08-21 12:37:26.312654
134,2023-01-12 00:00:00+05:30,19.200000762939453,19.799999237060547,19.200000762939453,19.649999618530273,69096,0.0,0.0,2023-01-12,19.593548292552786,21.152157533341867,39.20415709425691,18.61268785071637,20.337758530520368,19.409999942779542,19.487832359697734,-1.5586092407890817,-2.0437223068071457,19.409999942779542,0.7836486163656572,20.1936485591452,18.626351326413886,20.977297175510856,17.84270271004823,YAARI.BO,2023-08-21 12:37:26.312654
135,2023-01-11 00:00:00+05:30,19.549999237060547,20.25,19.299999237060547,19.700000762939453,82329,0.0,0.0,2023-01-11,19.58328441510233,21.272330166526793,39.44406365234828,19.636984205188277,20.410154205466693,19.49749994277954,19.40674873028146,-1.6890457514244623,-2.1650005733116617,19.49749994277954,0.9007999891859872,20.39829993196553,18.596699953593554,21.299099921151516,17.695899964407566,YAARI.BO,2023-08-21 12:37:26.312654
136,2023-01-10 00:00:00+05:30,19.0,20.200000762939453,18.5,19.450000762939453,146810,0.0,0.0,2023-01-10,19.562063260950126,21.398116518813783,37.673262841736985,20.823509568076474,20.48490719941693,19.627499866485596,19.260122713952462,-1.8360532578636573,-2.2839892787834617,19.627499866485596,1.0976618187584162,20.72516168524401,18.529838047727182,21.82282350400243,17.432176228968764,YAARI.BO,2023-08-21 12:37:26.312654
137,2023-01-09 00:00:00+05:30,19.100000381469727,19.25,18.799999237060547,18.950000762939453,41939,0.0,0.0,2023-01-09,19.582438260588432,21.55396577928373,34.094090085796424,22.05844993937919,20.59384471904614,19.82249984741211,19.165183689458967,-1.9715275186952965,-2.3959732840134125,19.82249984741211,1.3756792044948383,21.198179051906948,18.446820642917274,22.57385825640179,17.071141438422433,YAARI.BO,2023-08-21 12:37:26.312654
138,2023-01-06 00:00:00+05:30,19.200000762939453,19.549999237060547,18.850000381469727,19.149999618530273,81068,0.0,0.0,2023-01-06,19.69742689652461,21.76228298059127,34.837154130148306,22.549058711293753,20.76688092495211,20.05749979019165,19.272775152718722,-2.0648560840666583,-2.5020847253429412,20.05749979019165,1.6016664444010862,21.659166234592735,18.455833345790563,23.260832678993822,16.854166901389476,YAARI.BO,2023-08-21 12:37:26.312654
139,2023-01-05 00:00:00+05:30,19.25,19.549999237060547,18.649999618530273,19.049999237060547,30495,0.0,0.0,2023-01-05,19.796959128887217,21.97126564955615,34.1710387430452,23.11058938210428,20.937078957207035,20.274999809265136,19.334162919812947,-2.1743065206689316,-2.611391885662012,20.274999809265136,1.7595229399846746,22.03452274924981,18.515476869280462,23.794045689234487,16.755953929295785,YAARI.BO,2023-08-21 12:37:26.312654
140,2023-01-04 00:00:00+05:30,19.450000762939453,19.600000381469727,18.75,19.25,121304,0.0,0.0,2023-01-04,19.932770018310244,22.204966962555794,34.83230591178925,23.71531471990023,21.135718927748773,20.464999866485595,19.476244761189147,-2.2721969442455503,-2.720663226910282,20.464999866485595,1.8242590371867202,22.289258903672316,18.640740829298874,24.113517940859037,16.816481792112153,YAARI.BO,2023-08-21 12:37:26.312654
141,2023-01-03 00:00:00+05:30,19.950000762939453,19.950000762939453,19.200000762939453,19.299999237060547,124278,0.0,0.0,2023-01-03,20.05691002163938,22.441364319560254,34.98949114071178,24.424584311998593,21.33421565698549,20.71249990463257,19.58936714178372,-2.3844542979208754,-2.832779797576465,20.71249990463257,1.979890763915063,22.69239066854763,18.732609140717507,24.672281432462697,16.75271837680244,YAARI.BO,2023-08-21 12:37:26.312654
142,2023-01-02 00:00:00+05:30,20.049999237060547,20.299999237060547,19.700000762939453,19.899999618530273,44257,0.0,0.0,2023-01-02,20.194530164290075,22.69267352616023,36.842040303344724,25.442490160201285,21.548343701188113,21.069999980926514,19.7340510941453,-2.498143361870156,-2.9448611724903624,21.069999980926514,2.3265856299450003,23.396585610871515,18.743414350981514,25.723171240816516,16.416828721036513,YAARI.BO,2023-08-21 12:37:26.312654
143,2022-12-30 00:00:00+05:30,19.399999618530273,21.149999618530273,19.399999618530273,19.950000762939453,184913,0.0,0.0,2022-12-30,20.24808117261004,22.916087438770628,36.993603173078775,26.822267238879714,21.72185360462578,21.4,19.65107683195281,-2.668006266160589,-3.056540625145414,21.4,2.6034896852537015,24.0034896852537,18.796510314746296,26.606979370507403,16.193020629492594,YAARI.BO,2023-08-21 12:37:26.312654
144,2022-12-29 00:00:00+05:30,19.5,19.850000381469727,19.299999237060547,19.549999237060547,56169,0.0,0.0,2022-12-29,20.302277610731963,23.153374372837124,35.00742505135038,28.30818101591802,21.908364430066445,21.507499980926514,19.501614866459487,-2.8510967621051613,-3.15367421489162,21.507499980926514,2.584787379139556,24.09228736006607,18.92271260178696,26.677074739205626,16.337925222647403,YAARI.BO,2023-08-21 12:37:26.312654
145,2022-12-28 00:00:00+05:30,19.799999237060547,21.200000762939453,19.399999618530273,19.649999618530273,480169,0.0,0.0,2022-12-28,20.439055496854035,23.441644383699252,35.265495852188806,29.059873902630464,22.156613397751276,21.719999980926513,19.477422681158956,-3.002588886845217,-3.2293185780882347,21.719999980926513,2.5900823883356447,24.310082369262158,19.129917592590868,26.900164757597803,16.539835204255223,YAARI.BO,2023-08-21 12:37:26.312654
146,2022-12-27 00:00:00+05:30,21.0,21.850000381469727,19.299999237060547,19.899999618530273,342904,0.0,0.0,2022-12-27,20.58252020200381,23.74497596491277,35.87951309609524,29.91565577538379,22.420467479774537,22.005000019073485,19.391134212473293,-3.1624557629089587,-3.286001000898989,22.005000019073485,2.6628982011266866,24.667898220200172,19.342101817946798,27.33079642132686,16.67920361682011,YAARI.BO,2023-08-21 12:37:26.312654
147,2022-12-26 00:00:00+05:30,16.700000762939453,20.0,16.5,20.0,392230,0.0,0.0,2022-12-26,20.706614853544455,24.052574072623365,36.1130578654909,30.837267022964298,22.6857798862213,22.322500038146973,19.1367015094448,-3.3459592190789103,-3.316887310396497,22.322500038146973,2.774909981197656,25.09741001934463,19.547590056949318,27.872320000542285,16.772680075751662,YAARI.BO,2023-08-21 12:37:26.312654
148,2022-12-23 00:00:00+05:30,18.0,18.0,16.399999618530273,16.700000762939453,114276,0.0,0.0,2022-12-23,20.83509028146163,24.376779998433236,20.195325823901072,30.61871746475893,22.968493558455123,22.742500019073486,18.7050522641672,-3.5416897169716073,-3.309619333225893,22.742500019073486,3.0289513359373688,25.771451355010853,19.713548683136118,28.800402690948225,16.684597347198746,YAARI.BO,2023-08-21 12:37:26.312654
149,2022-12-22 00:00:00+05:30,20.5,20.5,18.100000381469727,18.299999237060547,234529,0.0,0.0,2022-12-22,21.58692473937475,24.99092233727274,22.746929564080247,28.792086004645487,23.628334905351508,23.419999980926512,19.707578014781074,-3.4039975978979875,-3.2516017372894646,23.419999980926512,3.1202818061925908,26.540281787119103,20.299718174733922,29.660563593311693,17.17943636854133,YAARI.BO,2023-08-21 12:37:26.312654
150,2022-12-21 00:00:00+05:30,19.950000762939453,20.799999237060547,19.399999618530273,19.649999618530273,287075,0.0,0.0,2022-12-21,22.184547557977336,25.526196185289713,25.24603544089885,27.313361687590874,24.189212344118975,24.010000038146973,20.411367403641336,-3.3416486273123773,-3.2135027721373337,24.010000038146973,3.2153661397039635,27.225366177850937,20.79463389844301,30.4407323175549,17.579267758739046,YAARI.BO,2023-08-21 12:37:26.312654
151,2022-12-20 00:00:00+05:30,20.5,20.75,19.299999237060547,19.850000381469727,226976,0.0,0.0,2022-12-20,22.64537445605862,25.996291910630468,25.633454112936008,26.159271525123152,24.667024209970418,24.67750005722046,20.792051296196867,-3.3509174545718494,-3.181466308343573,24.67750005722046,3.6225345807113296,28.300034637931788,21.054965476509132,31.92256921864312,17.4324308957978,YAARI.BO,2023-08-21 12:37:26.312654
152,2022-12-19 00:00:00+05:30,20.350000381469727,20.950000762939453,19.850000381469727,20.25,188570,0.0,0.0,2022-12-19,23.153624287802053,26.487995232963325,26.385417407251623,24.873374963590095,25.174079349812594,25.322500038146973,21.263076753560437,-3.3343709451612717,-3.1391035217865033,25.322500038146973,3.8584997198900317,29.180999758037004,21.464000318256943,33.03949947792704,17.60550059836691,YAARI.BO,2023-08-21 12:37:26.312654
153,2022-12-16 00:00:00+05:30,21.200000762939453,21.399999618530273,19.899999618530273,20.0,679397,0.0,0.0,2022-12-16,23.681555976493335,26.98703485160039,25.110429145788387,23.67236489510174,25.69240349189813,25.967500114440917,21.769615130340654,-3.305478875107056,-3.090286665942811,25.967500114440917,4.039876252758889,30.007376367199804,21.92762386168203,34.0472526199587,17.88774760892314,YAARI.BO,2023-08-21 12:37:26.312654
154,2022-12-15 00:00:00+05:30,22.850000381469727,22.850000381469727,21.200000762939453,21.399999618530273,632276,0.0,0.0,2022-12-15,24.350929790401214,27.545997639728423,27.595784048890337,22.395191155853738,26.291603859466353,26.670000076293945,22.65442269551098,-3.1950678493272093,-3.0364886136517493,26.670000076293945,4.1671460203137904,30.837146096607736,22.502854055980155,35.004292116921526,18.335708035666364,YAARI.BO,2023-08-21 12:37:26.312654
155,2022-12-14 00:00:00+05:30,23.899999618530273,23.899999618530273,22.049999237060547,22.299999237060547,554737,0.0,0.0,2022-12-14,24.887462548923203,28.037677481424275,29.32861257087815,21.44957565033847,26.806509569038575,27.297500133514404,23.28163423400133,-3.150214932501072,-2.9968438047328845,27.297500133514404,4.27531095744552,31.572811090959924,23.022189176068885,35.84812204840544,18.746878218623365,YAARI.BO,2023-08-21 12:37:26.312654
156,2022-12-13 00:00:00+05:30,24.25,24.25,23.200000762939453,23.350000381469727,77492,0.0,0.0,2022-12-13,25.35791042380732,28.49669174097337,31.469346437838553,20.733768940486193,27.28087907766784,27.927500247955322,23.772451732471723,-3.1387813171660532,-2.9585010227908377,27.927500247955322,4.425835640401751,32.35333588835707,23.501664607553572,36.77917152875882,19.07582896715182,YAARI.BO,2023-08-21 12:37:26.312654
157,2022-12-12 00:00:00+05:30,24.0,24.549999237060547,23.200000762939453,23.649999618530273,36004,0.0,0.0,2022-12-12,25.72298497695961,28.908427049733664,32.090785839428435,20.39886667489118,27.694655782530802,28.510000228881836,23.983677407972717,-3.1854420727740553,-2.913430949197034,28.510000228881836,4.556389523807352,33.06638975268919,23.95361070507448,37.622779276496544,19.39722118126713,YAARI.BO,2023-08-21 12:37:26.312654
158,2022-12-09 00:00:00+05:30,23.399999618530273,24.850000381469727,22.399999618530273,23.5,152159,0.0,0.0,2022-12-09,26.099891405764943,29.329101244229935,31.4624016267757,20.03820269655809,28.12040906295191,29.032500171661376,24.150516302693934,-3.2292098384649925,-2.845428168302778,29.032500171661376,4.568895841537962,33.601396013199334,24.463604330123413,38.1702918547373,19.89470848858545,YAARI.BO,2023-08-21 12:37:26.312654
159,2022-12-08 00:00:00+05:30,24.799999237060547,24.799999237060547,22.75,22.850000381469727,514707,0.0,0.0,2022-12-08,26.57259893408584,29.79542934376833,28.811815680292042,19.649795335276302,28.606767911683693,29.60500020980835,24.4757744540409,-3.2228304096824907,-2.7494827507622244,29.60500020980835,4.556513580812307,34.16151379062066,25.04848662899604,38.71802737143297,20.491973048183734,YAARI.BO,2023-08-21 12:37:26.312654
160,2022-12-07 00:00:00+05:30,26.5,27.0,23.899999618530273,24.200000762939453,594615,0.0,0.0,2022-12-07,27.249435034561497,30.351063660752217,31.13392471469966,19.34877991102394,29.212743441179903,30.217500114440917,25.28866149032648,-3.1016286261907204,-2.6311458360321573,30.217500114440917,4.4220521838125215,34.639552298253435,25.795447930628395,39.06160448206596,21.373395746815874,YAARI.BO,2023-08-21 12:37:26.312654
161,2022-12-06 00:00:00+05:30,28.450000762939453,29.0,25.649999618530273,26.450000762939453,655880,0.0,0.0,2022-12-06,27.803877629401867,30.843148692577238,35.57071196807401,19.413849278113382,29.740400565205213,30.7875,25.83299185401999,-3.03927106317537,-2.5135251384925166,30.7875,4.339532824520663,35.12703282452066,26.447967175479338,39.46656564904133,22.108434350958674,YAARI.BO,2023-08-21 12:37:26.312654
162,2022-12-05 00:00:00+05:30,22.700000762939453,26.5,22.549999237060547,26.5,342315,0.0,0.0,2022-12-05,28.050037059667766,31.19460052694826,35.675620079007714,20.130864692730782,30.086758439127927,31.25749988555908,25.524487399560257,-3.144563467280495,-2.382088657321803,31.25749988555908,4.35404440472014,35.61154429027922,26.903455480838943,39.96558869499936,22.5494110761188,YAARI.BO,2023-08-21 12:37:26.312654
163,2022-12-02 00:00:00+05:30,24.0,24.450000762939453,21.850000381469727,22.100000381469727,651609,0.0,0.0,2022-12-02,28.33186197960736,31.570168569104123,15.251304035487735,19.55985759403855,30.46431195903613,31.729999923706053,25.036731099340383,-3.238306589496762,-2.19146995483213,31.729999923706053,4.323235779448464,36.05323570315452,27.40676414425759,40.37647148260298,23.083528364809126,YAARI.BO,2023-08-21 12:37:26.312654
164,2022-12-01 00:00:00+05:30,26.0,26.399999618530273,23.399999618530273,23.799999237060547,606879,0.0,0.0,2022-12-01,29.464927724723292,32.327782024114875,17.212023221792947,17.597224624787653,31.344765809306278,32.432499980926515,26.50509645827571,-2.862854299391582,-1.9297607961659717,32.432499980926515,3.783943785476015,36.21644376640253,28.6485561954505,40.000387551878546,24.864612409974484,YAARI.BO,2023-08-21 12:37:26.312654
165,2022-11-30 00:00:00+05:30,26.25,26.950000762939453,24.25,25.350000381469727,576432,0.0,0.0,2022-11-30,30.494914722480154,33.01000464707922,19.314276060972844,15.934552038554537,32.13895176427951,33.08499994277954,27.857645068883286,-2.515089924599067,-1.6964874203595688,33.08499994277954,3.3128575731643477,36.39785751594389,29.772142369615192,39.710715089108234,26.459284796450845,YAARI.BO,2023-08-21 12:37:26.312654
166,2022-11-29 00:00:00+05:30,29.100000381469727,29.100000381469727,26.149999618530273,26.25,488230,0.0,0.0,2022-11-29,31.43035369357296,33.62280498832798,20.67585434531202,14.412716049292564,32.85357822562791,33.60749988555908,29.111467412590063,-2.192451294755017,-1.491836794299694,33.60749988555908,2.815430787377666,36.422930672936744,30.792069098181415,39.23836146031441,27.976638310803747,YAARI.BO,2023-08-21 12:37:26.312654
167,2022-11-28 00:00:00+05:30,30.299999237060547,31.5,28.200000762939453,28.399999618530273,509238,0.0,0.0,2022-11-28,32.372236183313504,34.212629387394216,24.508432131131514,13.443558291785843,33.54869172306243,34.14999980926514,30.54220111888509,-1.840393204080712,-1.3166831691858631,34.14999980926514,2.3258838538731808,36.47588366313832,31.82411595539196,38.8017675170115,29.498232101518777,YAARI.BO,2023-08-21 12:37:26.312654
168,2022-11-25 00:00:00+05:30,33.849998474121094,34.400001525878906,29.950000762939453,30.25,547792,0.0,0.0,2022-11-25,33.09446101327409,34.67763976890333,28.76938438744112,13.281356809207923,34.090659313013184,34.629999828338626,31.613301869062497,-1.5831787556292412,-1.1857556604621509,34.629999828338626,2.0511482951013753,36.68114812344,32.57885153323725,38.732296418541374,30.527703238135874,YAARI.BO,2023-08-21 12:37:26.312654
169,2022-11-24 00:00:00+05:30,32.900001525878906,33.04999923706055,29.700000762939453,30.100000381469727,138795,0.0,0.0,2022-11-24,33.61163574296029,35.0318509504156,27.824638623886656,14.03006270347637,34.494939240698784,35.067499828338626,32.294952803593745,-1.420215207455314,-1.0863998866703781,35.067499828338626,2.0002809703365867,37.067780798675216,33.067218858002036,39.0680617690118,31.066937887665453,YAARI.BO,2023-08-21 12:37:26.312654
170,2022-11-23 00:00:00+05:30,34.79999923706055,34.79999923706055,32.650001525878906,33.0,14895,0.0,0.0,2022-11-23,34.25011489959494,35.42639899593127,36.520353296512404,13.933363387522121,34.95756438377553,35.41999988555908,33.392429014655754,-1.1762840963363317,-1.0029460564741441,35.41999988555908,1.6732727465773245,37.093272632136404,33.746727138981754,38.76654537871373,32.07345439240443,YAARI.BO,2023-08-21 12:37:26.312654
171,2022-11-22 00:00:00+05:30,33.54999923706055,33.75,32.5,32.75,17859,0.0,0.0,2022-11-22,34.47740851770311,35.62051091560578,34.89154310393211,14.234281121493996,35.163623792594,35.66499996185303,33.58864352198363,-1.1431023979026662,-0.9596115465085973,35.66499996185303,1.6589549650708704,37.323954926923896,34.00604499678216,38.982909891994765,32.34709003171129,YAARI.BO,2023-08-21 12:37:26.312654
172,2022-11-21 00:00:00+05:30,34.45000076293945,34.45000076293945,33.0,33.150001525878906,19509,0.0,0.0,2022-11-21,34.79148279364913,35.85015178885424,36.274381046769825,15.316657198530528,35.41768945497232,35.910000038146975,34.00796528297544,-1.0586689952051103,-0.91373883366008,35.910000038146975,1.5649618396294946,37.47496187777647,34.34503819851748,39.03992371740596,32.78007635888799,YAARI.BO,2023-08-21 12:37:26.312654
173,2022-11-18 00:00:00+05:30,33.75,34.45000076293945,33.599998474121094,34.04999923706055,11941,0.0,0.0,2022-11-18,35.089933933243714,36.06616380989227,39.549194681181866,16.090027943812235,35.656393447508464,36.127499961853026,34.436947161523705,-0.9762298766485529,-0.8775062932738223,36.127499961853026,1.4599457341242135,37.58744569597724,34.667554227728814,39.047391430101456,33.207608493604596,YAARI.BO,2023-08-21 12:37:26.312654
174,2022-11-17 00:00:00+05:30,35.29999923706055,35.45000076293945,33.70000076293945,33.95000076293945,26854,0.0,0.0,2022-11-17,35.279012968913385,36.22745697571881,38.98083184981555,16.435915756989544,35.82548757492403,36.39750003814697,34.63042112375528,-0.9484440068054241,-0.8528253974301397,36.39750003814697,1.5519493832103803,37.94944942135735,34.845550654936595,39.501398804567735,33.29360127172621,YAARI.BO,2023-08-21 12:37:26.312654
175,2022-11-16 00:00:00+05:30,36.0,36.5,34.20000076293945,34.900001525878906,28896,0.0,0.0,2022-11-16,35.520651551817735,36.40965347274116,42.50629121599561,16.727760203743117,36.02290723934347,36.392499923706055,34.97063130416319,-0.8890019209234268,-0.8289207450863186,36.392499923706055,1.5603879808793006,37.95288790458535,34.83211194282676,39.51327588546466,33.27172396194745,YAARI.BO,2023-08-21 12:37:26.312654
176,2022-11-15 00:00:00+05:30,34.349998474121094,36.95000076293945,33.650001525878906,35.0,23834,0.0,0.0,2022-11-15,35.63349701107934,36.53042562849014,42.88540170862549,16.646859484888672,36.141107840760796,36.33499984741211,35.005946193305334,-0.8969286174108007,-0.8139004511270416,36.33499984741211,1.637561273588398,37.9725611210005,34.69743857382371,39.6101223945889,33.059877300235314,YAARI.BO,2023-08-21 12:37:26.312654
177,2022-11-14 00:00:00+05:30,35.900001525878906,35.900001525878906,33.599998474121094,34.099998474121094,21977,0.0,0.0,2022-11-14,35.74867828582104,36.65285967876935,38.28539607668346,16.559735633814654,36.26122445557772,36.312499809265134,35.008919289958,-0.9041813929483098,-0.7931434095561019,36.312499809265134,1.6598098991086998,37.972309708373835,34.65268991015643,39.63211960748254,32.99288001104773,YAARI.BO,2023-08-21 12:37:26.312654
178,2022-11-11 00:00:00+05:30,35.79999923706055,36.400001525878906,34.54999923706055,34.95000076293945,18973,0.0,0.0,2022-11-11,36.04843825158467,36.85708857514121,41.195098064531805,17.03525473054893,36.488721927309996,36.37249984741211,35.46337969787645,-0.8086503235565417,-0.7653839137080497,36.37249984741211,1.5960873917762175,37.968587239188324,34.77641245563589,39.56467463096455,33.18032506385967,YAARI.BO,2023-08-21 12:37:26.312654
179,2022-11-10 00:00:00+05:30,35.400001525878906,35.900001525878906,34.849998474121094,35.099998474121094,15679,0.0,0.0,2022-11-10,36.24815415861108,37.009655600117355,41.714604760265644,16.85267741780598,36.6506925761911,36.382499885559085,35.72006916534494,-0.761501441506276,-0.7545673112459266,36.382499885559085,1.5873082605653397,37.96980814612442,34.79519162499375,39.557116406689765,33.207883364428405,YAARI.BO,2023-08-21 12:37:26.312654
180,2022-11-09 00:00:00+05:30,35.79999923706055,36.400001525878906,35.599998474121094,35.599998474121094,11575,0.0,0.0,2022-11-09,36.45690973760926,37.16242817019705,43.409019199138015,16.91426419992672,36.813923534303726,36.3875,36.03010451095686,-0.7055184325877946,-0.7528337786808392,36.3875,1.5832078868864154,37.970707886886416,34.80429211311359,39.553915773772836,33.22108422622717,YAARI.BO,2023-08-21 12:37:26.312654
181,2022-11-07 00:00:00+05:30,38.45000076293945,38.45000076293945,35.70000076293945,35.849998474121094,14700,0.0,0.0,2022-11-07,36.6127117855162,37.28742254588313,44.24340200355071,16.430797420116438,36.94170511958611,36.4375,36.245157529374744,-0.6747107603669349,-0.7646626152041004,36.4375,1.5727848917249985,38.010284891725,34.864715108275,39.58306978345,33.29193021655,YAARI.BO,2023-08-21 12:37:26.312654
182,2022-11-04 00:00:00+05:30,35.70000076293945,36.75,35.650001525878906,35.95000076293945,25353,0.0,0.0,2022-11-04,36.751386933042575,37.4024164716241,44.561543932086536,15.837322435541026,37.05662160858243,36.525,36.442737057001565,-0.6510295385815255,-0.7871505789133917,36.525,1.5869950694141866,38.111995069414185,34.93800493058581,39.69899013882837,33.351009861171626,YAARI.BO,2023-08-21 12:37:26.312654
183,2022-11-03 00:00:00+05:30,36.849998474121094,37.150001525878906,35.849998474121094,36.150001525878906,18383,0.0,0.0,2022-11-03,36.89709350942496,37.51860972831887,45.16468189336268,16.003613807050648,37.17310801338695,36.59499988555908,36.689105204032614,-0.621516218893909,-0.8211808389963581,36.59499988555908,1.5911682622438499,38.18616814780293,35.003831623315236,39.777336410046786,33.41266336107138,YAARI.BO,2023-08-21 12:37:26.312654
184,2022-11-02 00:00:00+05:30,35.79999923706055,38.29999923706055,35.45000076293945,36.849998474121094,29623,0.0,0.0,2022-11-02,37.032928415524246,37.62809838451407,47.242826019018345,16.04882226108662,37.28080343312464,36.61249980926514,36.95865704310947,-0.595169968989822,-0.8710969940219703,36.61249980926514,1.587937901944631,38.200437711209766,35.02456190732051,39.7883756131544,33.436624005375876,YAARI.BO,2023-08-21 12:37:26.312654
185,2022-11-01 00:00:00+05:30,37.25,37.29999923706055,35.349998474121094,35.79999923706055,20990,0.0,0.0,2022-11-01,37.066188404870275,37.690346377345506,43.63013980713286,16.097508288509975,37.326151323546064,36.61499996185303,37.012986327603656,-0.6241579724752313,-0.9400787502800072,36.61499996185303,1.5883708209854566,38.20337078283848,35.02662914086758,39.791741603823944,33.43825831988212,YAARI.BO,2023-08-21 12:37:26.312654
186,2022-10-31 00:00:00+05:30,38.599998474121094,39.150001525878906,36.5,37.099998474121094,11279,0.0,0.0,2022-10-31,37.296404617199315,37.8415741485683,47.35848288710063,16.60975406541366,37.48679891159717,36.704999923706055,37.6194798728752,-0.5451695313689839,-1.019058944731201,36.704999923706055,1.590754727517884,38.29575465122394,35.11424519618817,39.88650937874182,33.52349046867029,YAARI.BO,2023-08-21 12:37:26.312654
187,2022-10-28 00:00:00+05:30,39.349998474121094,39.45000076293945,38.0,38.0,7766,0.0,0.0,2022-10-28,37.332114825031724,37.90090020252408,50.11131373759586,16.474248956230042,37.52751474712097,36.695000076293944,37.87922057225225,-0.5687853774923539,-1.1375312980717553,36.695000076293944,1.5887683626061138,38.283768438900054,35.10623171368783,39.87253680150617,33.517463351081716,YAARI.BO,2023-08-21 12:37:26.312654
188,2022-10-27 00:00:00+05:30,37.04999923706055,40.45000076293945,36.75,39.0,40622,0.0,0.0,2022-10-27,37.21068115685567,37.892972218726,53.30836746804756,15.329358145962916,37.477779457344226,36.67750015258789,37.81883085837837,-0.6822910618703304,-1.2797177782166058,36.67750015258789,1.5755097973870038,38.253009949974896,35.10199035520088,39.828519747361895,33.52648055781388,YAARI.BO,2023-08-21 12:37:26.312654
189,2022-10-25 00:00:00+05:30,37.20000076293945,38.0,37.0,37.150001525878906,7915,0.0,0.0,2022-10-25,36.88535045810215,37.80440999622409,47.561198748787156,14.096398811829086,37.317545716012035,36.59250011444092,37.22824628756755,-0.9190595381219353,-1.4290744573031746,36.59250011444092,1.4869854837861969,38.079485598227116,35.10551463065472,39.56647108201331,33.618529146868525,YAARI.BO,2023-08-21 12:37:26.312654
190,2022-10-24 00:00:00+05:30,38.099998474121094,38.25,36.0,37.900001525878906,2582,0.0,0.0,2022-10-24,36.83723208214274,37.856762673851705,49.87207772415595,13.733513047699564,37.33518194655237,36.62000007629395,37.26736866841187,-1.019530591708964,-1.5565781870984843,36.62000007629395,1.5028396919701457,38.12283976826409,35.1171603843238,39.62567946023424,33.61432069235366,YAARI.BO,2023-08-21 12:37:26.312654
191,2022-10-21 00:00:00+05:30,39.04999923706055,39.29999923706055,37.150001525878906,37.650001525878906,11425,0.0,0.0,2022-10-21,36.644001274190714,37.85330356568953,49.10669415811851,13.342712994021618,37.275727253991676,36.67749996185303,36.95105223967835,-1.2093022914988154,-1.6908400859458643,36.67749996185303,1.5746742876086137,38.252174249461646,35.102825674244414,39.826848537070255,33.528151386635805,YAARI.BO,2023-08-21 12:37:26.312654
192,2022-10-20 00:00:00+05:30,38.650001525878906,39.099998474121094,37.20000076293945,37.5,52198,0.0,0.0,2022-10-20,36.46109213752013,37.86956772887438,48.67004068800064,12.191890163571477,37.23632996221407,36.80749988555908,36.60157759657806,-1.4084755913542466,-1.8112245345576266,36.80749988555908,1.7560628923564396,38.56356277791552,35.05143699320264,40.31962567027196,33.2953741008462,YAARI.BO,2023-08-21 12:37:26.312654
193,2022-10-19 00:00:00+05:30,33.95000076293945,40.599998474121094,33.79999923706055,39.45000076293945,231262,0.0,0.0,2022-10-19,36.272199798887435,37.89913314718433,54.293199630158576,11.024606363814154,37.208575221394504,36.82499980926514,36.15236639486709,-1.6269333482968946,-1.9119117703584714,36.82499980926514,1.76504812381647,38.59004793308161,35.05995168544867,40.35509605689808,33.294903561632196,YAARI.BO,2023-08-21 12:37:26.312654
194,2022-10-18 00:00:00+05:30,34.0,34.45000076293945,33.5,33.849998474121094,9940,0.0,0.0,2022-10-18,35.694417805423434,37.775063737923915,33.94045656727609,9.767531502537038,36.972635690705566,36.82749977111816,34.5035492108309,-2.080645932500481,-1.9831563758738653,36.82749977111816,1.7689927810067803,38.59649255212494,35.05850699011138,40.36548533313172,33.2895142091046,YAARI.BO,2023-08-21 12:37:26.312654
195,2022-10-17 00:00:00+05:30,34.95000076293945,34.95000076293945,33.599998474121094,33.75,17558,0.0,0.0,2022-10-17,36.02976677475113,38.08906895902814,33.44906969464476,9.662251505239414,37.30133434508288,37.124999809265134,34.8303245791858,-2.0593021842770085,-1.9587839867172112,37.124999809265134,1.742011652829592,38.86701146209472,35.382988156435545,40.60902311492432,33.64097650360595,YAARI.BO,2023-08-21 12:37:26.312654
196,2022-10-14 00:00:00+05:30,36.0,36.349998474121094,34.0,34.54999923706055,13012,0.0,0.0,2022-10-14,36.444269824705884,38.43619447575039,35.40549826645942,9.604024962182216,37.67515901298634,37.489999771118164,35.3704868687787,-1.9919246510445063,-1.9336544373272617,37.489999771118164,1.7622949261192622,39.252294697237424,35.727704844998904,41.01458962335669,33.96540991887964,YAARI.BO,2023-08-21 12:37:26.312654
197,2022-10-13 00:00:00+05:30,35.75,35.75,34.79999923706055,35.29999923706055,1933,0.0,0.0,2022-10-13,36.78868265882321,38.74709009484558,37.304971872096914,9.754205998348091,38.0041231999259,37.91499977111816,35.780730684637774,-1.9584074360223696,-1.9190868838979505,37.91499977111816,2.02179539345484,39.936795164573,35.893204377663324,41.95859055802784,33.87140898420848,YAARI.BO,2023-08-21 12:37:26.312654
198,2022-10-12 00:00:00+05:30,35.70000076293945,35.95000076293945,34.75,35.150001525878906,17885,0.0,0.0,2022-10-12,37.05935237187097,39.02285736346838,36.67402946356357,10.34832023328859,38.28876782759593,38.09499988555908,36.02109640842638,-1.9635049915974108,-1.9092567458668455,38.09499988555908,1.9351251215727139,40.0301250071318,36.159874763986366,41.96525012870451,34.224749642413656,YAARI.BO,2023-08-21 12:37:26.312654
199,2022-10-11 00:00:00+05:30,36.599998474121094,37.599998474121094,34.900001525878906,35.20000076293945,15090,0.0,0.0,2022-10-11,37.40650707114226,39.33268583047554,36.78862408253506,10.988135563224512,38.619164280408256,38.277499771118165,36.456643849700114,-1.9261787593332826,-1.895694684434204,38.277499771118165,1.8108933542549708,40.08839312537314,36.46660641686319,41.89928647962811,34.65571306260822,YAARI.BO,2023-08-21 12:37:26.312654
200,2022-10-10 00:00:00+05:30,39.70000076293945,39.70000076293945,36.45000076293945,36.599998474121094,24693,0.0,0.0,2022-10-10,37.80769003627004,39.66330063587843,40.04167759793072,11.752063498909457,38.9790762296155,38.46249980926514,37.08496539308044,-1.85561059960839,-1.8880736657094341,38.46249980926514,1.6628980421994313,40.12539785146457,36.79960176706571,41.788295893664,35.13670372486628,YAARI.BO,2023-08-21 12:37:26.312654
201,2022-10-07 00:00:00+05:30,36.54999923706055,37.900001525878906,36.54999923706055,37.599998474121094,10046,0.0,0.0,2022-10-07,38.02727032029712,39.908364808819016,42.53642103995688,11.93509649781288,39.22950546703597,38.662499809265135,37.32744885256011,-1.8810944885218959,-1.8961894322346948,38.662499809265135,1.6676386929634988,40.330138502228635,36.994861116301635,41.997777195192135,35.327222423338135,YAARI.BO,2023-08-21 12:37:26.312654
202,2022-10-06 00:00:00+05:30,36.54999923706055,37.650001525878906,36.45000076293945,37.349998474121094,8058,0.0,0.0,2022-10-06,38.10495611051094,40.09303411559485,41.69310794679387,12.680098725619288,39.401032518921745,38.82749996185303,37.19117404177962,-1.9880780050839064,-1.8999631681628943,38.82749996185303,1.7194301570226134,40.54693011887564,37.108069804830414,42.26636027589826,35.3886396478078,YAARI.BO,2023-08-21 12:37:26.312654
203,2022-10-04 00:00:00+05:30,37.04999923706055,38.5,36.0,36.5,16892,0.0,0.0,2022-10-04,38.242221135309094,40.31247696691275,38.86032341314835,13.350128805518992,39.61693083942708,38.910000038146975,37.11176182560888,-2.070255831603653,-1.8779344589326412,38.910000038146975,1.684026840607419,40.59402687875439,37.22597319753956,42.278053719361814,35.54194635693214,YAARI.BO,2023-08-21 12:37:26.312654
204,2022-10-03 00:00:00+05:30,37.5,38.849998474121094,36.70000076293945,36.900001525878906,18305,0.0,0.0,2022-10-03,38.558988614456204,40.617475124265766,39.70322290917187,14.071699660795595,39.94502882252467,39.117500114440915,37.41764273841332,-2.058486509809562,-1.829854115764888,39.117500114440915,1.6261248893262374,40.74362500376715,37.49137522511468,42.36974989309339,35.86525033578844,YAARI.BO,2023-08-21 12:37:26.312654
205,2022-09-30 00:00:00+05:30,36.5,38.25,36.5,37.599998474121094,11921,0.0,0.0,2022-09-30,38.86062263056117,40.91487301213672,41.153771878128275,15.146870791884753,40.26555801164528,39.410000038146975,37.67646334468053,-2.0542503815755495,-1.7726960172537194,39.410000038146975,1.7291310911764868,41.13913112932346,37.68086894697049,42.86826222049995,35.951737855794,YAARI.BO,2023-08-21 12:37:26.312654
206,2022-09-29 00:00:00+05:30,38.45000076293945,39.0,36.5,36.900001525878906,24785,0.0,0.0,2022-09-29,39.08982702264118,41.18006297517797,39.087298521796555,16.051390347438264,40.54614322612151,39.77750015258789,37.714695779960245,-2.090235952536787,-1.7023074261732618,39.77750015258789,2.0713886514992046,41.848888804087096,37.706111501088685,43.9202774555863,35.63472284958948,YAARI.BO,2023-08-21 12:37:26.312654
207,2022-09-28 00:00:00+05:30,37.29999923706055,38.849998474121094,37.0,37.650001525878906,14226,0.0,0.0,2022-09-28,39.4879771129616,41.52246789112189,40.50234224171314,17.025488330342046,40.92994761562073,40.29750003814697,38.12204290700091,-2.03449077816029,-1.6053252945823804,40.29750003814697,2.5590126022929165,42.85651264043989,37.738487435854054,45.415525242732805,35.17947483356114,YAARI.BO,2023-08-21 12:37:26.312654
208,2022-09-27 00:00:00+05:30,38.150001525878906,38.70000076293945,36.29999923706055,37.29999923706055,12808,0.0,0.0,2022-09-27,39.82215449243118,41.83226520034133,39.554091458948314,18.265443880055834,41.27520509875145,41.204999923706055,38.35806359756191,-2.010110707910151,-1.4980339236879028,41.204999923706055,4.238107054292577,45.44310697799863,36.96689286941348,49.68121403229121,32.7287858151209,YAARI.BO,2023-08-21 12:37:26.312654
209,2022-09-26 00:00:00+05:30,38.349998474121094,39.099998474121094,37.04999923706055,37.70000076293945,15031,0.0,0.0,2022-09-26,40.280728175225846,42.1948464774038,40.234594759219156,19.544830227574842,41.6936478210347,42.275,38.88709577781258,-1.914118302177954,-1.3700147276323407,42.275,5.662422289026142,47.93742228902614,36.61257771097386,53.599844578052284,30.950155421947713,YAARI.BO,2023-08-21 12:37:26.312654
210,2022-09-23 00:00:00+05:30,40.54999923706055,41.400001525878906,38.599998474121094,39.04999923706055,25960,0.0,0.0,2022-09-23,40.74995134109611,42.55443413456095,42.527565083157974,20.911921920947062,42.11403172188683,43.43249988555908,39.480643285249144,-1.8044827934648424,-1.2339888339959373,43.43249988555908,6.9072857339534215,50.339785619512504,36.52521415160566,57.24707135346593,29.617928417652237,YAARI.BO,2023-08-21 12:37:26.312654
211,2022-09-22 00:00:00+05:30,37.599998474121094,42.650001525878906,37.20000076293945,40.25,93072,0.0,0.0,2022-09-22,41.05903354182985,42.83478892636098,44.62678124198035,21.82693748375861,42.4365614571317,44.6125,39.695965309343435,-1.7757553845311307,-1.091365344128711,44.6125,8.041862117298086,52.654362117298085,36.57063788270191,60.69622423459617,28.528775765403825,YAARI.BO,2023-08-21 12:37:26.312654
212,2022-09-21 00:00:00+05:30,39.95000076293945,40.29999923706055,37.5,37.849998474121094,33477,0.0,0.0,2022-09-21,41.20613054943527,43.04157204046986,39.03836761725933,22.812338859094123,42.6667258210403,45.58500003814697,39.418947964015146,-1.8354414910345866,-0.9202678340281061,45.58500003814697,8.640314097899418,54.22531413604639,36.94468594024755,62.86562823394581,28.304371842348136,YAARI.BO,2023-08-21 12:37:26.312654
213,2022-09-20 00:00:00+05:30,39.0,41.04999923706055,39.0,39.5,45647,0.0,0.0,2022-09-20,41.81633638131058,43.45689792577776,41.72675206377742,24.542677520270257,43.17374975229496,46.53750019073486,40.203422708962165,-1.6405615444671824,-0.6914744197764859,46.53750019073486,8.791441427694636,55.328941618429496,37.746058763040224,64.12038304612413,28.95461733534559,YAARI.BO,2023-08-21 12:37:26.312654
214,2022-09-19 00:00:00+05:30,38.599998474121094,42.75,38.599998474121094,39.79999923706055,49925,0.0,0.0,2022-09-19,42.23748845063977,43.773449759839984,42.21759876876089,25.958559900954505,43.56046025253654,47.27250022888184,40.55513406344325,-1.5359613092002107,-0.4542026386038117,47.27250022888184,8.786599875642114,56.05910010452395,38.48590035323973,64.84569998016607,29.69930047759761,YAARI.BO,2023-08-21 12:37:26.312654
215,2022-09-16 00:00:00+05:30,44.0,44.0,39.0,41.04999923706055,102387,0.0,0.0,2022-09-16,42.68066830765418,44.091325801662336,44.23066878210621,27.483356310922158,43.95629825416559,47.91250019073486,40.93270147663459,-1.4106574940081558,-0.18376297095471197,47.91250019073486,8.679177676227127,56.59167786696199,39.233322514507734,65.27085554318911,30.554144838280607,YAARI.BO,2023-08-21 12:37:26.312654
216,2022-09-15 00:00:00+05:30,44.400001525878906,46.650001525878906,40.400001525878906,43.04999923706055,458914,0.0,0.0,2022-09-15,42.977153593216656,44.33463192683048,47.60303970790164,29.002061286607372,44.262224466492434,48.36500015258789,40.874052596421606,-1.3574783336138267,0.12296065980864901,48.36500015258789,8.53731895135446,56.90231910394235,39.82768120123343,65.43963805529681,31.29036224987897,YAARI.BO,2023-08-21 12:37:26.312654
217,2022-09-14 00:00:00+05:30,37.150001525878906,39.849998474121094,37.150001525878906,38.900001525878906,21305,0.0,0.0,2022-09-14,42.96390893069959,44.43740254201207,38.57994662599201,30.209509093217786,44.38982712222211,48.60000019073486,39.78607927610213,-1.4734936113124846,0.49307040816426795,48.60000019073486,8.447531476127116,57.04753166686198,40.15246871460774,65.4950631429891,31.70493723848063,YAARI.BO,2023-08-21 12:37:26.312654
218,2022-09-13 00:00:00+05:30,39.0,39.849998474121094,37.29999923706055,38.79999923706055,28315,0.0,0.0,2022-09-13,43.702801186121526,44.88039462330272,38.34237017491088,31.531353057027243,44.967703500784545,48.930000114440915,40.22911815121374,-1.1775934371811942,0.9847114130334561,48.930000114440915,8.17311704004253,57.10311715448344,40.75688307439839,65.27623419452598,32.583766034355854,YAARI.BO,2023-08-21 12:37:26.312654
219,2022-09-12 00:00:00+05:30,41.900001525878906,41.900001525878906,38.599998474121094,38.900001525878906,30900,0.0,0.0,2022-09-12,44.594219722314435,45.366826254202095,38.480583580263776,32.99675863670251,45.616935528544964,49.15750007629394,40.94367760829033,-0.7726065318876607,1.5252876255871186,49.15750007629394,7.936197474502908,57.09369755079685,41.22130260179104,65.02989502529977,33.285105127288126,YAARI.BO,2023-08-21 12:37:26.312654
220,2022-09-09 00:00:00+05:30,40.400001525878906,42.099998474121094,40.0,40.599998474121094,35027,0.0,0.0,2022-09-09,45.62953212166635,45.88417223246795,40.80236190950852,34.93204024890396,46.32398121303613,49.46000003814697,41.96551564949604,-0.25464011080159565,2.0997611649558134,49.46000003814697,7.634196011691187,57.09419604983816,41.825804026455785,64.72839206152935,34.1916080147646,YAARI.BO,2023-08-21 12:37:26.312654
221,2022-09-08 00:00:00+05:30,40.95000076293945,40.95000076293945,39.5,40.900001525878906,249879,0.0,0.0,2022-09-08,46.5439927848564,46.30690613313569,41.209805337033735,37.41336062804724,46.92650571186928,49.76250019073486,42.648274237183514,0.23708665172070909,2.6883614838951657,49.76250019073486,7.380287981942185,57.142788172677044,42.38221220879268,64.52307615461923,35.00192422685049,YAARI.BO,2023-08-21 12:37:26.312654
222,2022-09-07 00:00:00+05:30,38.650001525878906,42.650001525878906,38.650001525878906,39.0,140279,0.0,0.0,2022-09-07,47.5701730137614,46.739458501716236,37.54189707656735,39.73298577137028,47.560874573552475,50.01000003814697,43.52241059283581,0.8307145120451622,3.30118019193878,50.01000003814697,7.1467439286055905,57.15674396675256,42.86325610954138,64.30348789535815,35.71651218093579,YAARI.BO,2023-08-21 12:37:26.312654
223,2022-09-06 00:00:00+05:30,40.650001525878906,40.650001525878906,40.650001525878906,40.650001525878906,8576,0.0,0.0,2022-09-06,49.12838628899075,47.35861518185354,39.53070955531103,42.23104361802586,48.46201926550537,50.24500007629395,45.78361588925371,1.7697711071372098,3.918796611912184,50.24500007629395,6.836182824133957,57.081182900427905,43.40881725215999,63.91736572456186,36.572634428026035,YAARI.BO,2023-08-21 12:37:26.312654
224,2022-09-05 00:00:00+05:30,42.75,42.75,42.75,42.75,5442,0.0,0.0,2022-09-05,50.66991079137472,47.89530427433151,42.17093828604779,44.92125976057802,49.28433692230816,50.295000076293945,48.350423070941105,2.7746065170432104,4.456052988105927,50.295000076293945,6.765603872351086,57.06060394864503,43.52939620394286,63.82620782099612,36.76379233159177,YAARI.BO,2023-08-21 12:37:26.312654
225,2022-09-02 00:00:00+05:30,44.95000076293945,46.349998474121094,44.95000076293945,44.95000076293945,16976,0.0,0.0,2022-09-02,52.109894571624665,48.30692861627803,45.10125290923617,48.316532881514924,49.97216186149849,50.14250011444092,51.15063460641165,3.802965955346636,4.876414605871607,50.14250011444092,6.9757338000169185,57.11823391445784,43.166766314424,64.09396771447476,36.191032514407084,YAARI.BO,2023-08-21 12:37:26.312654
226,2022-09-01 00:00:00+05:30,49.75,49.75,47.29999923706055,47.29999923706055,78693,0.0,0.0,2022-09-01,53.411693445931064,48.575482844545114,48.439852191802636,51.537223094250855,50.50081039818892,49.97000007629394,54.250951528147745,4.83621060138595,5.144776768502849,49.97000007629394,7.15134147288695,57.12134154918089,42.818658603406995,64.27268302206784,35.66731713052004,YAARI.BO,2023-08-21 12:37:26.312654
227,2022-08-30 00:00:00+05:30,58.70000076293945,60.25,55.79999923706055,55.79999923706055,33116,0.0,0.0,2022-08-30,54.52291057481661,48.67752153314388,64.46814379701155,54.36768421063093,50.83773788883401,49.742500114440915,57.72642767369133,5.845389041672732,5.2219183102820725,49.742500114440915,7.311333611312104,57.05383372575302,42.43116650312881,64.36516733706512,35.119832891816706,YAARI.BO,2023-08-21 12:37:26.312654
228,2022-08-29 00:00:00+05:30,58.20000076293945,61.0,57.849998474121094,58.70000076293945,65280,0.0,0.0,2022-08-29,54.290712636226814,48.10772331683055,72.01763473896175,54.287549694008774,50.31539458902069,49.05750007629395,58.68964189200672,6.182989319396263,5.066050627434407,49.05750007629395,7.355579403986531,56.41307948028048,41.701920672307416,63.76865888426701,34.346341268320884,YAARI.BO,2023-08-21 12:37:26.312654
229,2022-08-26 00:00:00+05:30,65.75,65.75,59.54999923706055,60.849998474121094,169533,0.0,0.0,2022-08-26,53.48902388591543,47.26034112114184,78.33259773926564,53.17053974700479,49.432804465450296,48.127499961853026,58.68446245654034,6.228682764773588,4.786815954443943,48.127499961853026,7.247313223396846,55.37481318524987,40.88018673845618,62.62212640864672,33.63287351505933,YAARI.BO,2023-08-21 12:37:26.312654
230,2022-08-25 00:00:00+05:30,62.650001525878906,62.650001525878906,61.099998474121094,62.650001525878906,105028,0.0,0.0,2022-08-25,52.15066486987804,46.1731685329035,84.06301548670432,51.04418350336032,48.23099456980074,46.99500007629395,57.601694447749956,5.977496336974539,4.426349251861533,46.99500007629395,6.9167591374192146,53.91175921371316,40.078240938874735,60.828518351132374,33.16148180145552,YAARI.BO,2023-08-21 12:37:26.312654
231,2022-08-24 00:00:00+05:30,59.25,59.70000076293945,57.5,59.70000076293945,64624,0.0,0.0,2022-08-24,50.241694568786976,44.85502189346548,82.06649505847001,48.95631108963683,46.71320436389777,45.68250007629395,55.07754090868548,5.386672675321499,4.0385624805832805,45.68250007629395,6.247994967790446,51.930495044084395,39.4345051085035,58.17849001187484,33.186510140713054,YAARI.BO,2023-08-21 12:37:26.312654
232,2022-08-23 00:00:00+05:30,53.099998474121094,56.900001525878906,53.099998474121094,56.900001525878906,59489,0.0,0.0,2022-08-23,48.52200253348653,43.667423583907556,79.84064691843881,46.93874784469845,45.34617316399865,44.43250007629395,52.76631098155848,4.854578949578972,3.701534931898726,44.43250007629395,5.77921114130951,50.21171121760346,38.65328893498444,55.99092235891297,32.87407779367493,YAARI.BO,2023-08-21 12:37:26.312654
233,2022-08-22 00:00:00+05:30,54.349998474121094,55.20000076293945,52.54999923706055,54.20000076293945,43238,0.0,0.0,2022-08-22,46.99872998941519,42.60881734854985,77.32011467159401,45.02947037182796,44.12998070485336,43.23999996185303,50.69946570939827,4.38991264086534,3.4132739274786643,43.23999996185303,5.526338606126864,48.76633856797989,37.71366135572617,54.29267717410676,32.1873227495993,YAARI.BO,2023-08-21 12:37:26.312654
234,2022-08-19 00:00:00+05:30,52.599998474121094,52.599998474121094,51.099998474121094,52.599998474121094,14787,0.0,0.0,2022-08-19,45.689408030592595,41.681522675398675,75.64445816399183,43.15663974041088,43.069978593475874,42.10499992370605,48.949198182627676,4.00788535519392,3.169114249131995,42.10499992370605,5.487830696015246,47.5928306197213,36.61716922769081,53.08066131573655,31.12933853167556,YAARI.BO,2023-08-21 12:37:26.312654
235,2022-08-18 00:00:00+05:30,50.0,50.099998474121094,48.0,50.099998474121094,26966,0.0,0.0,2022-08-18,44.43293704086014,40.80804461150088,72.72016261732746,41.4604893222199,42.06681860603953,41.035000038146975,47.12379803688096,3.6248924293592566,2.9594214726165133,41.035000038146975,5.419678793335075,46.45467883148205,35.6153212448119,51.87435762481712,30.195642451476825,YAARI.BO,2023-08-21 12:37:26.312654
236,2022-08-17 00:00:00+05:30,47.75,47.75,47.75,47.75,9725,0.0,0.0,2022-08-17,43.402562234812684,40.06468830249126,69.52650049219653,40.00426651535575,41.22122072518884,40.107500076293945,45.635697818260894,3.337873932321422,2.793053733430827,40.107500076293945,5.373773378780165,45.48127345507411,34.73372669751378,50.855046833854274,29.359953318733616,YAARI.BO,2023-08-21 12:37:26.312654
237,2022-08-16 00:00:00+05:30,45.04999923706055,45.5,45.04999923706055,45.5,3505,0.0,0.0,2022-08-16,42.61211900477863,39.449863366690565,65.9862710480805,38.85464558505384,40.533980801524514,39.302500057220456,44.57854672739134,3.1622556380880624,2.656848683708178,39.302500057220456,5.374561791186231,44.67706184840669,33.927938266034225,50.05162363959292,28.553376474847994,YAARI.BO,2023-08-21 12:37:26.312654
238,2022-08-12 00:00:00+05:30,43.099998474121094,45.400001525878906,42.79999923706055,43.349998474121094,24272,0.0,0.0,2022-08-12,42.08704973292019,38.965852436025806,62.07712805041224,38.09880840191712,40.01124193852709,38.535000038146975,44.117820091087005,3.121197296894387,2.5304969451132067,38.535000038146975,5.536531821752176,44.07153185989915,32.9984682163948,49.60806368165133,27.461936394642624,YAARI.BO,2023-08-21 12:37:26.312654
239,2022-08-11 00:00:00+05:30,48.849998474121094,48.849998474121094,44.349998474121094,44.95000076293945,47157,0.0,0.0,2022-08-11,41.85742268906548,38.615120752978186,67.43255052192023,37.30763069665523,39.659793882148776,37.88000011444092,44.50173089956996,3.2423019360872942,2.3828218571679116,37.88000011444092,5.7091202444435,43.589120358884415,32.17087986999742,49.29824060332792,26.461759625553917,YAARI.BO,2023-08-21 12:37:26.312654
240,2022-08-10 00:00:00+05:30,48.099998474121094,48.099998474121094,45.0,46.650001525878906,161472,0.0,0.0,2022-08-10,41.29513576654294,38.108330352181284,73.70604442226787,35.42068546422397,39.10292999996028,37.195000076293944,44.277595967885205,3.1868054143616575,2.167951837438066,37.195000076293944,5.637629758792657,42.8326298350866,31.557370317501288,48.470259593879256,25.919740558708632,YAARI.BO,2023-08-21 12:37:26.312654
241,2022-08-08 00:00:00+05:30,45.849998474121094,45.849998474121094,43.849998474121094,45.849998474121094,138046,0.0,0.0,2022-08-08,40.32152381030004,37.42499665828547,72.59180983671233,33.5132583798599,38.308501418284635,36.44750003814697,43.091393188888354,2.8965271520145706,1.9132384432071676,36.44750003814697,5.298944063375088,41.74644410152206,31.14855597477188,47.04538816489715,25.849611911396792,YAARI.BO,2023-08-21 12:37:26.312654
242,2022-08-05 00:00:00+05:30,43.70000076293945,43.70000076293945,43.70000076293945,43.70000076293945,6812,0.0,0.0,2022-08-05,39.31634659869622,36.75099651301863,69.35060560660521,31.869721479227575,37.51465962293343,35.75000009536743,41.71209054627198,2.5653500856775935,1.6674162660053167,35.75000009536743,4.899194430952006,40.64919452631944,30.850805664415425,45.54838895727144,25.95161123346342,YAARI.BO,2023-08-21 12:37:26.312654
243,2022-08-04 00:00:00+05:30,41.650001525878906,41.650001525878906,41.650001525878906,41.650001525878906,10555,0.0,0.0,2022-08-04,38.51931856883381,36.19507617302496,65.766248700654,30.568830734093137,36.86357108188017,35.21500005722046,40.718135437938244,2.3242423958088523,1.4429328110872475,35.21500005722046,4.557674294192571,39.77267435141303,30.657325763027885,44.330348645605596,26.099651468835315,YAARI.BO,2023-08-21 12:37:26.312654
244,2022-08-03 00:00:00+05:30,41.75,42.04999923706055,39.45000076293945,39.70000076293945,30989,0.0,0.0,2022-08-03,37.9501034857347,35.75868214479664,61.82266538052745,29.703385329807737,36.35973629830135,34.84999990463257,40.252202393967906,2.1914213409380636,1.2226054149068462,34.84999990463257,4.3002447058661994,39.15024461049877,30.54975519876637,43.450489316364965,26.24951049290017,YAARI.BO,2023-08-21 12:37:26.312654
245,2022-08-02 00:00:00+05:30,42.5,44.400001525878906,41.400001525878906,41.5,46311,0.0,0.0,2022-08-02,37.63194034442474,35.44337665534521,68.59575774369324,28.771367202115773,36.00812951254997,34.50249986648559,40.52830320948213,2.1885636890795297,0.9804014333990416,34.50249986648559,4.166421863951895,38.66892173043749,30.336078002533696,42.835343594389386,26.169656138581804,YAARI.BO,2023-08-21 12:37:26.312654
246,2022-08-01 00:00:00+05:30,44.20000076293945,44.20000076293945,41.0,42.75,820296,0.0,0.0,2022-08-01,36.92865677068379,34.95884678777283,73.81020797302486,26.398908824528405,35.430037882292076,34.149999904632566,40.0424548142232,1.9698099829109594,0.6783608694789196,34.149999904632566,3.8277035536310944,37.97770345826366,30.32229635100147,41.80540701189476,26.494592797370377,YAARI.BO,2023-08-21 12:37:26.312654
247,2022-07-29 00:00:00+05:30,42.099998474121094,42.099998474121094,42.099998474121094,42.099998474121094,78725,0.0,0.0,2022-07-29,35.87023072898993,34.33555453079465,72.81227160116298,23.88152508161073,34.659515554112296,33.82499990463257,38.688682221334794,1.5346761981952781,0.35549859112090965,33.82499990463257,3.2984244576635215,37.12342436229609,30.526575446969048,40.421848819959614,27.228150989305526,YAARI.BO,2023-08-21 12:37:26.312654
248,2022-07-28 00:00:00+05:30,40.099998474121094,40.099998474121094,40.099998474121094,40.099998474121094,75872,0.0,0.0,2022-07-28,34.73754568442063,33.71439901532854,69.49077396139312,21.590807840138606,33.87630682569032,33.62750005722046,36.98302409494164,1.0231466690920925,0.060704189352317445,33.62750005722046,2.8668925783441908,36.49439263556465,30.760607478876267,39.36128521390884,27.89371490053208,YAARI.BO,2023-08-21 12:37:26.312654
249,2022-07-27 00:00:00+05:30,38.20000076293945,38.20000076293945,38.20000076293945,38.20000076293945,112008,0.0,0.0,2022-07-27,33.76255426811146,33.20355105862514,65.80562909054959,19.60176766432141,33.221181389013395,33.44000005722046,35.424536905351914,0.5590032094863204,-0.17990643058262634,33.44000005722046,2.523343906435728,35.963343963656186,30.916656150784732,38.48668787009191,28.393312244349005,YAARI.BO,2023-08-21 12:37:26.312654
250,2022-07-26 00:00:00+05:30,36.400001525878906,36.400001525878906,34.04999923706055,36.400001525878906,516820,0.0,0.0,2022-07-26,32.95574581450637,32.803835082279996,61.740263882384454,18.001929248300748,32.69709513912644,33.26250009536743,34.036804976558145,0.1519107322263764,-0.364633840599863,33.26250009536743,2.2844370150552193,35.54693711042265,30.97806308031221,37.831374125477865,28.69362606525699,YAARI.BO,2023-08-21 12:37:26.312654
251,2022-07-25 00:00:00+05:30,34.70000076293945,34.70000076293945,33.95000076293945,34.70000076293945,147994,0.0,0.0,2022-07-25,32.32951750334773,32.51614176679208,57.28679020603083,16.892347425822507,32.30731551946828,33.01750001907349,32.855206701897764,-0.1866242634443509,-0.4937699838064228,33.01750001907349,2.191087060791145,35.208587079864635,30.826412958282344,37.399674140655776,28.6353258974912,YAARI.BO,2023-08-21 12:37:26.312654
252,2022-07-22 00:00:00+05:30,31.850000381469727,33.04999923706055,31.600000381469727,33.04999923706055,161793,0.0,0.0,2022-07-22,31.898520547058325,32.34143304710029,52.280665846354324,16.38829669290196,32.05545391489237,32.714999961853025,31.93280967137692,-0.44291250004196314,-0.5705564138969407,32.714999961853025,2.3578593430954626,35.07285930494849,30.357140618757562,37.43071864804395,27.9992812756621,YAARI.BO,2023-08-21 12:37:26.312654
253,2022-07-21 00:00:00+05:30,31.25,32.150001525878906,30.950000762939453,31.5,23264,0.0,0.0,2022-07-21,31.68916078523974,32.28474775190347,46.846479457517994,16.64690428964445,31.95076493361151,32.44750003814697,31.3742148885351,-0.5955869666637277,-0.602467392360685,32.44750003814697,2.6080581728022114,35.05555821094918,29.83944186534476,37.66361638375139,27.231383692542547,YAARI.BO,2023-08-21 12:37:26.312654
254,2022-07-20 00:00:00+05:30,32.0,32.20000076293945,30.850000381469727,31.200000762939453,32874,0.0,0.0,2022-07-20,31.72355365528333,32.347527572055746,45.73587912330116,17.420707129559773,31.99821387399167,32.23500003814697,31.311322332802646,-0.6239739167724174,-0.6041874987849244,32.23500003814697,2.8511355682838926,35.086135606430865,29.383864469863077,37.93727117471476,26.532728901579187,YAARI.BO,2023-08-21 12:37:26.312654
255,2022-07-19 00:00:00+05:30,31.649999618530273,33.0,30.649999618530273,31.549999237060547,33449,0.0,0.0,2022-07-19,31.818745090254943,32.43932971678505,46.79510429023664,18.2540332648532,32.08223630673401,32.035000038146975,31.36698311773424,-0.6205846265301105,-0.5992408942880512,32.035000038146975,3.0601900590064552,35.095190097153434,28.97480997914052,38.155380156159886,25.914619920134065,YAARI.BO,2023-08-21 12:37:26.312654
256,2022-07-18 00:00:00+05:30,29.0,31.649999618530273,29.0,31.649999618530273,29305,0.0,0.0,2022-07-18,31.86760797265392,32.51047615516301,47.08440910157585,19.15146141055381,32.13826126143648,31.89000005722046,31.27547505807108,-0.6428681825090905,-0.5939049612275362,31.89000005722046,3.151716348795012,35.04171640601547,28.738283708425445,38.19343275481048,25.586567359630436,YAARI.BO,2023-08-21 12:37:26.312654
257,2022-07-15 00:00:00+05:30,30.049999237060547,30.5,29.799999237060547,30.149999618530273,7041,0.0,0.0,2022-07-15,31.907173127949132,32.579314278093634,42.09840866365523,20.430139119491542,32.18965722384766,31.67250003814697,31.088212777841484,-0.6721411501445012,-0.5816641559071476,31.67250003814697,3.3150167505691837,34.98751678871616,28.357483287577786,38.302533539285335,25.042466537008604,YAARI.BO,2023-08-21 12:37:26.312654
258,2022-07-14 00:00:00+05:30,31.549999237060547,31.600000381469727,29.75,30.25,18857,0.0,0.0,2022-07-14,32.226659220570745,32.7736594508587,42.345409862114906,21.147432643569324,32.40435802440739,31.655000019073487,31.55731935749709,-0.5470002302879564,-0.5590449073478092,31.655000019073487,3.324387650645453,34.97938766971894,28.330612368428035,38.303775320364394,25.00622471778258,YAARI.BO,2023-08-21 12:37:26.312654
259,2022-07-13 00:00:00+05:30,32.0,32.04999923706055,31.100000381469727,31.25,6745,0.0,0.0,2022-07-13,32.58605180612906,32.9755522069274,44.785382672802456,21.919902592576165,32.631132553292375,31.657499980926513,32.21097903624563,-0.38950040079833315,-0.5620560766127725,31.657499980926513,3.323294092288789,34.9807940732153,28.334205888637726,38.30408816550409,25.010911796348935,YAARI.BO,2023-08-21 12:37:26.312654
260,2022-07-12 00:00:00+05:30,31.450000762939453,32.900001525878906,31.149999618530273,31.700000762939453,21619,0.0,0.0,2022-07-12,32.82897031633435,33.113596383481585,45.89029371515744,23.38434511154255,32.77651492732315,31.589999961853028,32.69146855436844,-0.2846260671472365,-0.6051949955663822,31.589999961853028,3.3456414308364586,34.93564139268949,28.24435853101657,38.28128282352594,24.89871710018011,YAARI.BO,2023-08-21 12:37:26.312654
261,2022-07-11 00:00:00+05:30,33.0,33.0,31.799999237060547,31.899999618530273,5233,0.0,0.0,2022-07-11,33.034237507860695,33.226684033124954,46.36234503658361,24.985279349269852,32.889832207784586,31.364999961853027,33.187202450082935,-0.1924465252642591,-0.6853372276711686,31.364999961853027,3.4862172825441515,34.851217244397176,27.878782679308877,38.33743452694133,24.392565396764724,YAARI.BO,2023-08-21 12:37:26.312654
262,2022-07-08 00:00:00+05:30,35.5,35.5,33.0,33.0,10587,0.0,0.0,2022-07-08,33.24046257864805,33.33281878629253,48.933027737892424,26.80478256337813,32.99402511191662,31.25,33.83080386585927,-0.09235620764447816,-0.8085599032728958,31.25,3.5055220119020443,34.755522011902045,27.744477988097955,38.26104402380409,24.23895597619591,YAARI.BO,2023-08-21 12:37:26.312654
263,2022-07-07 00:00:00+05:30,32.900001525878906,34.349998474121094,32.20000076293945,34.349998474121094,18731,0.0,0.0,2022-07-07,33.284183047493144,33.35944428919593,52.23360157154009,28.189321059364477,32.99339617632889,31.20249996185303,34.2462057987889,-0.07526124170278337,-0.9876108271800002,31.20249996185303,3.486948452137994,34.68944841399102,27.715551509715034,38.17639686612902,24.22860305757704,YAARI.BO,2023-08-21 12:37:26.312654
264,2022-07-06 00:00:00+05:30,32.75,34.349998474121094,32.75,32.75,46644,0.0,0.0,2022-07-06,33.090398424469875,33.280199954401915,48.403510994501,30.1731393448589,32.85059593445603,31.11000003814697,34.1943094611228,-0.18980152993204058,-1.2156982235493043,31.11000003814697,3.4230104893671456,34.533010527514115,27.686989548779827,37.956021016881266,24.26397905941268,YAARI.BO,2023-08-21 12:37:26.312654
265,2022-07-05 00:00:00+05:30,34.45000076293945,34.45000076293945,34.45000076293945,34.45000076293945,13906,0.0,0.0,2022-07-05,33.15228904710076,33.32261595075407,52.56165820900689,32.05591488209132,32.86118498018824,31.075,34.9164641916842,-0.1703269036533115,-1.47217239695362,31.075,3.408908715346236,34.48390871534623,27.666091284653763,37.892817430692475,24.257182569307528,YAARI.BO,2023-08-21 12:37:26.312654
266,2022-07-04 00:00:00+05:30,39.099998474121094,39.099998474121094,36.25,36.25,61698,0.0,0.0,2022-07-04,32.91634146240281,33.23242516577924,57.410685508363606,33.25556345640738,32.69394121358285,30.98500003814697,35.149695906056564,-0.3160837033764281,-1.7976337702786969,30.98500003814697,3.3381409398812556,34.32314097802823,27.646859098265715,37.661281917909484,24.30871815838446,YAARI.BO,2023-08-21 12:37:26.312654
267,2022-07-01 00:00:00+05:30,38.150001525878906,38.150001525878906,36.95000076293945,38.150001525878906,129295,0.0,0.0,2022-07-01,32.31022172829423,32.99101917904158,63.1180492476796,33.550763024827866,32.31961923606526,30.85500011444092,34.59954385908485,-0.6807974507473489,-2.168021287004264,30.85500011444092,3.16863346341293,34.02363357785385,27.68636665102799,37.19226704126678,24.517733187615057,YAARI.BO,2023-08-21 12:37:26.312654
268,2022-06-30 00:00:00+05:30,35.849998474121094,36.349998474121094,35.25,36.349998474121094,6224,0.0,0.0,2022-06-30,31.248443583278835,32.57830059129459,59.58348479913774,34.18178878703046,31.705894784505922,30.627499961853026,32.82431502568781,-1.3298570080157575,-2.5398272460684925,30.627499961853026,2.7534415450387124,33.38094150689174,27.874058416814314,36.13438305193045,25.120616871775603,YAARI.BO,2023-08-21 12:37:26.312654
269,2022-06-29 00:00:00+05:30,32.400001525878906,34.650001525878906,31.600000381469727,34.650001525878906,23662,0.0,0.0,2022-06-29,30.320888148580245,32.27656476066847,55.87498163995029,35.509827636218105,31.217041764546433,30.567500114440918,31.06147330147117,-1.9556766120882259,-2.8423198055816763,30.567500114440918,2.6326032547039113,33.20010336914483,27.934896859737005,35.83270662384874,25.302293605033096,YAARI.BO,2023-08-21 12:37:26.312654
270,2022-06-28 00:00:00+05:30,29.049999237060547,31.5,28.950000762939453,31.5,56776,0.0,0.0,2022-06-28,29.533776625435035,32.086689819451635,47.60269244728701,37.64251140397656,30.855677579143016,30.5875,29.2672091892673,-2.5529131940166003,-3.063980603955039,30.5875,2.6665508841584695,33.25405088415847,27.92094911584153,35.920601768316935,25.25439823168306,YAARI.BO,2023-08-21 12:37:26.312654
271,2022-06-27 00:00:00+05:30,27.649999618530273,29.799999237060547,27.649999618530273,28.649999618530273,16760,0.0,0.0,2022-06-27,29.176281466423223,32.133625005007765,37.807085738297275,39.482478116952684,30.787854166421226,30.8125,28.15081378390095,-2.957343538584542,-3.1917474564396486,30.8125,2.924932556472302,33.7374325564723,27.887567443527697,36.662365112944606,24.962634887055394,YAARI.BO,2023-08-21 12:37:26.312654
272,2022-06-24 00:00:00+05:30,27.700000762939453,29.950000762939453,26.850000381469727,27.700000762939453,211744,0.0,0.0,2022-06-24,29.271969075131032,32.412315035925964,33.987254030711625,40.30617493658259,31.012891487251853,31.207499980926514,27.901220866586282,-3.1403459607949316,-3.250348435903425,31.207499980926514,3.1428395527736885,34.3503395337002,28.064660428152827,37.49317908647389,24.921820875379137,YAARI.BO,2023-08-21 12:37:26.312654
273,2022-06-23 00:00:00+05:30,27.450000762939453,28.450000762939453,26.899999618530273,27.25,17446,0.0,0.0,2022-06-23,29.557781495529504,32.789300177764886,32.15439412068511,41.19323305003019,31.361616826653158,31.627499866485596,28.001830918409695,-3.2315186822353823,-3.277849054680548,31.627499866485596,3.2099955836945746,34.83749545018017,28.417504282791022,38.04749103387475,25.207508699096447,YAARI.BO,2023-08-21 12:37:26.312654
274,2022-06-22 00:00:00+05:30,28.950000762939453,28.950000762939453,27.0,27.200000762939453,25515,0.0,0.0,2022-06-22,29.97737813108032,33.232444191986076,31.95948062943704,41.03939621020985,31.794418597879805,32.05999994277954,28.377746377614542,-3.2550660609057545,-3.2894316477918393,32.05999994277954,3.1716507434323717,35.231650686211914,28.888349199347168,38.40330142964429,25.7166984559148,YAARI.BO,2023-08-21 12:37:26.312654
275,2022-06-21 00:00:00+05:30,26.600000381469727,30.0,26.600000381469727,28.649999618530273,61226,0.0,0.0,2022-06-21,30.482355834378662,33.715039666309806,34.63928043776272,40.90422580650089,32.278041527873526,32.43499994277954,28.966619184952087,-3.232683831931144,-3.2980230445133603,32.43499994277954,3.0058321610739767,35.440832103853516,29.429167781705566,38.44666426492749,26.423335620631587,YAARI.BO,2023-08-21 12:37:26.312654
276,2022-06-20 00:00:00+05:30,29.799999237060547,30.399999618530273,26.850000381469727,27.299999237060547,15293,0.0,0.0,2022-06-20,30.81551150998746,34.12024287013217,29.53090997571273,40.758657679429696,32.659940676225446,32.82749996185303,29.124928968162987,-3.3047313601447073,-3.314357847658914,32.82749996185303,2.9980904917838385,35.82559045363687,29.82940947006919,38.823680945420705,26.831318978285353,YAARI.BO,2023-08-21 12:37:26.312654
277,2022-06-17 00:00:00+05:30,30.5,31.0,28.600000381469727,29.799999237060547,31102,0.0,0.0,2022-06-17,31.454695559610535,34.6658623607779,34.115967748744495,40.6691082184295,33.2241450382428,33.372500038146974,30.037393833714205,-3.2111668011673657,-3.316764469537465,33.372500038146974,2.9303528103864362,36.30285284853341,30.442147227760536,39.23320565891984,27.5117944173741,YAARI.BO,2023-08-21 12:37:26.312654
278,2022-06-16 00:00:00+05:30,32.849998474121094,32.849998474121094,29.0,30.299999237060547,457391,0.0,0.0,2022-06-16,31.755549436437803,35.05513141067529,35.12889386787671,41.065148202228436,33.58458143836725,33.8125,30.156091132041027,-3.2995819742374835,-3.343163886629989,33.8125,3.0248476505279966,36.837347650527995,30.787652349472005,39.86219530105599,27.762804698944006,YAARI.BO,2023-08-21 12:37:26.312654
279,2022-06-15 00:00:00+05:30,27.549999237060547,29.899999618530273,27.149999618530273,29.899999618530273,70799,0.0,0.0,2022-06-15,32.02019492723367,35.43554198456447,33.66583209176045,41.61048138703316,33.930326933241645,34.21750011444092,30.084137079531267,-3.4153470573308056,-3.354059364728115,34.21750011444092,3.071699081132191,37.289199195573104,31.145801033308725,40.3608982767053,28.074101952176534,YAARI.BO,2023-08-21 12:37:26.312654
280,2022-06-14 00:00:00+05:30,29.149999618530273,29.899999618530273,26.649999618530273,27.200000762939453,55466,0.0,0.0,2022-06-14,32.40568498336156,35.87838537384721,22.744961420972245,40.175059374501814,34.35457191373758,34.69000005722046,30.176205810031764,-3.472700390485649,-3.3387374415774422,34.69000005722046,3.099303611228759,37.78930366844922,31.5906964459917,40.88860727967798,28.49139283476294,YAARI.BO,2023-08-21 12:37:26.312654
281,2022-06-13 00:00:00+05:30,32.95000076293945,32.95000076293945,29.350000381469727,29.600000381469727,36144,0.0,0.0,2022-06-13,33.352173023438304,36.572656142719836,26.3217906243067,38.629220284083445,35.107684666453174,35.369999980926515,31.664308333577917,-3.220483119281532,-3.3052467043503904,35.369999980926515,2.85151831432281,38.221518295249325,32.518481666603705,41.073036609572135,29.666963352280895,YAARI.BO,2023-08-21 12:37:26.312654
282,2022-06-10 00:00:00+05:30,32.0,32.70000076293945,31.799999237060547,32.04999923706055,5589,0.0,0.0,2022-06-10,34.03438623106896,37.130468603619846,30.932879677041,37.52458014158828,35.68744090697775,35.785000038146975,32.69646230963201,-3.096082372550889,-3.326437600617605,35.785000038146975,2.556266693228937,38.34126673137591,33.22873334491804,40.89753342460485,30.672466651689103,YAARI.BO,2023-08-21 12:37:26.312654
283,2022-06-09 00:00:00+05:30,32.20000076293945,32.79999923706055,31.549999237060547,32.5,9118,0.0,0.0,2022-06-09,34.39518386634322,37.53690615294459,31.885552490928504,36.9953967865641,36.07032950381114,35.91750011444092,33.019693845917736,-3.1417222866013716,-3.3840264076342836,35.91750011444092,2.417386102145164,38.334886216586085,33.500114012295754,40.752272318731244,31.08272791015059,YAARI.BO,2023-08-21 12:37:26.312654
284,2022-06-08 00:00:00+05:30,32.900001525878906,32.900001525878906,31.600000381469727,32.04999923706055,19676,0.0,0.0,2022-06-08,34.73976275113289,37.93985864518016,29.88025379225924,36.42550701961498,36.446153662107044,35.94250011444092,33.2795407688766,-3.2000958940472657,-3.4446024378925113,35.94250011444092,2.3825169757566798,38.3250170901976,33.55998313868424,40.70753406595428,31.17746616292756,YAARI.BO,2023-08-21 12:37:26.312654
285,2022-06-07 00:00:00+05:30,33.54999923706055,33.599998474121094,32.45000076293945,32.650001525878906,12159,0.0,0.0,2022-06-07,35.228810662782415,38.411047397829726,31.01057994242217,35.82556811677443,36.90890675948036,35.93500013351441,33.89431153478462,-3.1822367350473115,-3.5057290738538223,35.93500013351441,2.3956152691769277,38.330615402691336,33.53938486433748,40.726230671868265,31.143769595160553,YAARI.BO,2023-08-21 12:37:26.312654
286,2022-06-06 00:00:00+05:30,34.099998474121094,34.5,33.29999923706055,33.650001525878906,5562,0.0,0.0,2022-06-06,35.69768505131032,38.8719310675858,32.93896382384864,35.40954811129504,37.35721257354367,36.14250001907349,34.51646653923747,-3.1742460162754753,-3.5866021585554493,36.14250001907349,2.2726793992900154,38.4151794183635,33.869820619783475,40.68785881765352,31.597141220493455,YAARI.BO,2023-08-21 12:37:26.312654
287,2022-06-03 00:00:00+05:30,35.900001525878906,36.0,33.400001525878906,33.599998474121094,11021,0.0,0.0,2022-06-03,36.06999114684331,39.28968543092235,32.74478812779331,35.19841191799358,37.74744531540311,36.38249998092651,34.94969904591675,-3.21969428407904,-3.6896911941254427,36.38249998092651,2.248933931043343,38.63143391196985,34.13356604988317,40.8803678430132,31.884632118839825,YAARI.BO,2023-08-21 12:37:26.312654
288,2022-06-02 00:00:00+05:30,34.29999923706055,35.95000076293945,33.54999923706055,35.150001525878906,43432,0.0,0.0,2022-06-02,36.51908072370189,39.744860387466446,35.722206757101276,34.99842628662599,38.18401866711701,36.692500019073485,35.62454933181458,-3.2257796637645555,-3.8071904216370434,36.692500019073485,2.272389870587714,38.9648898896612,34.42011014848577,41.23727976024891,32.14772027789806,YAARI.BO,2023-08-21 12:37:26.312654
289,2022-06-01 00:00:00+05:30,36.0,36.0,34.5,35.04999923706055,7754,0.0,0.0,2022-06-01,36.76800421421516,40.11244909639345,35.37014853380103,34.82173843461126,38.50338889251049,36.93999986648559,35.861823234782406,-3.344444882178287,-3.952543111105165,36.93999986648559,2.3632936359566132,39.30329350244221,34.57670623052898,41.66658713839882,32.21341259457237,YAARI.BO,2023-08-21 12:37:26.312654
290,2022-05-31 00:00:00+05:30,36.349998474121094,37.79999923706055,35.95000076293945,36.0,10628,0.0,0.0,2022-05-31,37.080368755516,40.51744508514008,37.16586037954294,34.872232065924116,38.86690359308417,37.15999994277954,36.26773523364333,-3.437076329624084,-4.104567668336884,37.15999994277954,2.382811042654111,39.542810985433654,34.77718890012543,41.925622028087766,32.39437785747132,YAARI.BO,2023-08-21 12:37:26.312654
291,2022-05-30 00:00:00+05:30,35.95000076293945,37.25,35.400001525878906,36.54999923706055,12668,0.0,0.0,2022-05-30,37.276799438337086,40.87884069195129,38.208697293300546,35.31216670655906,39.16868291867197,37.3399998664856,36.40160285046499,-3.6020412536142032,-4.271440503015084,37.3399998664856,2.4261511033550764,39.76615096984067,34.913848763130524,42.19230207319575,32.48769765977545,YAARI.BO,2023-08-21 12:37:26.312654
292,2022-05-27 00:00:00+05:30,36.95000076293945,37.5,34.79999923706055,36.099998474121094,12695,0.0,0.0,2022-05-27,37.408944929478274,41.22514800834254,36.86276597897218,35.51219349074568,39.44433383252581,37.702499866485596,36.32740465716721,-3.8162030788642696,-4.4387903153653046,37.702499866485596,2.812728027932719,40.51522789441832,34.889771838552875,43.32795592235104,32.077043810620154,YAARI.BO,2023-08-21 12:37:26.312654
293,2022-05-26 00:00:00+05:30,34.70000076293945,36.400001525878906,33.0,35.900001525878906,22304,0.0,0.0,2022-05-26,37.64693519408867,41.63515997108026,36.29005491188167,35.727606950638965,39.796369133410515,37.98499994277954,36.441107748690264,-3.9882247769915935,-4.594437124490563,37.98499994277954,2.9248073348998473,40.909807277679384,35.06019260787969,43.83461461257923,32.135385272979846,YAARI.BO,2023-08-21 12:37:26.312654
294,2022-05-25 00:00:00+05:30,37.0,37.400001525878906,34.70000076293945,34.70000076293945,11865,0.0,0.0,2022-05-25,37.964559497399534,42.09397264669637,32.898911505840545,35.45030569242936,40.20651309209806,38.46999979019165,36.71166086009594,-4.129413149296838,-4.745990211365306,38.46999979019165,3.336180830747198,41.80618062093885,35.133818959444454,45.14236145168604,31.797638128697255,YAARI.BO,2023-08-21 12:37:26.312654
295,2022-05-24 00:00:00+05:30,38.900001525878906,38.95000076293945,36.29999923706055,36.5,16164,0.0,0.0,2022-05-24,38.558115630937735,42.685490397396926,35.533308008544125,35.51153961296349,40.78614596885159,39.19749975204468,37.71749090867418,-4.127374766459191,-4.900134476882423,39.19749975204468,3.9926401774259315,43.19013992947061,35.204859574618744,47.182780106896544,31.212219397192815,YAARI.BO,2023-08-21 12:37:26.312654
296,2022-05-23 00:00:00+05:30,39.349998474121094,39.400001525878906,38.099998474121094,38.20000076293945,14911,0.0,0.0,2022-05-23,38.93231847292642,43.180329629188684,38.217101469287705,35.94072012648078,41.237319228730705,39.93749971389771,38.32623636301126,-4.248011156262265,-5.09332440448823,39.93749971389771,4.763481290772202,44.70098100466991,35.1740184231255,49.46446229544211,30.410537132353305,YAARI.BO,2023-08-21 12:37:26.312654
297,2022-05-20 00:00:00+05:30,39.95000076293945,39.95000076293945,38.45000076293945,38.599998474121094,9982,0.0,0.0,2022-05-20,39.065467147469505,43.57875593848863,38.858346710880994,36.84300956555822,41.557036961971896,40.62999963760376,38.38935416304716,-4.5132887910191215,-5.304652716544722,40.62999963760376,5.454244823749574,46.084244461353336,35.175754813854184,51.53848928510291,29.72150999010461,YAARI.BO,2023-08-21 12:37:26.312654
298,2022-05-19 00:00:00+05:30,38.900001525878906,39.099998474121094,37.70000076293945,38.400001525878906,16608,0.0,0.0,2022-05-19,39.15009781535104,43.977056535638035,38.37829787455282,37.901942480356524,41.86830417121934,41.284999752044676,38.28403200751019,-4.826958720286996,-5.502493697926122,41.284999752044676,5.960706698403358,47.24570645044803,35.32429305364132,53.2064131488514,29.36358635523796,YAARI.BO,2023-08-21 12:37:26.312654
299,2022-05-18 00:00:00+05:30,41.75,41.75,39.20000076293945,39.349998474121094,35301,0.0,0.0,2022-05-18,39.28647895889143,44.423220936418765,39.75502937094101,38.711702560516606,42.23338866020255,42.08499975204468,38.22604724832583,-5.136741977527336,-5.671377442335903,42.08499975204468,6.593260192308502,48.67825994435319,35.491739559736175,55.271520136661685,28.898479367427676,YAARI.BO,2023-08-21 12:37:26.312654
300,2022-05-17 00:00:00+05:30,37.599998474121094,41.650001525878906,37.599998474121094,40.79999923706055,87934,0.0,0.0,2022-05-17,39.2749299561224,44.82907873340258,41.88452548575307,39.92285319108283,42.53690341663218,42.93249979019165,37.664071635428186,-5.554148777280183,-5.805036308538044,42.93249979019165,7.2771139861525915,50.20961377634424,35.65538580403906,57.486727762496834,28.378271817886464,YAARI.BO,2023-08-21 12:37:26.312654
301,2022-05-16 00:00:00+05:30,37.0,38.150001525878906,35.5,37.900001525878906,17761,0.0,0.0,2022-05-16,38.99764463231546,45.15140509310995,35.46463111444925,41.191492630436365,42.71973543553446,43.809999752044675,36.096107834612,-6.153760460794487,-5.867758191352508,43.809999752044675,8.026020036109255,51.83601978815393,35.783979715935416,59.862039824263185,27.757959679826165,YAARI.BO,2023-08-21 12:37:26.312654
302,2022-05-13 00:00:00+05:30,33.95000076293945,36.0,33.54999923706055,34.70000076293945,46257,0.0,0.0,2022-05-13,39.19721610621302,45.731517378488434,27.227613197915645,41.231234121002124,43.22707584707715,44.83749971389771,35.19416098897854,-6.534301272275414,-5.796257623992013,44.83749971389771,8.52923573399188,53.36673544788959,36.308263979905824,61.895971181881464,27.779028245913945,YAARI.BO,2023-08-21 12:37:26.312654
303,2022-05-12 00:00:00+05:30,31.799999237060547,33.79999923706055,30.0,33.0,100710,0.0,0.0,2022-05-12,40.01489162317185,46.614038707732355,22.337753209429422,40.33701288256757,44.12466269803901,46.13999967575073,35.44124110199808,-6.5991470845605065,-5.611746711921162,46.13999967575073,8.881435514825473,55.0214351905762,37.25856416092526,63.902870705401675,28.377128646099784,YAARI.BO,2023-08-21 12:37:26.312654
304,2022-05-11 00:00:00+05:30,37.849998474121094,37.900001525878906,31.0,31.899999618530273,163858,0.0,0.0,2022-05-11,41.29032646374854,47.70316180435095,19.07039848060883,38.31985508346532,45.29567982414837,47.56749963760376,36.66186165299712,-6.412835340602406,-5.364896618761326,47.56749963760376,8.952422228692882,56.51992186629664,38.61507740891088,65.47234409498952,29.662655180217996,YAARI.BO,2023-08-21 12:37:26.312654
305,2022-05-10 00:00:00+05:30,38.29999923706055,39.29999923706055,35.849998474121094,36.79999923706055,29492,0.0,0.0,2022-05-10,42.997658617424584,48.967414779216604,23.08827443137679,36.24869635759558,46.70575142473975,49.01249961853027,39.04279267023054,-5.96975616179202,-5.102911938301055,49.01249961853027,8.616506195606258,57.62900581413653,40.395993422924015,66.24551200974278,31.779487227317755,YAARI.BO,2023-08-21 12:37:26.312654
306,2022-05-09 00:00:00+05:30,39.70000076293945,39.70000076293945,37.70000076293945,38.45000076293945,67849,0.0,0.0,2022-05-09,44.12450577749077,49.94080802258909,24.71654952308164,34.593662095078045,47.748462181337565,50.21249961853027,40.164189386815536,-5.816302245098321,-4.886200882428314,50.21249961853027,8.496560861681669,58.709060480211946,41.7159387568486,67.20562134189362,33.219377895166936,YAARI.BO,2023-08-21 12:37:26.312654
307,2022-05-06 00:00:00+05:30,43.400001525878906,43.400001525878906,39.04999923706055,39.79999923706055,27406,0.0,0.0,2022-05-06,45.15623396195464,50.86007260336106,26.115831710760162,33.079451869787626,48.72724759380053,51.19249954223633,41.02128369875357,-5.703838641406421,-4.653675541760812,51.19249954223633,8.193390812055277,59.385890354291604,42.99910873018105,67.57928116634687,34.80571791812577,YAARI.BO,2023-08-21 12:37:26.312654
308,2022-05-05 00:00:00+05:30,41.95000076293945,42.5,39.650001525878906,40.099998474121094,38634,0.0,0.0,2022-05-05,46.1300948210263,51.7448784726651,26.424525192199354,31.65709860794951,49.666957947141576,52.077499580383304,41.63192592960008,-5.6147836516388026,-4.391134766849409,52.077499580383304,7.846663402374897,59.924162982758205,44.2308361780084,67.77082638513309,36.38417277563351,YAARI.BO,2023-08-21 12:37:26.312654
309,2022-05-04 00:00:00+05:30,45.599998474121094,45.599998474121094,38.599998474121094,39.45000076293945,57827,0.0,0.0,2022-05-04,47.22647597500906,52.67646887254862,24.63219980910965,29.681516915759136,50.67400631272268,52.99249973297119,42.39788965733957,-5.449992897539559,-4.08522254565206,52.99249973297119,7.432508243374578,60.42500797634577,45.55999148959661,67.85751621972034,38.127483246222035,YAARI.BO,2023-08-21 12:37:26.312654
310,2022-04-29 00:00:00+05:30,43.900001525878906,44.599998474121094,37.849998474121094,39.599998474121094,129054,0.0,0.0,2022-04-29,48.640380559021715,53.73458632131735,24.76145654622016,27.55396740109258,51.855480581120915,53.78999977111816,43.87183410453962,-5.094205762295637,-3.744029957680185,53.78999977111816,6.724965495045293,60.51496526616346,47.065034276072865,67.23993076120874,40.340068781027576,YAARI.BO,2023-08-21 12:37:26.312654
311,2022-04-28 00:00:00+05:30,44.0,46.349998474121094,42.75,43.79999923706055,103106,0.0,0.0,2022-04-28,50.28408639264001,54.865353349093056,28.673503917188697,24.804671088141976,53.14553132922616,54.569999885559085,46.007751919748884,-4.581266956453042,-3.406486006526322,54.569999885559085,5.838808546897075,60.40880843245616,48.73119133866201,66.24761697935324,42.89238279176493,YAARI.BO,2023-08-21 12:37:26.312654
312,2022-04-27 00:00:00+05:30,46.900001525878906,46.900001525878906,39.45000076293945,41.75,160149,0.0,0.0,2022-04-27,51.463011330018105,55.75058167805566,23.172192307908787,22.431288139919904,54.12927154945412,55.22249984741211,47.111628261093045,-4.287570348037555,-3.1127907690446412,55.22249984741211,5.273730205311444,60.496230052723554,49.948769642100665,65.769960258035,44.67503943678922,YAARI.BO,2023-08-21 12:37:26.312654
313,2022-04-26 00:00:00+05:30,51.95000076293945,51.95000076293945,44.900001525878906,45.599998474121094,178142,0.0,0.0,2022-04-26,53.22901339002139,56.87062821230011,26.773331957317907,19.875337272603826,55.43235276518613,56.07499980926514,49.79244239163957,-3.6416148222787186,-2.819095874296413,56.07499980926514,4.262365919083338,60.33736572834847,51.8126338901818,64.59973164743181,47.550267971098464,YAARI.BO,2023-08-21 12:37:26.312654
314,2022-04-25 00:00:00+05:30,51.900001525878906,51.900001525878906,48.650001525878906,49.25,36781,0.0,0.0,2022-04-25,54.61610701109417,57.772278591354436,31.01675862239462,17.97291878359787,56.4673374274035,56.999999809265134,51.888664350398805,-3.1561715802602635,-2.6134661373008363,56.999999809265134,3.8576646326008643,60.857664441866,53.14233517666427,64.71532907446687,49.2846705440634,YAARI.BO,2023-08-21 12:37:26.312654
315,2022-04-22 00:00:00+05:30,52.95000076293945,52.95000076293945,50.70000076293945,51.29999923706055,11176,0.0,0.0,2022-04-22,55.59176283129311,58.454060878662794,33.811594035137375,16.73125209106876,57.22705715660387,57.43499984741211,53.207996525598205,-2.862298047369684,-2.4777897765609795,57.43499984741211,3.4012803784162426,60.836280225828354,54.03371946899586,64.23756060424459,50.632439090579624,YAARI.BO,2023-08-21 12:37:26.312654
316,2022-04-21 00:00:00+05:30,52.5,54.5,51.25,52.04999923706055,47206,0.0,0.0,2022-04-21,56.37208348478995,59.02638580999098,34.879296544694,15.933206549859,57.85095799024001,57.61499996185303,54.161995169867026,-2.65430232520103,-2.381662708858803,57.61499996185303,3.1451335777554816,60.76013353960851,54.46986638409755,63.90526711736399,51.32473280634207,YAARI.BO,2023-08-21 12:37:26.312654
317,2022-04-20 00:00:00+05:30,54.04999923706055,54.150001525878906,50.95000076293945,51.70000076293945,60042,0.0,0.0,2022-04-20,57.15791698437711,59.58449673582541,33.97583508262346,15.22642002507914,58.46158522741679,57.98500003814697,55.21799313627026,-2.426579751448301,-2.313502804773246,57.98500003814697,2.8801081207817987,60.86510815892877,55.10489191736517,63.74521627971057,52.224783796583374,YAARI.BO,2023-08-21 12:37:26.312654
318,2022-04-19 00:00:00+05:30,56.70000076293945,56.70000076293945,52.75,54.400001525878906,156822,0.0,0.0,2022-04-19,58.15026538827487,60.21525641365629,37.724964430637606,14.307906857805147,59.17333096051967,58.329999923706055,56.97698932293566,-2.064991025381424,-2.2852335681044824,58.329999923706055,2.471968549947363,60.80196847365342,55.85803137375869,63.27393702360078,53.38606282381133,YAARI.BO,2023-08-21 12:37:26.312654
319,2022-04-18 00:00:00+05:30,58.349998474121094,58.349998474121094,55.400001525878906,56.29999923706055,20421,0.0,0.0,2022-04-18,58.832131545074134,60.680476804678484,40.656501880024024,13.793213312297777,59.67578669048186,58.54249992370605,58.26548322146403,-1.8483452596043506,-2.340294203785247,58.54249992370605,2.292508742394144,60.835008666100194,56.24999118131191,63.12751740849434,53.957482438917765,YAARI.BO,2023-08-21 12:37:26.312654
320,2022-04-13 00:00:00+05:30,59.25,61.150001525878906,58.099998474121094,58.349998474121094,18454,0.0,0.0,2022-04-13,59.29251923744024,61.03091501008792,44.08901821128283,14.03461983193148,60.03113273821041,58.660000038146975,59.24822521366576,-1.738395772647678,-2.463281439830471,58.660000038146975,2.2309185277547594,60.890918565901735,56.429081510392216,63.121837093656495,54.198162982637456,YAARI.BO,2023-08-21 12:37:26.312654
321,2022-04-12 00:00:00+05:30,60.5,60.54999923706055,58.04999923706055,58.45000076293945,34316,0.0,0.0,2022-04-12,59.46388664895281,61.245388332965256,44.258272044357966,14.962077205266842,60.208094239693494,58.72000007629394,59.697338583438096,-1.7815016840124471,-2.6445028566261692,58.72000007629394,2.2382670644581673,60.95826714075211,56.48173301183577,63.19653420521028,54.24346594737761,YAARI.BO,2023-08-21 12:37:26.312654
322,2022-04-11 00:00:00+05:30,62.900001525878906,62.900001525878906,60.400001525878906,60.75,12428,0.0,0.0,2022-04-11,59.648229537318876,61.46901933856732,48.21100448236014,16.038530570832556,60.39315671093076,58.85500011444092,60.32100749368741,-1.820789801248445,-2.8602531497795995,58.85500011444092,2.3016522302891476,61.15665234473007,56.55334788415177,63.45830457501921,54.251695653862626,YAARI.BO,2023-08-21 12:37:26.312654
323,2022-04-08 00:00:00+05:30,60.099998474121094,62.0,60.099998474121094,61.54999923706055,19433,0.0,0.0,2022-04-08,59.447907635013216,61.52654088565271,49.642989106548,16.41194296711869,60.35559425944979,59.027499961853025,60.10651124053111,-2.0786332506394913,-3.120118986912388,59.027499961853025,2.565328535794177,61.592828497647204,56.462171426058845,64.15815703344138,53.89684289026467,YAARI.BO,2023-08-21 12:37:26.312654
324,2022-04-07 00:00:00+05:30,62.04999923706055,63.0,60.0,60.79999923706055,45293,0.0,0.0,2022-04-07,59.0657091619137,61.524664217540085,48.30634430539516,17.12582556352969,60.22986741970129,59.15499992370606,59.384767242266385,-2.458955055626383,-3.3804904209806117,59.15499992370606,2.7537478116457086,61.90874773535177,56.40125211206035,64.66249554699748,53.64750430041464,YAARI.BO,2023-08-21 12:37:26.312654
325,2022-04-06 00:00:00+05:30,58.099998474121094,63.400001525878906,57.95000076293945,60.79999923706055,59857,0.0,0.0,2022-04-06,58.75038369370518,61.58263741597845,48.30634430539516,17.89462220581846,60.16985354418979,59.33249988555908,58.6771512448693,-2.832253722273272,-3.6108742623191685,59.33249988555908,2.9711886303158765,62.30368851587496,56.3613112552432,65.27487714619083,53.39012262492733,YAARI.BO,2023-08-21 12:37:26.312654
326,2022-04-05 00:00:00+05:30,57.95000076293945,60.25,57.45000076293945,58.04999923706055,34847,0.0,0.0,2022-04-05,58.37772632218602,61.64524847029189,43.570893756487855,18.722557051360216,60.10352241862445,59.48499984741211,57.615727248773666,-3.2675221481058685,-3.8055293973306425,59.48499984741211,3.124776960841808,62.60977680825392,56.360222886570305,65.73455376909573,53.2354459257285,YAARI.BO,2023-08-21 12:37:26.312654
327,2022-04-04 00:00:00+05:30,59.599998474121094,60.349998474121094,56.900001525878906,57.5,58115,0.0,0.0,2022-04-04,58.437313064936106,61.9328684089504,42.59427610387914,19.663931121697555,60.31968275352591,59.76999988555908,57.398591254630226,-3.495555344014292,-3.940031209636836,59.76999988555908,3.2446465151736184,63.0146464007327,56.52535337038546,66.25929291590631,53.28070685521185,YAARI.BO,2023-08-21 12:37:26.312654
328,2022-04-01 00:00:00+05:30,57.099998474121094,59.5,55.650001525878906,58.400001525878906,43304,0.0,0.0,2022-04-01,58.607733622197216,62.28749788166643,43.7446566993761,20.677718582060844,60.616491464423376,60.27250003814697,57.347886881945335,-3.6797642594692164,-4.051150176042472,60.27250003814697,3.6299362824532895,63.90243632060026,56.642563755693686,67.53237260305355,53.01262747324039,YAARI.BO,2023-08-21 12:37:26.312654
329,2022-03-31 00:00:00+05:30,55.5,59.5,55.20000076293945,55.400001525878906,70518,0.0,0.0,2022-03-31,58.64550309425509,62.59849759012943,38.61295896544699,21.480194072864453,60.84980619479648,60.82250003814697,56.821829559978546,-3.952994495874343,-4.143996655185785,60.82250003814697,4.130167217265056,64.95266725541202,56.692332820881916,69.08283447267708,52.56216560361686,YAARI.BO,2023-08-21 12:37:26.312654
330,2022-03-30 00:00:00+05:30,58.0,58.70000076293945,54.75,55.20000076293945,61410,0.0,0.0,2022-03-30,59.23559428850531,63.17437727526947,38.26433480778086,22.344398447576033,61.42346984415622,61.59250011444092,57.53274357702836,-3.93878298676416,-4.191747195013646,61.59250011444092,4.486215246555185,66.0787153609961,57.10628486788573,70.56493060755129,52.62006962133054,YAARI.BO,2023-08-21 12:37:26.312654
331,2022-03-29 00:00:00+05:30,61.79999923706055,61.79999923706055,56.45000076293945,56.849998474121094,123873,0.0,0.0,2022-03-29,59.969338565880925,63.812327396255874,40.00478661076871,23.024845584839554,62.07857185270536,62.170000076293945,58.699114984072814,-3.8429888303749493,-4.254988247076017,62.170000076293945,4.361687568879557,66.5316876451735,57.808312507414385,70.89337521405307,53.44662493853483,YAARI.BO,2023-08-21 12:37:26.312654
332,2022-03-28 00:00:00+05:30,65.4000015258789,65.4000015258789,58.0,58.79999923706055,513061,0.0,0.0,2022-03-28,60.53649130983726,64.36931371002666,42.10654823389047,24.169008731378042,62.628947997819495,62.51750011444092,59.62367323904867,-3.8328224001894,-4.357988101251284,62.51750011444092,4.188966743649236,66.70646685809015,58.32853337079168,70.8954336017394,54.13956662714245,YAARI.BO,2023-08-21 12:37:26.312654
333,2022-03-25 00:00:00+05:30,58.400001525878906,68.25,57.29999923706055,64.0999984741211,99863,0.0,0.0,2022-03-25,60.85221714125122,64.81485886786395,48.543139560679684,25.791427830752173,63.03199523579412,62.42750015258789,60.035510240042726,-3.9626417266127305,-4.489279526516755,62.42750015258789,4.2911316142496725,66.71863176683756,58.13636853833822,71.00976338108724,53.845236924088546,YAARI.BO,2023-08-21 12:37:26.312654
334,2022-03-24 00:00:00+05:30,56.900001525878906,58.95000076293945,54.0,57.95000076293945,63927,0.0,0.0,2022-03-24,60.26171144436578,64.87204769936338,38.396387785880364,27.53864839930893,62.91957384228602,62.48000030517578,58.00326612300353,-4.610336254997598,-4.620938976492761,62.48000030517578,4.319003526990993,66.79900383216678,58.16099677818478,71.11800735915776,53.84199325119379,YAARI.BO,2023-08-21 12:37:26.312654
335,2022-03-23 00:00:00+05:30,59.45000076293945,59.650001525878906,54.45000076293945,54.900001525878906,91304,0.0,0.0,2022-03-23,60.68202247735238,65.4258114542773,32.24356605450947,26.248108357539746,63.442686798006704,62.29750022888184,58.029898803035564,-4.743788976924911,-4.623589656866551,62.29750022888184,4.5891601910417865,66.88666041992363,57.70834003784005,71.47582061096541,53.11917984679826,YAARI.BO,2023-08-21 12:37:26.312654
336,2022-03-22 00:00:00+05:30,58.0,59.599998474121094,57.599998474121094,59.45000076293945,94857,0.0,0.0,2022-03-22,61.733299013983924,66.26787624854917,37.420942581498856,24.936701694251095,64.34191682665174,62.89250030517578,59.594847441613894,-4.534577234565248,-4.593539826851961,62.89250030517578,4.344485171577579,67.23698547675336,58.5480151335982,71.58147064833094,54.203529962020625,YAARI.BO,2023-08-21 12:37:26.312654
337,2022-03-21 00:00:00+05:30,57.04999923706055,59.29999923706055,57.04999923706055,58.599998474121094,74815,0.0,0.0,2022-03-21,62.14844415053746,66.81330628739795,35.62791442959795,24.11346639367195,64.85685535967409,63.65250034332276,59.66727078095111,-4.664862136860492,-4.608280474923639,63.65250034332276,4.991848657730146,68.6443490010529,58.66065168559261,73.63619765878305,53.66880302786247,YAARI.BO,2023-08-21 12:37:26.312654
338,2022-03-17 00:00:00+05:30,58.95000076293945,61.0,58.04999923706055,58.650001525878906,36181,0.0,0.0,2022-03-17,62.793616091704074,67.4703709124601,35.683760819735724,23.100790053854748,65.51547187394281,64.52500057220459,60.2009069343661,-4.676754820756024,-4.594135059439425,64.52500057220459,5.555450963225953,70.08045153543054,58.96954960897864,75.63590249865649,53.41409864575269,YAARI.BO,2023-08-21 12:37:26.312654
339,2022-03-16 00:00:00+05:30,59.95000076293945,60.75,57.95000076293945,58.650001525878906,37941,0.0,0.0,2022-03-16,63.547000558217746,68.1760004633866,35.683760819735724,22.197739618129184,66.2381529632127,65.46750049591064,60.97635963860969,-4.628999905168854,-4.5734801191102745,65.46750049591064,6.080454220068386,71.54795471597903,59.38704627584225,77.6284089360474,53.30659205577387,YAARI.BO,2023-08-21 12:37:26.312654
340,2022-03-15 00:00:00+05:30,61.79999923706055,62.95000076293945,59.04999923706055,59.54999923706055,30835,0.0,0.0,2022-03-15,64.437364018643,68.93808037838721,36.57352446618651,21.130784900065716,67.03690574608994,66.29000034332276,62.13953869497507,-4.500716359744217,-4.559600172595629,66.29000034332276,6.2206919230927165,72.51069226641548,60.069308420230044,78.73138418950819,53.84861649713733,YAARI.BO,2023-08-21 12:37:26.312654
341,2022-03-14 00:00:00+05:30,64.94999694824219,64.94999694824219,59.900001525878906,61.150001525878906,41815,0.0,0.0,2022-03-14,65.32597579711253,69.68912686969335,38.14359231212735,20.17176789268136,67.82500116809304,67.21500053405762,63.434308423932336,-4.36315107258082,-4.574321125808481,67.21500053405762,6.533318225878723,73.74831875993635,60.6816823081789,80.28163698581507,54.148364082300176,YAARI.BO,2023-08-21 12:37:26.312654
342,2022-03-11 00:00:00+05:30,63.45000076293945,64.8499984741211,63.04999923706055,64.19999694824219,136501,0.0,0.0,2022-03-11,66.08524384642773,70.37225689719851,41.28042174835534,19.284625653581486,68.52763270937874,68.15250053405762,64.57646187295904,-4.287013050770781,-4.627113639115397,68.15250053405762,6.949243071104874,75.1017436051625,61.20325746295275,82.05098667626737,54.254014391847875,YAARI.BO,2023-08-21 12:37:26.312654
343,2022-03-10 00:00:00+05:30,65.05000305175781,66.69999694824219,62.849998474121094,64.0999984741211,28616,0.0,0.0,2022-03-10,66.4280160097342,70.86603769311502,41.133035681097596,18.90080475604408,68.98317331581416,68.93000068664551,64.76469433531747,-4.438021683380825,-4.7121387862015505,68.93000068664551,7.342512066494933,76.27251275314045,61.58748862015058,83.61502481963538,54.24497655365565,YAARI.BO,2023-08-21 12:37:26.312654
344,2022-03-09 00:00:00+05:30,66.0,66.75,63.5,64.3499984741211,50039,0.0,0.0,2022-03-09,66.85129192530022,71.40732083063453,41.37411365418623,18.487459174080723,69.49719172020289,69.68500061035157,65.09704226591565,-4.5560289053343155,-4.780668061906732,69.68500061035157,7.591825900720449,77.27682651107202,62.093174709631114,84.86865241179247,54.50134880891066,YAARI.BO,2023-08-21 12:37:26.312654
345,2022-03-08 00:00:00+05:30,64.3499984741211,66.69999694824219,62.400001525878906,63.849998474121094,89761,0.0,0.0,2022-03-08,67.30607255278733,71.9719066191556,40.7289728144618,18.15730251786499,70.03900153557993,70.52250061035156,65.47056416181292,-4.6658340663682765,-4.8368278510498355,70.52250061035156,7.89034184125867,78.41284245161023,62.63215876909289,86.30318429286889,54.741816927834215,YAARI.BO,2023-08-21 12:37:26.312654
346,2022-03-07 00:00:00+05:30,69.0,69.0,63.20000076293945,63.75,31407,0.0,0.0,2022-03-07,67.93444965799938,72.62165927075837,40.607594433131744,17.788412968001754,70.69047554204928,71.6450008392334,66.28084700565881,-4.687209612758991,-4.8795762972202255,71.6450008392334,8.466962284824637,80.11196312405804,63.178038554408765,88.57892540888268,54.711076269584126,YAARI.BO,2023-08-21 12:37:26.312654
347,2022-03-04 00:00:00+05:30,69.05000305175781,69.5,67.3499984741211,67.55000305175781,12526,0.0,0.0,2022-03-04,68.69525868672653,73.33139201241903,43.77044570204263,17.518140204670043,71.42105191489658,72.8075008392334,67.54627050848822,-4.636133325692498,-4.927667968335533,72.8075008392334,8.910420842727861,81.71792168196126,63.89707999650554,90.62834252468912,54.98665915377768,YAARI.BO,2023-08-21 12:37:26.312654
348,2022-03-03 00:00:00+05:30,73.0,74.80000305175781,69.0,69.4000015258789,37834,0.0,0.0,2022-03-03,68.90348698399357,73.79390312927192,45.36788166307332,17.923818972862946,71.82853074259539,73.47750053405761,67.54440423685342,-4.890416145278351,-5.000551628996291,73.47750053405761,8.997652794433858,82.47515332849147,64.47984773962375,91.47280612292533,55.482194945189896,YAARI.BO,2023-08-21 12:37:26.312654
349,2022-03-02 00:00:00+05:30,66.94999694824219,74.80000305175781,64.9000015258789,70.80000305175781,43327,0.0,0.0,2022-03-02,68.8132116127417,74.14541525754338,46.561995402969686,18.660269700046797,72.08416539698659,73.99500045776367,66.61660559234068,-5.33220364480168,-5.028085499925776,73.99500045776367,9.048290005189754,83.04329046295342,64.94671045257391,92.09158046814318,55.898420447384154,YAARI.BO,2023-08-21 12:37:26.312654
350,2022-02-28 00:00:00+05:30,63.04999923706055,69.5,61.349998474121094,66.75,45313,0.0,0.0,2022-02-28,68.45197680564786,74.41304823400621,42.49629547473013,19.453370483167866,72.21934038069489,74.3650001525879,64.5249068626321,-5.961071428358352,-4.9520559637068,74.3650001525879,9.062053560457683,83.42705371304558,65.30294659213021,92.48910727350327,56.24089303167253,YAARI.BO,2023-08-21 12:37:26.312654
351,2022-02-25 00:00:00+05:30,59.79999923706055,66.44999694824219,58.650001525878906,63.79999923706055,59256,0.0,0.0,2022-02-25,68.76142713394748,75.02609209272671,39.376634190777075,19.13953100129728,72.79506042076802,75.07000007629395,63.41236029394815,-6.264664958779235,-4.6998020975439125,75.07000007629395,8.986603942528001,84.05660401882196,66.08339613376594,93.04320796134995,57.09679219123795,YAARI.BO,2023-08-21 12:37:26.312654
352,2022-02-24 00:00:00+05:30,59.150001525878906,63.0,56.0,57.0,73901,0.0,0.0,2022-02-24,69.66350493338146,75.92417952118001,31.412080129069693,18.032382215075774,73.74190896642143,75.67000026702881,63.21854082239194,-6.2606745877985475,-4.308586382235081,75.67000026702881,8.586225010928427,84.25622527795724,67.08377525610038,92.84245028888566,58.49755024517196,YAARI.BO,2023-08-21 12:37:26.312654
353,2022-02-23 00:00:00+05:30,56.0,65.1500015258789,56.0,65.1500015258789,214389,0.0,0.0,2022-02-23,71.96596037581446,77.4381138828744,36.791463499568806,15.88563503845788,75.50421517341316,76.72500019073486,66.3278112335879,-5.472153507059943,-3.8205643308442134,76.72500019073486,7.383542949883761,84.10854314061862,69.3414572408511,91.49208609050238,61.95791429096734,YAARI.BO,2023-08-21 12:37:26.312654
354,2022-02-22 00:00:00+05:30,66.05000305175781,66.05000305175781,53.45000076293945,54.29999923706055,129542,0.0,0.0,2022-02-22,73.20522562125728,78.42116287143403,19.816529469462637,13.57375346363861,76.5941323994694,77.36750011444092,66.91671608744238,-5.215937250176751,-3.407667036790281,77.36750011444092,6.864118491898936,84.23161860633985,70.50338162254198,91.09573709823879,63.639263130643045,YAARI.BO,2023-08-21 12:37:26.312654
355,2022-02-21 00:00:00+05:30,72.5,73.94999694824219,63.25,66.80000305175781,42899,0.0,0.0,2022-02-21,76.64253950929306,80.35085596218391,27.804670001819318,11.084034844602474,78.94088325867034,78.82750015258789,73.22507451263328,-3.7083164528908554,-2.955599483443663,78.82750015258789,4.341187605133961,83.16868775772186,74.48631254745392,87.50987536285581,70.14512494231997,YAARI.BO,2023-08-21 12:37:26.312654
356,2022-02-18 00:00:00+05:30,76.0,76.6500015258789,73.55000305175781,74.6500015258789,19713,0.0,0.0,2022-02-18,78.43209159248129,81.434924195018,36.349193254391125,9.517069001911022,80.21887064887166,79.71500015258789,76.43761024307102,-3.0028326025367136,-2.7674202410818647,79.71500015258789,3.4823276740296283,83.19732782661752,76.23267247855826,86.67965550064714,72.75034480452864,YAARI.BO,2023-08-21 12:37:26.312654
357,2022-02-17 00:00:00+05:30,79.05000305175781,79.9000015258789,75.55000305175781,76.05000305175781,63018,0.0,0.0,2022-02-17,79.11974433186354,81.97771800854913,38.298241643546646,9.696695851295303,80.80506739866037,80.22250022888184,77.33141460166708,-2.8579736766855888,-2.708567150718152,80.22250022888184,3.444732297322936,83.66723252620477,76.77776793155891,87.11196482352771,73.33303563423597,YAARI.BO,2023-08-21 12:37:26.312654
358,2022-02-16 00:00:00+05:30,75.1500015258789,79.94999694824219,74.05000305175781,77.5,22107,0.0,0.0,2022-02-16,79.67787911006458,82.45193520509244,40.38060215305486,10.377096464186266,81.30560048780801,80.6375,77.9721203766217,-2.774056095027859,-2.6712155192262927,80.6375,3.4154405146640063,84.05294051466402,77.22205948533599,87.46838102932801,73.80661897067199,YAARI.BO,2023-08-21 12:37:26.312654
359,2022-02-15 00:00:00+05:30,76.6500015258789,76.6500015258789,72.25,75.0999984741211,31409,0.0,0.0,2022-02-15,80.07385713007633,82.84809002149983,34.9440622285383,11.109835585761148,81.70619001284044,81.07000007629395,78.20818056493255,-2.7742328914234946,-2.645505375275901,81.07000007629395,3.542539118960109,84.61253919525406,77.52746095733384,88.15507831421417,73.98492183837374,YAARI.BO,2023-08-21 12:37:26.312654
360,2022-02-11 00:00:00+05:30,79.5,80.0999984741211,77.5999984741211,78.05000305175781,5916,0.0,0.0,2022-02-11,80.97819506752275,83.46793734529012,39.00348726476309,11.065293928139614,82.40157859586353,81.67250022888183,79.76227161033827,-2.4897422777673768,-2.613323496239002,81.67250022888183,3.4981758750099536,85.17067610389178,78.17432435387188,88.66885197890174,74.67614847886192,YAARI.BO,2023-08-21 12:37:26.312654
361,2022-02-10 00:00:00+05:30,83.69999694824219,83.69999694824219,78.55000305175781,79.9000015258789,13153,0.0,0.0,2022-02-10,81.51059361584365,83.90137208877272,41.83344392178204,11.504602204923406,82.8596391794536,82.16000022888184,80.61840588962849,-2.390778472929071,-2.6442188008569083,82.16000022888184,3.643148830653977,85.80314905953581,78.51685139822787,89.4462978901898,74.87370256757389,YAARI.BO,2023-08-21 12:37:26.312654
362,2022-02-09 00:00:00+05:30,79.94999694824219,80.0,77.05000305175781,79.75,20306,0.0,0.0,2022-02-09,81.80342854129178,84.22148173380421,41.51394934643326,11.711339362475178,83.17117998509303,82.59250030517578,80.97760807150328,-2.4180531925124313,-2.7075788828388676,82.59250030517578,3.867282129150683,86.45978243432646,78.7252181760251,90.32706456347714,74.85793604687441,YAARI.BO,2023-08-21 12:37:26.312654
363,2022-02-08 00:00:00+05:30,81.25,83.4000015258789,76.05000305175781,79.19999694824219,26160,0.0,0.0,2022-02-08,82.17677918516301,84.57920027250854,40.3993262076997,12.344236665485447,83.5313041940502,83.0400001525879,81.59141210725491,-2.4024210873455303,-2.7799603054204765,83.0400001525879,4.035227348020138,87.07522750060804,79.00477280456775,91.11045484862817,74.96954545654762,YAARI.BO,2023-08-21 12:37:26.312654
364,2022-02-07 00:00:00+05:30,86.30000305175781,88.1500015258789,79.9000015258789,81.0999984741211,26430,0.0,0.0,2022-02-07,82.71801231914861,85.00953653844985,43.02991183359659,13.025818376419583,83.9872312725563,83.63250045776367,82.78711968676126,-2.2915242193012375,-2.874345109939213,83.63250045776367,4.302823582477964,87.93532404024164,79.3296768752857,92.2381476227196,75.02685329280774,YAARI.BO,2023-08-21 12:37:26.312654
365,2022-02-04 00:00:00+05:30,87.25,89.44999694824219,84.80000305175781,86.30000305175781,21166,0.0,0.0,2022-02-04,83.01219665460818,85.32229958359616,51.5624190490518,13.273450197140303,84.29115051449685,84.1425006866455,83.63068029308133,-2.3101029289879875,-3.0200503325987067,84.1425006866455,4.582268743521369,88.72476943016687,79.56023194312414,93.30703817368824,74.97796319960277,YAARI.BO,2023-08-21 12:37:26.312654
366,2022-02-03 00:00:00+05:30,81.94999694824219,88.25,80.75,87.0,43718,0.0,0.0,2022-02-03,82.41441367330823,85.24408330614324,52.87295767688201,11.898380267618137,84.0796923526799,84.51000061035157,82.29601891374307,-2.8296696328350066,-3.197537183501386,84.51000061035157,5.036619489683245,89.54662010003481,79.47338112066832,94.58323958971806,74.43676163098507,YAARI.BO,2023-08-21 12:37:26.312654
367,2022-02-02 00:00:00+05:30,80.0,83.5,80.0,80.94999694824219,7332,0.0,0.0,2022-02-02,81.58067070481881,85.1036099706347,40.79660438245625,10.662452660232754,83.77229154769884,84.83500061035156,79.94402837061459,-3.5229392658158787,-3.2895040711679804,84.83500061035156,5.402195819921238,90.23719643027279,79.43280479043032,95.63939225019404,74.03060897050908,YAARI.BO,2023-08-21 12:37:26.312654
368,2022-02-01 00:00:00+05:30,79.0,80.69999694824219,77.75,79.75,24258,0.0,0.0,2022-02-01,81.69533866056001,85.43589901242609,37.86402390926894,10.466174251020453,84.06937518974692,85.3950008392334,79.44104408180078,-3.7405603518660797,-3.2311452725060055,85.3950008392334,5.556573412451641,90.95157425168505,79.83842742678176,96.50814766413669,74.28185401433012,YAARI.BO,2023-08-21 12:37:26.312654
369,2022-01-31 00:00:00+05:30,80.94999694824219,83.0,77.94999694824219,78.19999694824219,47604,0.0,0.0,2022-01-31,82.04903659884364,85.89077093342019,33.939269725403975,11.09756771730041,84.52404626235187,86.08750076293946,79.28656612270117,-3.841734334576543,-3.103791502665987,86.08750076293946,5.677747341008421,91.76524810394788,80.40975342193103,97.4429954449563,74.73200608092262,YAARI.BO,2023-08-21 12:37:26.312654
370,2022-01-28 00:00:00+05:30,75.80000305175781,83.3499984741211,75.80000305175781,80.8499984741211,34271,0.0,0.0,2022-01-28,82.74886198986208,86.50603285223443,37.721885418588066,11.711111380249603,85.1897356638371,86.6950008392334,79.82985070993067,-3.757170862372348,-2.9193057946883476,86.6950008392334,5.434173185331096,92.12917402456449,81.26082765390231,97.5633472098956,75.8266544685712,YAARI.BO,2023-08-21 12:37:26.312654
371,2022-01-27 00:00:00+05:30,78.19999694824219,78.30000305175781,75.6500015258789,75.80000305175781,13648,0.0,0.0,2022-01-27,83.09410990181499,86.9585156024835,22.421958389412637,12.371850709579501,85.64655010485984,87.13000106811523,79.31977682783545,-3.864405700668513,-2.7098395277673473,87.13000106811523,5.287905798578017,92.41790686669326,81.84209526953721,97.70581266527127,76.5541894709592,YAARI.BO,2023-08-21 12:37:26.312654
372,2022-01-25 00:00:00+05:30,78.1500015258789,79.5,77.0,78.0999984741211,27928,0.0,0.0,2022-01-25,84.42031114727993,87.85119660654155,25.021648597964784,11.885072641245854,86.68302874202847,87.85000076293946,81.07966371587428,-3.430885459261617,-2.4211979845420557,87.85000076293946,4.599571120741705,92.44957188368116,83.25042964219776,97.04914300442287,78.65085852145604,YAARI.BO,2023-08-21 12:37:26.312654
373,2022-01-24 00:00:00+05:30,83.0,83.55000305175781,77.0,78.0,35767,0.0,0.0,2022-01-24,85.56945890603609,88.63129245713519,24.669026833114316,11.731231839923135,87.5865056123345,88.51500091552734,82.56949633675086,-3.061833551099099,-2.1687761158621655,88.51500091552734,4.043581607583291,92.55858252311063,84.47141930794405,96.60216413069392,80.42783770036075,YAARI.BO,2023-08-21 12:37:26.312654
374,2022-01-21 00:00:00+05:30,86.0999984741211,86.0999984741211,83.0,83.5,20843,0.0,0.0,2022-01-21,86.94572416167901,89.481795853706,32.46727550797581,11.565557130806361,88.59561146626446,89.14250106811524,84.85424450512627,-2.5360716920269937,-1.9455117570529317,89.14250106811524,3.214779625233384,92.35728069334863,85.92772144288185,95.572060318582,82.71294181764847,YAARI.BO,2023-08-21 12:37:26.312654
375,2022-01-20 00:00:00+05:30,89.0,89.0,82.30000305175781,84.55000305175781,19653,0.0,0.0,2022-01-20,87.57221946380248,89.96033952200247,34.39470536621941,11.578448887608255,89.13199162060809,89.51750106811524,85.5313667576894,-2.3881200581999877,-1.7978717733094158,89.51750106811524,2.9483388428755894,92.46583991099082,86.56916222523965,95.41417875386642,83.62082338236405,YAARI.BO,2023-08-21 12:37:26.312654
376,2022-01-19 00:00:00+05:30,84.3499984741211,85.55000305175781,83.30000305175781,84.80000305175781,11312,0.0,0.0,2022-01-19,88.12171335690151,90.39316643962204,34.85213911306822,11.592332318010298,89.61430620680285,89.8700008392334,86.02204861065519,-2.2714530827205266,-1.650309702086773,89.8700008392334,2.7370457935760073,92.6070466328094,87.1329550456574,95.34409242638542,84.39590925208138,YAARI.BO,2023-08-21 12:37:26.312654
377,2022-01-18 00:00:00+05:30,86.9000015258789,86.94999694824219,84.0,84.3499984741211,40141,0.0,0.0,2022-01-18,88.72566068510946,90.84061951065118,33.37102834325407,12.199723619452135,90.12107495996548,90.26500053405762,86.63307139010388,-2.11495882554172,-1.4950238569283343,90.26500053405762,2.5289947980247023,92.79399533208232,87.73600573603292,95.32299013010703,85.20701093800821,YAARI.BO,2023-08-21 12:37:26.312654
378,2022-01-17 00:00:00+05:30,87.94999694824219,89.0,85.94999694824219,86.1500015258789,67353,0.0,0.0,2022-01-17,89.5212356325619,91.35986919357359,36.44887373849314,13.099493283429942,90.72855669531752,90.5050006866455,87.77460784809527,-1.8386335610116902,-1.3400401147749876,90.5050006866455,2.1352240241720306,92.64022471081753,88.36977666247347,94.77544873498957,86.23455263830144,YAARI.BO,2023-08-21 12:37:26.312654
379,2022-01-14 00:00:00+05:30,87.94999694824219,89.44999694824219,86.0,87.1500015258789,34709,0.0,0.0,2022-01-14,90.13418728832244,91.77665860698916,38.26972892922074,13.42769699876204,91.2105098710479,90.60000076293946,88.58691100920345,-1.642471318666722,-1.215391753215812,90.60000076293946,1.9668963855959267,92.56689714853539,88.63310437734353,94.5337935341313,86.66620799174761,YAARI.BO,2023-08-21 12:37:26.312654
380,2022-01-13 00:00:00+05:30,89.3499984741211,90.5999984741211,87.05000305175781,87.80000305175781,7275,0.0,0.0,2022-01-13,90.67676651785763,92.14679117347798,39.459522997881756,13.762401733791819,91.63793180211832,90.93750076293945,89.30536575086572,-1.4700246556203496,-1.1086218618530845,90.93750076293945,1.9223660276558272,92.85986679059528,89.01513473528362,94.7822328182511,87.0927687076278,YAARI.BO,2023-08-21 12:37:26.312654
381,2022-01-12 00:00:00+05:30,90.0,90.94999694824219,87.05000305175781,88.55000305175781,26056,0.0,0.0,2022-01-12,91.19981442078488,92.4945342232156,40.81922712045725,13.739795668423207,92.04192430215626,91.60000076293946,90.05804710041966,-1.2947198024307198,-1.0182711634112682,91.60000076293946,2.8456339354315,94.44563469837095,88.75436682750797,97.29126863380246,85.90873289207646,YAARI.BO,2023-08-21 12:37:26.312654
382,2022-01-11 00:00:00+05:30,96.94999694824219,96.94999694824219,88.19999694824219,88.69999694824219,29146,0.0,0.0,2022-01-11,91.68159830606253,92.81009671693222,41.08212726153922,13.715450674949318,92.40949496009294,92.24500045776367,90.81206912475056,-1.128498410869696,-0.9491590036564053,92.24500045776367,3.5037909100145272,95.7487913677782,88.74120954774914,99.25258227779273,85.2374186377346,YAARI.BO,2023-08-21 12:37:26.312654
383,2022-01-10 00:00:00+05:30,92.94999694824219,93.6500015258789,89.05000305175781,91.05000305175781,25988,0.0,0.0,2022-01-10,92.22370764384803,93.13890469842742,45.32926816116772,13.293933067774649,92.79996843502461,92.8300006866455,91.86810521300474,-0.9151970545793944,-0.9043241518530825,92.8300006866455,3.84123713119611,96.67123781784161,88.9887635554494,100.51247494903772,85.14752642425329,YAARI.BO,2023-08-21 12:37:26.312654
384,2022-01-07 00:00:00+05:30,94.94999694824219,97.0,91.0,91.30000305175781,29563,0.0,0.0,2022-01-07,92.43710847877352,93.30601683016098,45.79696877750301,13.68804383330417,92.98417531747374,93.38250045776367,92.2771562936282,-0.8689083513874607,-0.9016059261715044,93.38250045776367,4.3347208901915675,97.71722134795523,89.0477795675721,102.05194223814681,84.71305867738053,YAARI.BO,2023-08-21 12:37:26.312654
385,2022-01-06 00:00:00+05:30,93.55000305175781,93.94999694824219,91.0,93.6500015258789,10924,0.0,0.0,2022-01-06,92.64385492004911,93.46649793243323,50.32966305825348,13.439146794737328,93.16145660860174,94.02000045776367,92.76573291456339,-0.8226430123841197,-0.9097803198675153,94.02000045776367,4.9115170229522915,98.93151748071597,89.10848343481138,103.84303450366825,84.1969664118591,YAARI.BO,2023-08-21 12:37:26.312654
386,2022-01-05 00:00:00+05:30,91.80000305175781,95.5999984741211,90.5999984741211,93.5,5731,0.0,0.0,2022-01-05,92.46091917353459,93.45181764495757,50.03656652411533,14.022188955203825,93.11003082783571,94.74750022888183,92.32359860890561,-0.9908984714229803,-0.931564646738364,94.74750022888183,5.8430672946623465,100.59056752354418,88.90443293421949,106.43363481820653,83.06136563955714,YAARI.BO,2023-08-21 12:37:26.312654
387,2022-01-04 00:00:00+05:30,92.05000305175781,95.94999694824219,92.0,92.1500015258789,8236,0.0,0.0,2022-01-04,92.27199538690452,93.44796305655417,47.44485511450316,14.650080512629284,93.0689814412921,95.31500015258788,91.73539791335841,-1.1759676696496513,-0.91673119056721,95.31500015258788,6.252369502394475,101.56736965498236,89.06263065019341,107.81973915737683,82.81026114779894,YAARI.BO,2023-08-21 12:37:26.312654
388,2022-01-03 00:00:00+05:30,91.55000305175781,94.5,90.5,93.5999984741211,11540,0.0,0.0,2022-01-03,92.29417608890918,93.5517999790082,50.033326031618394,14.873162800854066,93.16571616923034,95.94750022888184,91.52809610709816,-1.257623890099012,-0.8519220707965995,95.94750022888184,6.5481909926769495,102.49569122155879,89.39930923620489,109.04388221423574,82.85111824352794,YAARI.BO,2023-08-21 12:37:26.312654
389,2021-12-31 00:00:00+05:30,90.44999694824219,91.0999984741211,89.05000305175781,90.3499984741211,8595,0.0,0.0,2021-12-31,92.05675383705247,93.54794409939916,43.632872582048485,15.497224337436773,93.12000224239972,96.03250045776367,90.4921449235867,-1.4911902623466915,-0.7504966159709965,96.03250045776367,6.527114650612292,102.55961510837597,89.50538580715138,109.08672975898826,82.9782711565391,YAARI.BO,2023-08-21 12:37:26.312654
390,2021-12-30 00:00:00+05:30,91.55000305175781,92.55000305175781,88.0,89.55000305175781,15553,0.0,0.0,2021-12-30,92.36707299394908,93.80377974942141,41.932736824081616,16.20243057218749,93.41158158642904,96.16500053405761,90.56321814831948,-1.4367067554723292,-0.5653232043770726,96.16500053405761,6.431891726350369,102.59689226040798,89.73310880770724,109.02878398675836,83.30121708135687,YAARI.BO,2023-08-21 12:37:26.312654
391,2021-12-29 00:00:00+05:30,90.69999694824219,92.69999694824219,89.5999984741211,90.19999694824219,7113,0.0,0.0,2021-12-29,92.87926752889294,94.1440818852345,42.90917913889144,16.961883440380575,93.81806353744707,96.36750030517578,91.0698256966003,-1.2648143563415601,-0.34747731660325853,96.36750030517578,6.274494373174541,102.64199467835033,90.09300593200123,108.91648905152486,83.8185115588267,YAARI.BO,2023-08-21 12:37:26.312654
392,2021-12-28 00:00:00+05:30,90.5999984741211,92.80000305175781,90.4000015258789,91.4000015258789,4559,0.0,0.0,2021-12-28,93.3664076344658,94.4596086801939,44.69327749556431,18.215005436081903,94.19891265210022,96.49250030517578,91.50474007077935,-1.0932010457280938,-0.11814305666868313,96.49250030517578,6.169177614545227,102.661677919721,90.32332269063056,108.83085553426623,84.15414507608533,YAARI.BO,2023-08-21 12:37:26.312654
393,2021-12-27 00:00:00+05:30,91.94999694824219,91.94999694824219,89.80000305175781,90.55000305175781,15533,0.0,0.0,2021-12-27,93.72393601784523,94.70437725253909,43.138236261155676,19.447326632355022,94.493534875913,96.36000022888183,91.55710934322957,-0.9804412346938562,0.12562144059616953,96.36000022888183,6.311134430139121,102.67113465902095,90.04886579874271,108.98226908916007,83.73773136860359,YAARI.BO,2023-08-21 12:37:26.312654
394,2021-12-24 00:00:00+05:30,91.94999694824219,93.0,89.9000015258789,91.0,29045,0.0,0.0,2021-12-24,94.30101473895203,95.03672718860159,43.74285276025576,20.891648781953464,94.90864348898197,96.35,92.06066248896545,-0.7357124496495544,0.402137109418676,96.35,6.320975906968071,102.67097590696807,90.02902409303192,108.99195181393614,83.70804818606385,YAARI.BO,2023-08-21 12:37:26.312654
395,2021-12-23 00:00:00+05:30,91.0,94.9000015258789,91.0,91.5999984741211,29144,0.0,0.0,2021-12-23,94.90119923694331,95.3596653636897,44.515321977311366,22.47160959798798,95.3200796457169,96.4599998474121,92.59099373344816,-0.4584661267463872,0.6865994991857335,96.4599998474121,6.241617586434228,102.70161743384634,90.21838226097788,108.94323502028057,83.97676467454365,YAARI.BO,2023-08-21 12:37:26.312654
396,2021-12-22 00:00:00+05:30,89.94999694824219,97.5999984741211,89.94999694824219,92.69999694824219,15161,0.0,0.0,2021-12-22,95.50141755745643,95.66043871485519,45.895060457261565,23.9673207909635,95.71166713746382,96.5849998474121,93.08649136311169,-0.15902115739875455,0.9728659056687636,96.5849998474121,6.163711736078483,102.74871158349059,90.42128811133362,108.91242331956907,84.25757637525514,YAARI.BO,2023-08-21 12:37:26.312654
397,2021-12-21 00:00:00+05:30,90.25,91.3499984741211,88.19999694824219,89.1500015258789,9756,0.0,0.0,2021-12-21,96.01076675913176,95.89727405618423,40.35503120458066,25.578086691090984,96.02868505211873,96.50250015258788,93.27973857054643,0.113492702947525,1.2558376714356432,96.50250015258788,6.229143402090664,102.73164355467856,90.27335675049721,108.96078695676921,84.04421334840656,YAARI.BO,2023-08-21 12:37:26.312654
398,2021-12-20 00:00:00+05:30,94.69999694824219,94.69999694824219,85.94999694824219,88.05000305175781,13395,0.0,0.0,2021-12-20,97.25817861972317,96.43705585860866,38.5444590523626,26.2921425196254,96.75275700224924,96.38250007629395,95.34460709288018,0.8211227611145091,1.5414239135576726,96.38250007629395,6.39903917852081,102.78153925481476,89.98346089777314,109.18057843333557,83.58442171925233,YAARI.BO,2023-08-21 12:37:26.312654
399,2021-12-17 00:00:00+05:30,101.05000305175781,101.0999984741211,93.75,93.9000015258789,11940,0.0,0.0,2021-12-17,98.93239235935323,97.10802008315673,45.341435846724224,27.06112571958554,97.66883636545887,96.1125,98.99190911344137,1.8243722761964989,1.7214992016684634,96.1125,6.866008396463789,102.97850839646378,89.24649160353621,109.84451679292758,82.38048320707242,YAARI.BO,2023-08-21 12:37:26.312654
400,2021-12-16 00:00:00+05:30,103.94999694824219,105.0999984741211,99.8499984741211,101.05000305175781,12182,0.0,0.0,2021-12-16,99.84737251089402,97.36466156773895,56.686239109065475,28.638801645415505,98.06555582225677,95.65750007629394,101.53786290722259,2.4827109431550696,1.6957809330364544,95.65750007629394,7.307661062202075,102.96516113849601,88.34983901409187,110.27282220069809,81.0421779518898,YAARI.BO,2023-08-21 12:37:26.312654
401,2021-12-15 00:00:00+05:30,104.4000015258789,104.4000015258789,100.0,101.44999694824219,4909,0.0,0.0,2021-12-15,99.62871241255515,97.06983424901745,57.432740299128376,28.311653622988075,97.75140348230929,94.9,101.78179283495496,2.558878163537699,1.4990484305068006,94.9,7.501893992816674,102.40189399281668,87.39810600718333,109.90378798563336,79.89621201436665,YAARI.BO,2023-08-21 12:37:26.312654
402,2021-12-14 00:00:00+05:30,101.94999694824219,103.5,99.5999984741211,100.4000015258789,5564,0.0,0.0,2021-12-14,99.29756976970296,96.71942123307946,56.021040225747676,28.099000086089976,97.36207785431635,94.27250022888184,101.94769077831133,2.5781485366235017,1.234090997249076,94.27250022888184,7.449875514756937,101.72237574363878,86.8226247141249,109.17225125839572,79.37274919936796,YAARI.BO,2023-08-21 12:37:26.312654
403,2021-12-13 00:00:00+05:30,105.80000305175781,106.0,101.94999694824219,102.0999984741211,9587,0.0,0.0,2021-12-13,99.09712763221643,96.4249748096555,58.96075161045448,28.0469531207983,97.0422964152045,93.66000022888184,102.72153540452751,2.672152822560932,0.8980766124054695,93.66000022888184,7.423107065975222,101.08310729485706,86.23689316290663,108.50621436083229,78.8137860969314,YAARI.BO,2023-08-21 12:37:26.312654
404,2021-12-10 00:00:00+05:30,108.19999694824219,109.30000305175781,103.25,104.05000305175781,19775,0.0,0.0,2021-12-10,98.55115111550649,95.97097291649825,62.45132002553627,27.118653454552344,96.50990672479222,93.13250045776367,103.03230386973071,2.5801781990082304,0.45455755986660396,93.13250045776367,7.162038996950401,100.29453945471407,85.97046146081327,107.45657845166447,78.80842246386287,YAARI.BO,2023-08-21 12:37:26.312654
405,2021-12-09 00:00:00+05:30,110.0,110.0,103.4000015258789,108.19999694824219,12550,0.0,0.0,2021-12-09,97.55135985436988,95.32465050567748,70.72578068428072,25.60834100810616,95.71621237458533,92.48500022888183,102.52345427871714,2.2267093486923955,-0.07684759991880274,92.48500022888183,6.693104541944358,99.1781047708262,85.79189568693747,105.87120931277055,79.09879114499311,YAARI.BO,2023-08-21 12:37:26.312654
406,2021-12-08 00:00:00+05:30,107.0,111.94999694824219,103.6500015258789,104.8499984741211,55252,0.0,0.0,2021-12-08,95.61524401912037,94.2946227902723,67.49786658673631,23.9242584633562,94.4021297878846,91.67500038146973,99.6851829439546,1.3206212288480685,-0.6527368370716022,91.67500038146973,5.578659658182766,97.2536600396525,86.09634072328696,102.83231969783526,80.5176810651042,YAARI.BO,2023-08-21 12:37:26.312654
407,2021-12-07 00:00:00+05:30,95.69999694824219,104.80000305175781,94.80000305175781,104.80000305175781,66105,0.0,0.0,2021-12-07,93.93619775457478,93.4501927355644,67.44812115311802,22.02033353428544,93.30235413670181,91.12500038146973,97.10277517887133,0.48600501901037774,-1.14607635355152,91.12500038146973,4.681472271887337,95.80647265335708,86.44352810958239,100.4879449252444,81.76205583769506,YAARI.BO,2023-08-21 12:37:26.312654
408,2021-12-06 00:00:00+05:30,92.0,97.6500015258789,91.94999694824219,95.30000305175781,85872,0.0,0.0,2021-12-06,91.96096042781423,92.54220791026891,55.40661887664857,21.02799667933022,92.09207530353801,90.63250007629395,93.25416124242807,-0.5812474824546854,-1.5540966966919942,90.63250007629395,3.5480256904963388,94.1805257667903,87.0844743857976,97.72855145728663,83.53644869530127,YAARI.BO,2023-08-21 12:37:26.312654
409,2021-12-03 00:00:00+05:30,93.69999694824219,95.55000305175781,92.69999694824219,93.0,3244,0.0,0.0,2021-12-03,91.35386176891538,92.3215842989498,51.36177385092224,21.61779966556117,91.75439869846224,90.62999992370605,92.23124033776318,-0.9677225300344219,-1.7973090002513215,90.62999992370605,3.544579525299087,94.17457944900514,87.08542039840697,97.71915897430422,83.54084087310788,YAARI.BO,2023-08-21 12:37:26.312654
410,2021-12-02 00:00:00+05:30,92.05000305175781,95.05000305175781,90.5,93.5999984741211,9144,0.0,0.0,2021-12-02,91.05456390871818,92.26731104286578,52.51564935925925,22.914938779251326,91.62328277198458,90.72249984741211,91.84686050664477,-1.2127471341476053,-2.0047056178055462,90.72249984741211,3.6327255165869747,94.35522536399908,87.08977433082514,97.98795088058606,83.45704881423816,YAARI.BO,2023-08-21 12:37:26.312654
411,2021-12-01 00:00:00+05:30,89.69999694824219,93.1500015258789,88.05000305175781,92.69999694824219,17455,0.0,0.0,2021-12-01,90.59175762409946,92.16069604836535,50.98179939148365,24.476360277050528,91.41520743491756,90.85499992370606,90.9702915229066,-1.5689384242658946,-2.202695238720031,90.85499992370606,3.788204220333993,94.64320414404006,87.06679570337207,98.43140836437405,83.27859148303807,YAARI.BO,2023-08-21 12:37:26.312654
412,2021-11-30 00:00:00+05:30,90.0,93.69999694824219,87.4000015258789,88.75,6047,0.0,0.0,2021-11-30,90.20844138334623,92.11755197637521,43.55054685687535,25.915864794507964,91.27996643351497,91.06749992370605,90.10543881023881,-1.9091105930289842,-2.361134442333565,91.06749992370605,4.009864040172663,95.07736396387871,87.0576358835334,99.08722800405138,83.04777184336072,YAARI.BO,2023-08-21 12:37:26.312654
413,2021-11-29 00:00:00+05:30,94.0,96.0,89.5999984741211,90.3499984741211,8024,0.0,0.0,2021-11-29,90.47361254395463,92.38695613448522,46.184056639785666,27.466100428692894,91.54627868967444,91.34249992370606,90.78315821535821,-1.9133435905305873,-2.47414040465971,91.34249992370606,4.031103960272452,95.3736038839785,87.31139596343361,99.40470784425096,83.28029200316115,YAARI.BO,2023-08-21 12:37:26.312654
414,2021-11-26 00:00:00+05:30,93.69999694824219,98.5,90.1500015258789,93.19999694824219,48780,0.0,0.0,2021-11-26,90.49608782937891,92.54991274731435,51.316688829405784,29.340919620553287,91.67220292289058,91.5849998474121,90.99973808597677,-2.0538249179354438,-2.6143396081919903,91.5849998474121,4.113298609317735,95.69829845672984,87.47170123809437,99.81159706604758,83.35840262877663,YAARI.BO,2023-08-21 12:37:26.312654
415,2021-11-25 00:00:00+05:30,95.5999984741211,95.5999984741211,92.0,94.0999984741211,25839,0.0,0.0,2021-11-25,90.00446798958558,92.49790601124013,53.045343723959604,31.183086000622144,91.51138249916936,91.8,89.89960865484406,-2.493438021654555,-2.7544682807561265,91.8,4.309840596613011,96.10984059661301,87.49015940338698,100.41968119322601,83.18031880677398,YAARI.BO,2023-08-21 12:37:26.312654
416,2021-11-24 00:00:00+05:30,89.94999694824219,91.05000305175781,88.4000015258789,91.05000305175781,1659,0.0,0.0,2021-11-24,89.25982608330638,92.36973861420967,47.477777151493434,33.10451168032371,91.23889660706918,91.99750022888183,87.79941374520553,-3.109912530903287,-2.819725845531519,91.99750022888183,4.506791435120962,96.50429166400279,87.49070879376087,101.01108309912375,82.98391735863991,YAARI.BO,2023-08-21 12:37:26.312654
417,2021-11-23 00:00:00+05:30,82.6500015258789,86.75,80.44999694824219,86.75,5555,0.0,0.0,2021-11-23,88.93433936176976,92.47531745920581,37.82673110318049,33.397499959259655,91.25878013920722,92.1625,86.17411909192938,-3.540978097436053,-2.747179174188577,92.1625,4.530622185445272,96.69312218544526,87.63187781455473,101.22374437089054,83.10125562910945,YAARI.BO,2023-08-21 12:37:26.312654
418,2021-11-22 00:00:00+05:30,83.0,87.0,82.0,82.6500015258789,16073,0.0,0.0,2021-11-22,89.33149197300062,92.93334285594229,25.746377280098628,31.36794000701632,91.73338857491325,92.68250007629395,85.88617863789408,-3.601850882941662,-2.5487294433767076,92.68250007629395,4.473172805394282,97.15567288168823,88.20932727089966,101.62884568708252,83.73615446550538,YAARI.BO,2023-08-21 12:37:26.312654
419,2021-11-18 00:00:00+05:30,86.5,86.75,81.75,84.80000305175781,24787,0.0,0.0,2021-11-18,90.54630841793184,93.75601016234737,28.436841561492912,29.447342065916118,92.68953458007476,93.4775001525879,87.50426719390165,-3.2097017444155256,-2.2854490834854686,93.4775001525879,3.9822784113746468,97.45977856396254,89.49522174121324,101.44205697533718,85.5129433298386,YAARI.BO,2023-08-21 12:37:26.312654
420,2021-11-17 00:00:00+05:30,88.9000015258789,89.80000305175781,85.0999984741211,85.9000015258789,6578,0.0,0.0,2021-11-17,91.59109121178167,94.47249073119453,29.92235438734265,27.222673895070294,93.52001158305549,94.1775001525879,88.85639926497356,-2.8813995194128523,-2.054385918252954,94.1775001525879,3.5875689375006394,97.76506909008853,90.58993121508726,101.35263802758918,87.00236227758661,YAARI.BO,2023-08-21 12:37:26.312654
421,2021-11-16 00:00:00+05:30,89.05000305175781,91.4000015258789,86.0999984741211,88.9000015258789,10104,0.0,0.0,2021-11-16,92.62583479103672,95.15828986761977,34.484424025779276,25.44484321412827,94.32211790486355,94.92250022888183,90.33459813452087,-2.532455076583048,-1.8476325179629796,94.92250022888183,3.3148979948254356,98.23739822370726,91.6076022340564,101.5522962185327,88.29270423923096,YAARI.BO,2023-08-21 12:37:26.312654
422,2021-11-15 00:00:00+05:30,91.75,91.8499984741211,87.25,88.1500015258789,17863,0.0,0.0,2021-11-15,93.30325902106541,95.65895293495905,32.0805274546577,23.746148465727337,94.89286699738825,95.68500022888183,91.05189643884185,-2.3556939138936315,-1.6764268783079623,95.68500022888183,3.59846890075464,99.28346912963647,92.0865313281272,102.88193803039111,88.48806242737255,YAARI.BO,2023-08-21 12:37:26.312654
423,2021-11-12 00:00:00+05:30,92.4000015258789,92.80000305175781,90.94999694824219,91.55000305175781,1829,0.0,0.0,2021-11-12,94.24021492928115,96.25966904768546,37.940685967326665,22.17599717505056,95.60264231017871,96.2375,92.50284389532331,-2.0194541184043118,-1.5066101194115449,96.2375,3.207757592769312,99.44525759276931,93.02974240723069,102.65301518553862,89.82198481446137,YAARI.BO,2023-08-21 12:37:26.312654
424,2021-11-11 00:00:00+05:30,92.5,93.9000015258789,90.0,91.0999984741211,16589,0.0,0.0,2021-11-11,94.72934436155812,96.63644232735967,36.515456551294406,21.50487587437755,96.02923591632826,96.62999992370605,92.97926431710606,-1.9070979658015546,-1.3783991196633532,96.62999992370605,3.081798271725849,99.7117981954319,93.54820165198021,102.79359646715776,90.46640338025435,YAARI.BO,2023-08-21 12:37:26.312654
425,2021-11-10 00:00:00+05:30,93.94999694824219,94.5999984741211,91.69999694824219,92.0,10327,0.0,0.0,2021-11-10,95.38922543200121,97.07935783561877,38.14223831058303,20.782129858268153,96.54810301550796,97.1125,93.91889723859853,-1.6901324036175538,-1.2462244081288028,97.1125,2.921692815803283,100.03419281580328,94.19080718419671,102.95588563160656,91.26911436839343,YAARI.BO,2023-08-21 12:37:26.312654
426,2021-11-09 00:00:00+05:30,94.8499984741211,95.9000015258789,93.0,93.8499984741211,9597,0.0,0.0,2021-11-09,96.0054482378196,97.48570646246827,41.687095396244544,20.555623217807288,97.02685070135091,97.6150001525879,94.87834585789778,-1.480258224648665,-1.135247409256615,97.6150001525879,2.8597077634787786,100.47470791606668,94.75529238910912,103.33441567954546,91.89558462563033,YAARI.BO,2023-08-21 12:37:26.312654
427,2021-11-08 00:00:00+05:30,96.0999984741211,96.30000305175781,94.0,94.94999694824219,4464,0.0,0.0,2021-11-08,96.39734819485571,97.77656310153604,43.941893145584956,20.77865015593138,97.36125619895405,98.01750030517579,95.39251954978612,-1.3792149066803319,-1.0489947054086024,98.01750030517579,2.868398719174702,100.8858990243505,95.14910158600108,103.75429774352519,92.28070286682639,YAARI.BO,2023-08-21 12:37:26.312654
428,2021-11-04 00:00:00+05:30,95.0,97.80000305175781,93.19999694824219,95.25,3733,0.0,0.0,2021-11-04,96.66050296696726,98.00268839379954,44.55215832543619,21.400623055708476,97.61507296218687,98.39750061035156,95.61378085055807,-1.3421854268322875,-0.9664396550906699,98.39750061035156,2.943078523331434,101.340579133683,95.45442208702012,104.28365765701443,92.51134356368868,YAARI.BO,2023-08-21 12:37:26.312654
429,2021-11-03 00:00:00+05:30,97.9000015258789,97.9000015258789,93.5,94.8499984741211,6478,0.0,0.0,2021-11-03,96.91695805187038,98.2229034653035,43.58207056801998,22.070440024699195,97.86402801083813,98.82000045776367,95.7956712758371,-1.3059454134331219,-0.8725032121552654,98.82000045776367,3.071191244926199,101.89119170268987,95.74880921283747,104.96238294761606,92.67761796791127,YAARI.BO,2023-08-21 12:37:26.312654
430,2021-11-02 00:00:00+05:30,96.8499984741211,99.5,95.5,96.25,5422,0.0,0.0,2021-11-02,97.29276888418843,98.4927358645981,46.209563812533396,22.898152604411102,98.18129427786096,99.10750045776368,96.2685076766951,-1.1999669804096698,-0.7641426618358012,99.10750045776368,2.946598840263716,102.0540992980274,96.16090161749996,105.00069813829111,93.21430277723624,YAARI.BO,2023-08-21 12:37:26.312654
431,2021-11-01 00:00:00+05:30,95.0,97.80000305175781,94.75,96.94999694824219,9210,0.0,0.0,2021-11-01,97.48236322676814,98.67215473376595,47.540265388730575,24.531161572605846,98.38458841237264,99.34250030517578,96.27776151504263,-1.189791506997807,-0.6551865821923339,99.34250030517578,2.8936539973304014,102.23615430250618,96.44884630784537,105.12980829983658,93.55519231051497,YAARI.BO,2023-08-21 12:37:26.312654
432,2021-10-29 00:00:00+05:30,95.0,96.6500015258789,92.3499984741211,94.25,11511,0.0,0.0,2021-10-29,97.57915709559104,98.80992735660786,41.50728949996569,25.555792980531447,98.53559804017584,99.42750053405761,95.94164379844284,-1.230770261016815,-0.5215353509909657,99.42750053405761,2.8442223721011017,102.27172290615871,96.58327816195651,105.11594527825982,93.73905578985541,YAARI.BO,2023-08-21 12:37:26.312654
433,2021-10-28 00:00:00+05:30,97.0,99.05000305175781,94.6500015258789,95.19999694824219,3539,0.0,0.0,2021-10-28,98.1844583856985,99.17472154513649,43.12774616296044,26.123314935200508,98.98671362335224,99.6300006866455,96.78746569766423,-0.9902631594379869,-0.3442266234845033,99.6300006866455,2.5889139126354572,102.21891459928096,97.04108677401004,104.80782851191641,94.45217286137459,YAARI.BO,2023-08-21 12:37:26.312654
434,2021-10-27 00:00:00+05:30,98.0,99.5999984741211,96.0,97.5,2518,0.0,0.0,2021-10-27,98.72708773796329,99.49269951288804,47.277130918146206,27.56317994939581,99.38531537862698,99.81000099182128,97.58120007237524,-0.76561177492475,-0.1827174894961324,99.81000099182128,2.3815407490474425,102.19154174086873,97.42846024277384,104.57308248991617,95.04691949372639,YAARI.BO,2023-08-21 12:37:26.312654
435,2021-10-26 00:00:00+05:30,94.55000305175781,98.80000305175781,94.55000305175781,98.05000305175781,8887,0.0,0.0,2021-10-26,98.95019459941116,99.65211547391908,48.309195610019344,29.664444125977067,99.58376962900878,99.90500106811524,97.62180010856284,-0.7019208745079197,-0.03699391813897798,99.90500106811524,2.321688191789898,102.22668925990514,97.58331287632534,104.54837745169503,95.26162468453545,YAARI.BO,2023-08-21 12:37:26.312654
436,2021-10-25 00:00:00+05:30,97.94999694824219,98.80000305175781,93.0,94.3499984741211,11848,0.0,0.0,2021-10-25,99.11386578989358,99.78028446769197,40.14723755538231,31.5847341843055,99.74521874240364,100.00250091552735,97.40769863696534,-0.66641867779839,0.12923782095325745,100.00250091552735,2.28026277213254,102.2827636876599,97.7222381433948,104.56302645979243,95.44197537126227,YAARI.BO,2023-08-21 12:37:26.312654
437,2021-10-22 00:00:00+05:30,98.94999694824219,99.94999694824219,96.5,97.1500015258789,6670,0.0,0.0,2021-10-22,99.9800234836704,100.21470734717765,45.157786877232176,33.65273886250535,100.31313666538074,100.2950008392334,98.93654871838743,-0.23468386350725723,0.3281519456411693,100.2950008392334,1.8520183103416177,102.14701914957502,98.44298252889178,103.99903745991664,96.59096421855016,YAARI.BO,2023-08-21 12:37:26.312654
438,2021-10-21 00:00:00+05:30,98.94999694824219,100.6500015258789,97.0,98.55000305175781,19303,0.0,0.0,2021-10-21,100.49457293054158,100.45988381288156,47.935397251110665,35.12695331906255,100.64609825901252,100.5200008392334,99.82982231464166,0.03468911766002236,0.4688608979282759,100.5200008392334,1.7183524973033055,102.2383533365367,98.8016483419301,103.95670583384002,97.08329584462679,YAARI.BO,2023-08-21 12:37:26.312654
439,2021-10-20 00:00:00+05:30,100.80000305175781,101.05000305175781,97.0,98.80000305175781,12601,0.0,0.0,2021-10-20,100.84813109032044,100.61267427377146,48.42933758890586,36.47288628911721,100.86673985977617,100.55500068664551,100.46973194608356,0.2354568165489752,0.5774038429953393,100.55500068664551,1.6828778899536019,102.23787857659912,98.87212279669191,103.92075646655272,97.18924490673831,YAARI.BO,2023-08-21 12:37:26.312654
440,2021-10-19 00:00:00+05:30,103.0999984741211,106.0,100.25,100.80000305175781,16547,0.0,0.0,2021-10-19,101.22051800642272,100.75768797153256,52.443702143683254,37.9223525645607,101.08429110272547,100.60250053405761,101.30459639324641,0.4628300348901604,0.6628905996069303,100.60250053405761,1.6436859501926562,102.24618648425027,98.95881458386495,103.88987243444292,97.3151286336723,YAARI.BO,2023-08-21 12:37:26.312654
441,2021-10-18 00:00:00+05:30,96.4000015258789,104.1500015258789,96.4000015258789,104.1500015258789,64108,0.0,0.0,2021-10-18,101.29697527090725,100.75430276511455,60.205751300000266,37.83865281403102,101.11421616072207,100.61000022888183,101.55689306399069,0.5426725057927086,0.7129057407861228,100.61000022888183,1.6449762141821873,102.25497644306402,98.96502401469964,103.8999526572462,97.32004780051746,YAARI.BO,2023-08-21 12:37:26.312654
442,2021-10-14 00:00:00+05:30,100.0999984741211,101.0,99.0,99.19999694824219,12589,0.0,0.0,2021-10-14,100.77824322454877,100.4826468642534,50.06518524820427,38.24715277889123,100.79465980649502,100.7125,100.26033883304656,0.2955963602953773,0.7554640495344763,100.7125,1.9183232568465838,102.63082325684658,98.79417674315343,104.54914651369317,96.87585348630684,YAARI.BO,2023-08-21 12:37:26.312654
443,2021-10-13 00:00:00+05:30,100.94999694824219,103.25,99.19999694824219,99.4000015258789,13199,0.0,0.0,2021-10-13,101.06519709296815,100.5852588575343,50.5484553085507,39.735430069501966,100.96251905473216,101.34000015258789,100.79050977544873,0.47993823543384906,0.8704309718442511,101.34000015258789,3.0914391996360275,104.43143935222392,98.24856095295186,107.52287855185995,95.15712175331583,YAARI.BO,2023-08-21 12:37:26.312654
444,2021-10-12 00:00:00+05:30,99.80000305175781,102.19999694824219,99.5,100.75,3382,0.0,0.0,2021-10-12,101.36795992334802,100.68007944406672,53.80371320872552,41.227961088045234,101.12699458408514,102.01000022888184,101.48576390023362,0.6878804792813042,0.9680541559468516,102.01000022888184,3.9747426259514413,105.98474285483327,98.0352576029304,109.95948548078472,94.06051497697895,YAARI.BO,2023-08-21 12:37:26.312654
445,2021-10-11 00:00:00+05:30,102.94999694824219,103.4000015258789,101.5,102.05000305175781,26839,0.0,0.0,2021-10-11,101.48031627304766,100.67448579959206,57.09126079097405,43.217842239695436,101.16667822451515,102.45250015258789,101.85364585035043,0.8058304734556003,1.0380975751132384,102.45250015258789,4.305916059054883,106.75841621164277,98.14658409353301,111.06433227069765,93.84066803447813,YAARI.BO,2023-08-21 12:37:26.312654
446,2021-10-08 00:00:00+05:30,103.75,105.05000305175781,101.0999984741211,101.9000015258789,10947,0.0,0.0,2021-10-08,101.37673685873672,100.5644444194188,56.808498610169785,44.25947420980318,101.07369666375276,102.72000007629394,101.75546724964673,0.8122924393179147,1.0961643505276477,102.72000007629394,4.443576030179872,107.16357610647381,98.27642404611407,111.60715213665368,93.8328480159342,YAARI.BO,2023-08-21 12:37:26.312654
447,2021-10-07 00:00:00+05:30,104.44999694824219,105.80000305175781,102.25,102.55000305175781,9617,0.0,0.0,2021-10-07,101.28159782834723,100.457599850902,58.355880864191825,45.38123171607306,100.98671720458158,103.09500007629394,101.68320011153062,0.8239979774452308,1.167132328330081,103.09500007629394,4.680865375050397,107.77586545134434,98.41413470124354,112.45673082639473,93.73326932619315,YAARI.BO,2023-08-21 12:37:26.312654
448,2021-10-06 00:00:00+05:30,98.0999984741211,105.5999984741211,98.0999984741211,103.69999694824219,20290,0.0,0.0,2021-10-06,101.05097869681802,100.29020759483353,61.089583456686476,45.93524437404713,100.82216079961566,103.17749977111816,101.24979864141702,0.7607711019844885,1.2529159160512933,103.17749977111816,4.68529269357517,107.86279246469333,98.492207077543,112.5480851582685,93.80691438396782,YAARI.BO,2023-08-21 12:37:26.312654
449,2021-10-05 00:00:00+05:30,101.5,103.0,100.30000305175781,100.5999984741211,15238,0.0,0.0,2021-10-05,100.5693390147409,100.01742444656085,55.920919028127145,46.58276591880591,100.5192306787076,102.95499992370605,100.02469948800442,0.5519145681800524,1.3759521195679945,102.95499992370605,4.764172830258932,107.71917275396498,98.19082709344713,112.48334558422391,93.4266542631882,YAARI.BO,2023-08-21 12:37:26.312654
450,2021-10-04 00:00:00+05:30,98.6500015258789,102.5,98.6500015258789,100.94999694824219,20938,0.0,0.0,2021-10-04,100.56376456758086,99.97081852435602,56.710686105449795,47.99311306308193,100.51072880550619,103.04249992370606,99.73704999494606,0.5929460432248419,1.58196150741498,103.04249992370606,4.734622656566722,107.77712258027279,98.30787726713933,112.5117452368395,93.57325461057262,YAARI.BO,2023-08-21 12:37:26.312654
451,2021-10-01 00:00:00+05:30,99.69999694824219,99.8499984741211,98.05000305175781,98.6500015258789,9008,0.0,0.0,2021-10-01,100.49354049836971,99.89248425044512,52.6282513780536,49.662139986971354,100.46449005363924,103.01500015258789,99.130576518298,0.6010562479245891,1.8292153734625143,103.01500015258789,4.748991508639029,107.76399166122691,98.26600864394887,112.51298316986595,93.51701713530983,YAARI.BO,2023-08-21 12:37:26.312654
452,2021-09-30 00:00:00+05:30,99.69999694824219,100.5,97.6500015258789,98.30000305175781,14780,0.0,0.0,2021-09-30,100.82872940245895,99.99188286841041,51.988458021163666,52.336229816542634,100.65548884603507,103.16749992370606,99.37086401450755,0.8368465340485329,2.1362551548469955,103.16749992370606,4.6493711144957,107.81687103820175,98.51812880921037,112.46624215269746,93.86875769471466,YAARI.BO,2023-08-21 12:37:26.312654
453,2021-09-29 00:00:00+05:30,99.69999694824219,100.5,96.9000015258789,98.80000305175781,20990,0.0,0.0,2021-09-29,101.28849782985915,100.12723325374262,52.93686736611237,55.21601886377324,100.90343471911689,103.11499977111816,99.9062944958824,1.1612645761165368,2.461107310046611,103.11499977111816,4.712723749673704,107.82772352079186,98.40227602144446,112.54044727046558,93.68955227177075,YAARI.BO,2023-08-21 12:37:26.312654
454,2021-09-28 00:00:00+05:30,100.5,100.5,97.5,99.4000015258789,12287,0.0,0.0,2021-09-28,101.74095142587758,100.23341166990141,54.03527312642538,58.3173301454062,101.12484857883891,102.99499969482422,100.45944021794469,1.5075397559761683,2.7860679935291297,102.99499969482422,4.856734564950413,107.85173425977463,98.1382651298738,112.70846882472505,93.28153056492339,YAARI.BO,2023-08-21 12:37:26.312654
455,2021-09-27 00:00:00+05:30,100.0,102.5999984741211,97.75,100.0,10109,0.0,0.0,2021-09-27,102.1665786804228,100.30008448142321,55.09683804163772,61.40230930257182,101.30641142651889,102.89249954223632,100.98915956397758,1.8664941989995896,3.1057000529173697,102.89249954223632,4.957192771883712,107.84969231412003,97.93530677035261,112.80688508600375,92.9781139984689,YAARI.BO,2023-08-21 12:37:26.312654
456,2021-09-24 00:00:00+05:30,101.25,102.0,98.8499984741211,100.19999694824219,24282,0.0,0.0,2021-09-24,102.56050207686332,100.32409123993708,55.43392261596589,64.62198530293611,101.44392841878404,102.82499961853027,101.48373934596637,2.2364108369262397,3.415501516396814,102.82499961853027,5.007586635862256,107.83258625439252,97.81741298266802,112.84017289025478,92.80982634680576,YAARI.BO,2023-08-21 12:37:26.312654
457,2021-09-23 00:00:00+05:30,100.0,102.0,98.9000015258789,101.6500015258789,14097,0.0,0.0,2021-09-23,102.98968482752169,100.33401878327267,57.81518611067337,67.64487575177438,101.57486857357792,102.71249961853027,102.12561054482845,2.655666044249017,3.7102741862644577,102.71249961853027,5.0941888534308095,107.80668847196108,97.61831076509947,112.90087732539189,92.52412191166866,YAARI.BO,2023-08-21 12:37:26.312654
458,2021-09-22 00:00:00+05:30,101.0,103.4000015258789,97.94999694824219,99.25,39838,0.0,0.0,2021-09-22,103.23326360963856,100.22874016386417,54.833169819039064,70.88058875224476,101.56695984175676,102.30499954223633,102.36341505430319,3.0045234457743817,3.973926221768318,102.30499954223633,5.4939419372848945,107.79894147952123,96.81105760495143,113.29288341680612,91.31711566766654,YAARI.BO,2023-08-21 12:37:26.312654
459,2021-09-21 00:00:00+05:30,99.8499984741211,100.5,97.0,99.75,34647,0.0,0.0,2021-09-21,103.95749335684556,100.30703937697331,55.59341079455992,74.36520275275132,101.81085035141537,101.92249946594238,103.92012258145478,3.6504539798722533,4.216276915766802,101.92249946594238,5.9640257584113305,107.8865252243537,95.95847370753106,113.85055098276504,89.99444794911972,YAARI.BO,2023-08-21 12:37:26.312654
460,2021-09-20 00:00:00+05:30,103.9000015258789,105.6500015258789,100.9000015258789,100.94999694824219,24746,0.0,0.0,2021-09-20,104.7224921489993,100.35160252713118,57.36591975980023,78.76971456972356,102.02778196735383,101.3574993133545,106.00518387218216,4.370889621868116,4.357732649740439,101.3574993133545,6.673697501165989,108.03119681452048,94.6838018121885,114.70489431568647,88.01010431102252,YAARI.BO,2023-08-21 12:37:26.312654
461,2021-09-17 00:00:00+05:30,111.69999694824219,111.69999694824219,106.19999694824219,106.19999694824219,41637,0.0,0.0,2021-09-17,105.40840036731876,100.3037309734423,65.9019684002162,82.01977000353824,102.14123302199715,,108.53277733415214,5.104669393876463,4.354443406708519,,,,,,,YAARI.BO,2023-08-21 12:37:26.312654
462,2021-09-16 00:00:00+05:30,113.19999694824219,117.44999694824219,108.0,111.75,108399,0.0,0.0,2021-09-16,105.26447371624177,99.8320296954583,77.17463007626621,82.74204571446388,101.71399471397136,,109.69916752710712,5.432444020783464,4.166886909916533,,,,,,,YAARI.BO,2023-08-21 12:37:26.312654
463,2021-09-15 00:00:00+05:30,110.0,114.5999984741211,110.0,112.80000305175781,61928,0.0,0.0,2021-09-15,104.08528711919482,98.87859207109497,79.56554862067279,82.3113326803525,100.65757310491571,,108.67375129066068,5.206695048099846,3.850497632199801,,,,,,,YAARI.BO,2023-08-21 12:37:26.312654
464,2021-09-14 00:00:00+05:30,108.5,112.75,107.0,109.5999984741211,93935,0.0,0.0,2021-09-14,102.50079331327427,97.76487919264196,77.6018324868041,81.9860258013805,99.3794225841955,,106.61062541011208,4.735914120632316,3.511448278224789,,,,,,,YAARI.BO,2023-08-21 12:37:26.312654
465,2021-09-13 00:00:00+05:30,113.4000015258789,114.80000305175781,105.55000305175781,107.4000015258789,34969,0.0,0.0,2021-09-13,101.21002873857485,96.81806965012363,76.13793103448276,81.7419974735576,98.30357249051912,,105.11593887810756,4.391959088451216,3.205331817622907,,,,,,,YAARI.BO,2023-08-21 12:37:26.312654
466,2021-09-09 00:00:00+05:30,109.4000015258789,109.4000015258789,105.8499984741211,109.4000015258789,9440,0.0,0.0,2021-09-09,100.08457914088319,95.9715151000632,,81.47919773590216,97.34605364469176,,103.97390755422188,4.113064040819992,2.9086749999158297,,,,,,,YAARI.BO,2023-08-21 12:37:26.312654
467,2021-09-08 00:00:00+05:30,101.9000015258789,104.19999694824219,100.05000305175781,104.19999694824219,15700,0.0,0.0,2021-09-08,98.39086597997488,94.89723618599795,,81.59399264111221,96.07721702561943,,101.26086056839335,3.493629793976922,2.607577739689789,,,,,,,YAARI.BO,2023-08-21 12:37:26.312654
468,2021-09-07 00:00:00+05:30,103.0,103.0,99.05000305175781,99.25,5070,0.0,0.0,2021-09-07,97.33466034938081,94.15301532501843,,82.41437085736666,95.22218756008019,,99.79129237846891,3.181645024362382,2.3860647261180055,,,,,,,YAARI.BO,2023-08-21 12:37:26.312654
469,2021-09-06 00:00:00+05:30,100.5999984741211,104.6500015258789,98.5,102.3499984741211,7628,0.0,0.0,2021-09-06,96.98641677654095,93.7452565510199,,83.53802502439027,94.79820730324653,,100.06193856770335,3.2411602255210425,2.187169651556911,,,,,,,YAARI.BO,2023-08-21 12:37:26.312654
470,2021-09-03 00:00:00+05:30,102.0,102.0,99.5,100.4000015258789,8340,0.0,0.0,2021-09-03,96.01122010425365,93.05687719717181,,84.74811412733877,94.00328191683867,,98.91790861449446,2.9543429070818377,1.923672008065878,,,,,,,YAARI.BO,2023-08-21 12:37:26.312654
471,2021-09-02 00:00:00+05:30,99.19999694824219,102.0999984741211,99.0,101.69999694824219,8699,0.0,0.0,2021-09-02,95.21325984577634,92.46942725087524,,86.68790827087216,93.32994301062391,,98.17686215880224,2.743832594901093,1.6660042833118878,,,,,,,YAARI.BO,2023-08-21 12:37:26.312654
472,2021-09-01 00:00:00+05:30,99.0999984741211,99.0999984741211,94.0999984741211,97.25,2782,0.0,0.0,2021-09-01,94.03385309987345,91.73098167508589,,88.7769173485235,92.44888470140093,,96.41529476408225,2.3028714247875683,1.3965472054145864,,,,,,,YAARI.BO,2023-08-21 12:37:26.312654
473,2021-08-31 00:00:00+05:30,100.9000015258789,100.9000015258789,96.0,96.4000015258789,770,0.0,0.0,2021-08-31,93.44909911803227,91.28946020909275,,92.06949095140085,91.94350414365366,,95.99794214612336,2.159638908939513,1.1699661505713408,,,,,,,YAARI.BO,2023-08-21 12:37:26.312654
474,2021-08-30 00:00:00+05:30,102.0,102.0,95.1500015258789,97.3499984741211,8230,0.0,0.0,2021-08-30,92.91257140751469,90.88061690374987,,92.86034889899278,91.47439915605099,,95.7969124562456,2.0319545037648226,0.9225479609792977,,,,,,,YAARI.BO,2023-08-21 12:37:26.312654
475,2021-08-27 00:00:00+05:30,102.0,102.0,95.0,98.6500015258789,4044,0.0,0.0,2021-08-27,92.10576648631353,90.36306637812017,,93.71204207332255,90.85591501730677,,95.02036944730784,1.742700108193361,0.6451963252829165,,,,,,,YAARI.BO,2023-08-21 12:37:26.312654
476,2021-08-26 00:00:00+05:30,93.5999984741211,98.1500015258789,93.5,97.94999694824219,8771,0.0,0.0,2021-08-26,90.91590557002891,89.70011156629947,,94.62925010721614,90.0354848585097,,93.2055534080223,1.2157940037294424,0.37082037955530534,,,,,,,YAARI.BO,2023-08-21 12:37:26.312654
477,2021-08-25 00:00:00+05:30,95.0,95.80000305175781,88.0999984741211,93.5,20041,0.0,0.0,2021-08-25,89.63697986489923,89.04012073574405,,96.54339631215225,89.20237832274839,,90.83333163791234,0.5968591291551775,0.15957697351177105,,,,,,,YAARI.BO,2023-08-21 12:37:26.312654
478,2021-08-24 00:00:00+05:30,88.0999984741211,92.5999984741211,85.5999984741211,91.5999984741211,4916,0.0,0.0,2021-08-24,88.93461256760818,88.68333039460359,,100.0,88.74999709356399,,89.4999974568685,0.2512821730045971,0.05025643460091942,,,,,,,YAARI.BO,2023-08-21 12:37:26.312654
479,2021-08-23 00:00:00+05:30,94.8499984741211,94.8499984741211,86.69999694824219,88.44999694824219,7696,0.0,0.0,2021-08-23,88.44999694824219,88.44999694824219,,,88.44999694824219,,88.44999694824219,0.0,0.0,,,,,,,YAARI.BO,2023-08-21 12:37:26.312654
=======
Trading Day,Date,Open,High,Low,Close,Volume,Dividends,Stock Splits,date_only,RollingMean,RollingStd,UpperBand1,LowerBand1,UpperBand2,LowerBand2,CCI_10,CCI_40,OBV,VPT,VPT_signal,VWAP,MFI_14,PP,R1,S1,R2,S2,R3,S3,CMF,%R,macd,macd_signal,macde_histogram,rsi,ADX,sma_5,sma_20,sma_50,sma_100,symbol,created_on
1,2023-08-21 00:00:00+05:30,11.3100004196167,11.3100004196167,11.3100004196167,11.3100004196167,8708,0.0,0.0,2023-08-21,11.776000118255615,0.7342264902146404,12.510226608470255,11.041773628040975,13.244453098684895,10.307547137826335,-125.35681662234305,-95.61214187941304,-7078474,1113.4820469429035,3107.0811809376237,32.70647860606018,51.46991038331444,11.3100004196167,11.3100004196167,11.3100004196167,11.3100004196167,11.3100004196167,11.3100004196167,11.3100004196167,,-81.6666487852775,-0.17796205828413392,-0.1451454034664423,-0.03281665481769161,38.55958882600343,17.66967383658893,11.776000213623046,11.776000118255615,12.397000007629394,12.822999992370605,YAARI.BO,2023-08-21 22:14:56.168973
2,2023-08-18 00:00:00+05:30,11.539999961853027,11.539999961853027,11.539999961853027,11.539999961853027,12545,0.0,0.0,2023-08-18,11.810000085830689,0.7272226335469734,12.537222719377663,11.082777452283715,13.264445352924636,10.355554818736742,-122.47384251827025,-84.28983584016036,-7069766,1636.7360601059172,3605.4809644363036,32.71188233754908,52.25719959720011,11.539999961853027,11.539999961853027,11.539999961853027,11.539999961853027,11.539999961853027,11.539999961853027,11.539999961853027,,-72.08333681027011,-0.12865051093445068,-0.1369412397620194,0.008290728827568733,40.89493093336962,17.184314837638585,12.014000129699706,11.810000085830689,12.40159999847412,12.840999984741211,YAARI.BO,2023-08-21 22:14:56.168973
3,2023-08-17 00:00:00+05:30,11.770000457763672,11.770000457763672,11.770000457763672,11.770000457763672,12652,0.0,0.0,2023-08-17,11.857500076293945,0.7395794302482386,12.597079506542183,11.117920646045707,13.336658936790423,10.378341215797468,-82.3419214291651,-71.35759406287204,-7057221,1683.5958273550343,4097.6671905189,32.7195881994801,50.14291069784529,11.770000457763672,11.770000457763672,11.770000457763672,11.770000457763672,11.770000457763672,11.770000457763672,11.770000457763672,,-61.98346912026306,-0.08621900733677457,-0.13901392196891157,0.05279491463213701,43.33184736920208,17.003472809185862,12.256000137329101,11.857500076293945,12.417600002288818,12.850099983215332,YAARI.BO,2023-08-21 22:14:56.168973
4,2023-08-16 00:00:00+05:30,12.010000228881836,12.010000228881836,12.010000228881836,12.010000228881836,7967,0.0,0.0,2023-08-16,11.930000066757202,0.7992168058874586,12.729216872644662,11.130783260869743,13.528433678532119,10.331566454982285,-32.93074192722381,-50.9183292460782,-7044569,1081.7826469738866,4701.185031309866,32.72728101283723,52.220272213002495,12.010000228881836,12.010000228881836,12.010000228881836,12.010000228881836,12.010000228881836,12.010000228881836,12.010000228881836,,-52.06612351894778,-0.05323904009554603,-0.1522126506269458,0.09897361053139977,45.98710036241742,17.163998067161312,12.504000091552735,11.930000066757202,12.43079999923706,12.857899980545044,YAARI.BO,2023-08-21 22:14:56.168973
5,2023-08-14 00:00:00+05:30,12.25,12.25,12.25,12.25,11047,0.0,0.0,2023-08-14,11.99200005531311,0.8520971769281177,12.844097232241227,11.139902878384992,13.696194409169346,10.287805701456874,6.091357586827203,-28.031611147026613,-7036602,1529.9689617760857,5606.03562739386,32.732072590531146,51.13975918974593,12.25,12.25,12.25,12.25,12.25,12.25,12.25,,-41.295560627231914,-0.03384437706961485,-0.17695605325979574,0.1431116761901809,48.76164941048115,17.722311225279455,12.756000137329101,11.99200005531311,12.44439998626709,12.865299978256225,YAARI.BO,2023-08-21 22:14:56.168973
6,2023-08-11 00:00:00+05:30,12.5,12.5,12.5,12.5,10337,0.0,0.0,2023-08-11,12.049500036239625,0.907428298518135,12.956928334757759,11.14207173772149,13.864356633275895,10.234643439203355,37.34850222535823,-6.623827355063904,-7025555,1460.8536400019398,6625.052293798302,32.738643243336675,50.46837751000036,12.5,12.5,12.5,12.5,12.5,12.5,12.5,,-31.174104231572176,-0.032136878728818985,-0.21273397230734098,0.180597093578522,51.78363948750825,18.724481724899473,12.834000205993652,12.049500036239625,12.454799995422363,12.868299980163574,YAARI.BO,2023-08-21 22:14:56.168973
7,2023-08-10 00:00:00+05:30,12.75,12.75,12.75,12.75,9858,0.0,0.0,2023-08-10,12.102500057220459,0.9642989645724281,13.066799021792887,11.13820109264803,14.031097986365316,10.173902128075602,67.2699672843842,13.227339907357466,-7015218,1421.0232259651643,7916.1019572473915,32.74472034585538,48.66305899008553,12.75,12.75,12.75,12.75,12.75,12.75,12.75,,-21.052647835912435,-0.05408505314509071,-0.25788324570197146,0.20379819255688075,54.945649759693346,20.091377988008812,12.742000198364257,12.102500057220459,12.468799991607666,12.873299980163575,YAARI.BO,2023-08-21 22:14:56.168973
8,2023-08-09 00:00:00+05:30,13.020000457763672,13.020000457763672,13.010000228881836,13.010000228881836,122795,0.0,0.0,2023-08-09,12.130000066757201,0.9912034883708101,13.121203555128012,11.13879657838639,14.112407043498822,10.147593090015581,106.98374195980584,32.59103579568812,-7005360,18061.764083953367,9539.871640067948,32.75044763595022,46.03558740014471,13.013333638509115,13.016667048136394,13.006666819254558,13.023333867390951,13.00333340962728,13.02666727701823,12.996666590372723,,-10.526323917956217,-0.10598710897887642,-0.30883279384119167,0.20284568486231525,58.38874050591331,21.111115890793513,12.486000251770019,12.130000066757201,12.48079999923706,12.877299976348876,YAARI.BO,2023-08-21 22:14:56.168973
9,2023-08-08 00:00:00+05:30,13.270000457763672,13.270000457763672,13.270000457763672,13.270000457763672,49478,0.0,0.0,2023-08-08,12.148500061035156,1.0117326875455588,13.160232748580714,11.136767373489597,14.171965436126273,10.125034685944039,176.0597948602081,51.187692403960405,-6882565,7423.098985898605,7409.398529096593,32.82113390264492,56.436675085138205,13.270000457763672,13.270000457763672,13.270000457763672,13.270000457763672,13.270000457763672,13.270000457763672,13.270000457763672,,-0.0,-0.19643768620172253,-0.3595442150567705,0.16310652885504795,61.99614778369689,21.71950878056562,12.098000144958496,12.148500061035156,12.496599998474121,12.880199975967408,YAARI.BO,2023-08-21 22:14:56.168973
10,2023-08-07 00:00:00+05:30,12.640000343322754,12.640000343322754,12.640000343322754,12.640000343322754,106095,0.0,0.0,2023-08-07,12.163000059127807,1.0305548508968847,13.193554910024691,11.132445208230923,14.224109760921577,10.101890357334037,219.35373512865226,12.966594233118105,-6932043,15161.570183089525,7405.97341489609,32.84938325552077,45.99894200902027,12.640000343322754,12.640000343322754,12.640000343322754,12.640000343322754,12.640000343322754,12.640000343322754,12.640000343322754,,-26.399993896484375,-0.3348715888814322,-0.4003208472705324,0.0654492583891002,55.86024440716538,21.864561863976324,11.654000091552735,12.163000059127807,12.512599983215331,12.885499973297119,YAARI.BO,2023-08-21 22:14:56.168973
11,2023-08-04 00:00:00+05:30,12.039999961853027,12.039999961853027,12.039999961853027,12.039999961853027,47260,0.0,0.0,2023-08-04,12.224000024795533,1.0944039752584047,13.318404000053938,11.129596049537128,14.412807975312342,10.035192074278724,253.06611737028675,-23.543478264803078,-7038138,6433.130783827377,5467.07422284773,32.91219199069683,28.430711933672853,12.039999961853027,12.039999961853027,12.039999961853027,12.039999961853027,12.039999961853027,12.039999961853027,12.039999961853027,,-56.94445410260409,-0.44498965621003883,-0.41668316186780746,-0.02830649434223137,48.50806450128257,22.95702980102655,11.32800006866455,12.224000024795533,12.543999977111817,12.903099966049194,YAARI.BO,2023-08-21 22:14:56.168973
12,2023-08-03 00:00:00+05:30,11.100000381469727,11.640000343322754,10.90999984741211,11.470000267028809,70377,0.0,0.0,2023-08-03,12.31100001335144,1.1469084364102704,13.45790844976171,11.164091576941171,14.604816886171982,10.0171831405309,19.552518900980637,-66.81402167900269,-7085398,9126.333936054809,5225.5600826028185,32.941127792209286,33.31256548889506,11.34000015258789,11.770000457763672,11.039999961853027,12.070000648498535,10.609999656677246,12.500000953674316,10.309999465942383,-0.11028432688557208,-76.89654605425422,-0.5201409373237365,-0.4096065382822496,-0.11053439904148687,39.6389105587201,24.21077403607508,11.115999984741212,12.31100001335144,12.590599975585938,12.929199962615966,YAARI.BO,2023-08-21 22:14:56.168973
13,2023-07-28 00:00:00+05:30,10.90999984741211,11.100000381469727,10.869999885559082,11.069999694824219,32819,0.0,0.0,2023-07-28,12.410500001907348,1.156389476318992,13.56688947822634,11.254110525588356,14.723278954545332,10.097721049269364,-67.28886798182317,-91.18667609159253,-7155775,4107.476908077568,4250.3666192398205,32.98554557185578,19.7163072619516,11.013333320617676,11.15666675567627,10.926666259765625,11.24333381652832,10.783332824707031,11.386667251586914,10.69666576385498,-0.1803719102323271,-90.68967104808821,-0.5523400933908,-0.3819729385218778,-0.17036715486892223,32.007507519310025,24.689593294953006,11.042000007629394,12.410500001907348,12.654199962615968,12.958499956130982,YAARI.BO,2023-08-21 22:14:56.168973
14,2023-07-26 00:00:00+05:30,11.15999984741211,11.199999809265137,11.0,11.050000190734863,30227,0.0,0.0,2023-07-26,12.535000038146972,1.138371430329904,13.673371468476876,11.396628607817068,14.81174289880678,10.258257177487163,-58.94444156783362,-92.2495779088323,-7188594,3776.239313617984,4286.089047030383,33.00670812446197,25.355079244931034,11.083333333333334,11.166666666666668,10.966666857401531,11.28333314259847,10.883333524068197,11.366666475931805,10.766667048136394,-0.25273235775606684,-92.16300837350076,-0.545801985435439,-0.3393811498046472,-0.20642083563079183,31.606040020864242,23.81133037109489,11.07800006866455,12.535000038146972,12.729799976348877,12.998799962997436,YAARI.BO,2023-08-21 22:14:56.168973
15,2023-07-24 00:00:00+05:30,11.0,11.25,11.0,11.010000228881836,46820,0.0,0.0,2023-07-24,12.677500009536743,1.120943569290638,13.798443578827381,11.556556440246105,14.91938714811802,10.435612870955467,-65.84362330263566,-98.12285610559634,-7218821,5828.018411553968,4413.551480383482,33.02625327897893,25.67061922627724,11.086666742960611,11.173333485921223,10.923333485921223,11.336666742960611,10.836666742960611,11.423333485921223,10.673333485921223,-0.17634416462290234,-93.41692583791063,-0.5271918508256785,-0.28777594089694924,-0.2394159099287293,30.847739907428746,23.04025039457955,11.097999954223633,12.677500009536743,12.801799964904784,13.046799964904785,YAARI.BO,2023-08-21 22:14:56.168973
16,2023-07-21 00:00:00+05:30,11.430000305175781,11.430000305175781,10.850000381469727,10.979999542236328,37546,0.0,0.0,2023-07-21,12.81399998664856,1.072367782918584,13.886367769567144,11.741632203729974,14.958735552485727,10.669264420811391,-77.69463270028488,-105.05388072531925,-7265641,4660.88272511804,4059.9347475908603,33.05665169000008,24.43450043955596,11.086666742960611,11.323333104451496,10.743333180745442,11.666666666666666,10.506666819254557,11.903333028157551,10.163333257039387,0.055165990314690265,-94.37501993030429,-0.4914380935924214,-0.22792196341476692,-0.2635161301776545,30.309627835781427,22.20985657371688,11.16599998474121,12.81399998664856,12.874599952697753,13.089699964523316,YAARI.BO,2023-08-21 22:14:56.168973
17,2023-07-20 00:00:00+05:30,11.5,11.5,11.100000381469727,11.100000381469727,11483,0.0,0.0,2023-07-20,12.919500017166138,0.9824645140960785,13.901964531262216,11.93703550307006,14.884429045358296,10.95457098897398,-81.91055414691125,-101.92861040188279,-7228095,1441.0549324835226,3909.697753209065,33.08112282360472,34.806718974851194,11.233333587646484,11.366666793823242,10.966667175292969,11.633333206176758,10.833333969116211,11.766666412353516,10.566667556762695,0.0864042289737977,-91.1764639884123,-0.43526180506214196,-0.1620429308703533,-0.2732188741917887,31.211738087028394,21.315586305095543,11.368000030517578,12.919500017166138,12.934399967193604,13.134899969100951,YAARI.BO,2023-08-21 22:14:56.168973
18,2023-07-19 00:00:00+05:30,10.800000190734863,11.25,10.800000190734863,11.25,21355,0.0,0.0,2023-07-19,13.028499984741211,0.8861880271516497,13.914688011892862,12.14231195758956,14.80087603904451,11.256123930437912,-113.84378144329898,-119.42988024407576,-7216612,2716.153287609295,4526.85845839045,33.08857717193874,35.93021351717333,11.100000063578287,11.399999936421711,10.950000127156574,11.549999872843424,10.65000025431315,11.849999745686848,10.500000317891438,0.03182918763965616,-86.76471000724231,-0.36856252126132816,-0.09373821232240612,-0.27482430893892207,32.32857805310954,20.647281169957363,11.645999908447266,13.028499984741211,12.992399959564208,13.176399965286254,YAARI.BO,2023-08-21 22:14:56.168973
19,2023-07-17 00:00:00+05:30,11.020000457763672,11.6899995803833,11.020000457763672,11.149999618530273,20042,0.0,0.0,2023-07-17,13.163499975204468,0.8027208649089531,13.96622084011342,12.360779110295516,14.768941705022375,11.558058245386562,-136.10236688645804,-114.44374303798297,-7237967,2526.4929345938767,4979.534751085739,33.102358857989614,36.261355423102785,11.286666552225748,11.553332646687824,10.883333524068195,11.956665674845377,10.61666742960612,12.223331769307453,10.213334401448567,0.011881226302418545,-95.91197524284962,-0.292355635170674,-0.0250321350876756,-0.2673235000829984,30.795618695545144,19.359222450922026,12.039999961853027,13.163499975204468,13.051199951171874,13.217399969100953,YAARI.BO,2023-08-21 22:14:56.168973
20,2023-07-14 00:00:00+05:30,11.390000343322754,11.670000076293945,11.260000228881836,11.350000381469727,33783,0.0,0.0,2023-07-14,13.314499998092652,0.6784538762263596,13.992953874319012,12.636046121866292,14.67140775054537,11.957592245639933,-183.56355100273873,-111.80021870862754,-7217925,4335.071521953424,5592.795205208705,33.11536827968467,40.85599435005345,11.426666895548502,11.593333562215168,11.183333714803059,11.836666742960611,11.016667048136393,12.003333409627277,10.77333386739095,0.10622436298048989,-97.08737384648622,-0.18050957472545903,0.041798739933073994,-0.222308314658533,32.14808274063991,18.206633431829648,12.460000038146973,13.314499998092652,13.112799949645996,13.257899971008301,YAARI.BO,2023-08-21 22:14:56.168973
21,2023-07-10 00:00:00+05:30,12.4399995803833,12.5,11.869999885559082,11.989999771118164,44179,0.0,0.0,2023-07-10,13.436999988555907,0.5037762829104862,13.940776271466394,12.933223705645421,14.44455255437688,12.429447422734935,-203.73084708251747,-63.151048038873185,-7184142,5988.764478965386,5907.226126022525,33.13713204346922,48.795300475356925,12.119999885559082,12.369999885559082,11.739999771118164,12.75,11.489999771118164,13.0,11.109999656677246,0.3648961807224208,-95.16129590470027,-0.0542747758884925,0.09737581859770725,-0.15165059448619975,36.972960521359894,17.22748264753333,12.869999885559082,13.436999988555907,13.174199943542481,13.3003999710083,YAARI.BO,2023-08-21 22:14:56.168973
22,2023-07-07 00:00:00+05:30,12.430000305175781,12.850000381469727,12.430000305175781,12.489999771118164,15832,0.0,0.0,2023-07-07,13.466499996185302,0.42582766430886515,13.892327660494168,13.040672331876436,14.318155324803032,12.614844667567573,-220.3735114767321,-29.177808906230485,-7139963,2235.632370819123,5886.84153778681,33.16482092481293,62.90662391973375,12.59000015258789,12.75,12.329999923706055,13.010000228881836,12.170000076293945,13.170000076293945,11.90999984741211,-0.01658475145670278,-96.87502793967613,0.04513612176146786,0.1352884672192572,-0.09015234545778933,41.490305045077434,16.914517684761172,13.184000015258789,13.466499996185302,13.230199947357178,13.344999980926513,YAARI.BO,2023-08-21 22:14:56.168973
23,2023-06-30 00:00:00+05:30,13.25,13.300000190734863,13.0,13.220000267028809,48120,0.0,0.0,2023-06-30,13.490999984741212,0.3781102462089554,13.869110230950167,13.112889738532257,14.247220477159122,12.734779492323302,-137.4349727052541,13.794765449248535,-7124131,7192.158674936722,6799.643829528731,33.17452645838016,60.62350578572835,13.173333485921225,13.346666971842449,13.046666781107586,13.473333676656088,12.873333295186361,13.646667162577312,12.746666590372723,0.05044657572361133,-66.86389096740918,0.12248589039268154,0.1578265535837045,-0.03534066319102297,49.727146308715106,17.395086777889397,13.34600009918213,13.490999984741212,13.272799949645997,13.390599975585937,YAARI.BO,2023-08-21 22:14:56.168973
24,2023-06-28 00:00:00+05:30,13.449999809265137,13.680000305175781,12.760000228881836,13.25,32913,0.0,0.0,2023-06-28,13.419999980926514,0.5331929271143822,13.953192908040895,12.886807053812133,14.486385835155279,12.35361412669775,-128.32349724815768,14.537315559910718,-7076011,4930.4382707349205,6701.515118176732,33.203038545694604,60.15161761287582,13.230000178019205,13.700000127156574,12.780000050862629,14.15000025431315,12.31000010172526,14.62000020345052,11.859999974568684,0.10030520992909332,-65.08875939989639,0.14776719850670794,0.16666171938146027,-0.018894520874752324,50.106744352458755,18.548253392716397,13.378000068664551,13.419999980926514,13.284799938201905,13.41839997291565,YAARI.BO,2023-08-21 22:14:56.168973
25,2023-06-27 00:00:00+05:30,13.5,13.699999809265137,13.350000381469727,13.399999618530273,70771,0.0,0.0,2023-06-27,13.29399995803833,0.8043068772896482,14.098306835327978,12.489693080748683,14.902613712617628,11.685386203459034,-45.871606991657856,30.480640932825064,-7043098,10721.666542938792,7144.284330037185,33.22255779584526,67.58581488428587,13.483333269755045,13.616666158040363,13.266666730244953,13.833332697550455,13.133333841959635,13.966665585835774,12.916667302449543,0.10755677015775224,-56.21304513191738,0.17494151779179568,0.17138534960014834,0.0035561681916473353,51.94787029275984,19.79012513176086,13.44000015258789,13.29399995803833,13.307199935913086,13.45339997291565,YAARI.BO,2023-08-21 22:14:56.168973
26,2023-06-26 00:00:00+05:30,13.069999694824219,13.680000305175781,13.069999694824219,13.5600004196167,47981,0.0,0.0,2023-06-26,13.166999959945679,0.9701281264523164,14.137128086397995,12.196871833493363,15.107256212850311,11.226743707041047,-68.20625971569478,24.63822266633009,-6972327,7355.82139719406,6249.938776811783,33.2643423864439,68.55463155977353,13.4366668065389,13.803333918253582,13.19333330790202,14.046667416890463,12.826666196187338,14.413334528605144,12.583332697550457,0.12716425124485442,-46.745545100880655,0.1923095623577229,0.1704963075522365,0.021813254805486404,53.90987327159905,19.944333796587355,13.532000160217285,13.166999959945679,13.32919994354248,13.494899969100953,YAARI.BO,2023-08-21 22:14:56.168973
27,2023-06-23 00:00:00+05:30,13.079999923706055,13.989999771118164,13.079999923706055,13.300000190734863,21718,0.0,0.0,2023-06-23,13.040999937057496,1.0744394516057811,14.115439388663276,11.966560485451716,15.189878840269058,10.892121033845934,-34.26099239331307,24.82770053132301,-7020308,3265.680204730865,5973.468121716213,33.29254266864866,83.58800100858342,13.456666628519693,13.833333333333332,12.923333485921223,14.366666475931803,12.546666781107584,14.743333180745442,12.013333638509113,0.10739615013298114,-46.25550568255339,0.195874486545625,0.16504299385086485,0.030831492694760154,51.12444282635678,20.140446606183723,13.576000022888184,13.040999937057496,13.362999935150146,13.53979995727539,YAARI.BO,2023-08-21 22:14:56.168973
28,2023-06-22 00:00:00+05:30,13.300000190734863,13.640000343322754,13.010000228881836,13.380000114440918,20110,0.0,0.0,2023-06-22,12.941999912261963,1.1386215852221762,14.080621497484138,11.803378327039788,15.219243082706315,10.66475674181761,-77.92362613342016,15.284692076330325,-6998590,3042.0781411542425,6650.41510096255,33.305502265967355,90.48802737556208,13.34333356221517,13.676666895548504,13.046666781107586,13.973333676656088,12.713333447774252,14.306667009989422,12.416666666666668,0.11126194502163951,-42.731280679318466,0.22307695768295588,0.1573351206771748,0.06574183700578107,52.02271802835917,20.331683516678236,13.607999992370605,12.941999912261963,13.391799926757812,13.590299959182738,YAARI.BO,2023-08-21 22:14:56.168973
29,2023-06-21 00:00:00+05:30,14.0,14.0,13.5,13.5600004196167,19805,0.0,0.0,2023-06-21,12.84099988937378,1.1863163621598698,14.02731625153365,11.65468352721391,15.21363261369352,10.46836716505404,28.69357672123865,37.18142506228801,-6978480,3036.2444044815315,7552.499340914626,33.31746927862555,92.28373178968879,13.6866668065389,13.8733336130778,13.3733336130778,14.1866668065389,13.1866668065389,14.3733336130778,12.8733336130778,0.10272326362487903,-34.801753416001894,0.24664562964253456,0.14089966142572952,0.10574596821680504,54.005223644666906,21.02789948855714,13.644000053405762,12.84099988937378,13.441599922180176,13.641499958038331,YAARI.BO,2023-08-21 22:14:56.168973
30,2023-06-20 00:00:00+05:30,14.180000305175781,14.199999809265137,13.399999618530273,13.859999656677246,48724,0.0,0.0,2023-06-20,12.737499856948853,1.2103409292260134,13.947840786174867,11.527158927722839,15.158181715400879,10.316817998496827,66.14466903434187,44.917155968844185,-6958675,7634.987524839743,8681.5630750229,33.32916232062522,93.9026405215102,13.819999694824219,14.239999771118164,13.4399995803833,14.619999885559082,13.019999504089355,15.039999961853027,12.639999389648438,0.10697553389046387,-13.10162111852716,0.25535631399555214,0.11446316937152826,0.14089314462402389,57.38993125647965,20.82000423926215,13.711999893188477,12.737499856948853,13.456599922180176,13.694899950027466,YAARI.BO,2023-08-21 22:14:56.168973
31,2023-06-19 00:00:00+05:30,13.460000038146973,13.850000381469727,13.25,13.779999732971191,17041,0.0,0.0,2023-06-19,12.615999889373779,1.2136912502842774,13.829691139658056,11.402308639089501,15.043382389942334,10.188617388805223,18.369457310188615,29.882831429634425,-7007399,2654.889582268425,8943.206962568687,33.35755094593336,91.86618681440673,13.626666704813639,14.003333409627277,13.403333028157551,14.226667086283365,13.026666323343912,14.603333791097004,12.803332646687824,0.09116818443045778,-13.734953491722912,0.23309421510071715,0.07923988321552228,0.15385433188519487,56.71823268606592,20.596117047713705,13.68799991607666,12.615999889373779,13.417999935150146,13.747799949645996,YAARI.BO,2023-08-21 22:14:56.168973
32,2023-06-16 00:00:00+05:30,13.800000190734863,13.800000190734863,13.149999618530273,13.460000038146973,13537,0.0,0.0,2023-06-16,12.50399990081787,1.2039383361704148,13.707938236988285,11.300061564647455,14.9118765731587,10.09612322847704,-10.394472729323383,16.834510954836492,-7024440,2060.0116088530485,10515.286307643753,33.36754010975837,90.16018979124054,13.46999994913737,13.790000279744465,13.139999707539875,14.120000521341959,12.81999937693278,14.440000851949055,12.489999135335285,0.07084183863193806,-21.44578844840887,0.20893903225791277,0.04077630024422356,0.1681627320136892,54.026413512086144,20.78916954324395,13.55,12.50399990081787,13.342199935913087,13.797499952316285,YAARI.BO,2023-08-21 22:14:56.168973
33,2023-06-15 00:00:00+05:30,13.880000114440918,14.350000381469727,13.5,13.5600004196167,22081,0.0,0.0,2023-06-15,12.447999906539916,1.1829962516374866,13.630996158177403,11.26500365490243,14.81399240981489,10.082007403264942,74.79512876777191,36.77510077260879,-7010903,3385.1710525300014,12629.104982341429,33.37561230731263,89.10914902058249,13.803333600362143,14.106667200724285,13.256666819254558,14.653333981831869,12.953333218892416,14.956667582194012,12.406666437784832,0.07060818148693869,-19.036141034394088,0.20636245701371436,-0.001264382759198747,0.2076268397729131,55.01935051179938,21.059540685437327,13.513999938964844,12.447999906539916,13.28419994354248,13.85089994430542,YAARI.BO,2023-08-21 22:14:56.168973
34,2023-06-14 00:00:00+05:30,14.0,14.0,13.220000267028809,13.899999618530273,41186,0.0,0.0,2023-06-14,12.391499900817871,1.153713827693508,13.54521372851138,11.237786073124363,14.698927556204888,10.084072245430855,67.77777433042165,30.00775681155883,-6988822,6472.418361119743,14940.088464794284,33.38872721751535,88.3176162357264,13.706666628519693,14.193332990010578,13.413333257039387,14.486666361490885,12.926666895548502,14.97333272298177,12.633333524068195,0.05135842340562218,-9.75611060946296,0.19008843360913907,-0.05317109270242702,0.2432595263115661,58.408459551534314,20.729341705217678,13.591999816894532,12.391499900817871,13.202399940490723,13.907799940109253,YAARI.BO,2023-08-21 22:14:56.168973
35,2023-06-13 00:00:00+05:30,13.0,13.739999771118164,13.0,13.739999771118164,107276,0.0,0.0,2023-06-13,12.330999898910523,1.1009656523099534,13.431965551220477,11.23003424660057,14.53293120353043,10.129068594290617,51.835282889205914,14.537297323095471,-7030008,16664.46881065455,17057.005990712918,33.412815656739255,86.88712696146231,13.493333180745443,13.986666361490887,13.246666590372723,14.233332951863607,12.75333340962728,14.72666613260905,12.506666819254558,0.032299417163184026,-13.658545549109338,0.1328878547571115,-0.11398597428031854,0.24687382903743005,57.25797291107301,20.766102032119978,13.645999908447266,12.330999898910523,13.129199943542481,13.965299940109253,YAARI.BO,2023-08-21 22:14:56.168973
36,2023-06-12 00:00:00+05:30,12.65999984741211,13.5,12.65999984741211,13.09000015258789,35684,0.0,0.0,2023-06-12,12.282499933242798,1.056079589832532,13.33857952307533,11.226420343410267,14.394659112907862,10.170340753577735,30.208477196617316,-13.362427431684203,-7137284,5280.990181585634,17155.14028572751,33.47635534700158,84.49617474382453,13.083333333333334,13.506666819254558,12.666666666666668,13.923333485921225,12.243333180745443,14.346666971842449,11.826666514078777,-0.03500289242106978,-29.512193306509502,0.07339788870294761,-0.17570443153967602,0.24910232024262363,52.27829547039192,21.10913347477694,13.657999992370605,12.282499933242798,13.085199947357177,14.024899950027466,YAARI.BO,2023-08-21 22:14:56.168973
37,2023-06-09 00:00:00+05:30,13.279999732971191,13.890000343322754,13.260000228881836,13.279999732971191,51328,0.0,0.0,2023-06-09,12.28799991607666,1.060782291349949,13.34878220742661,11.227217624726713,14.40956449877656,10.166435333376763,61.08234045218518,7.589912222169853,-7101600,7706.453926649816,20123.677811762976,33.49828117237436,84.33094397374686,13.476666768391928,13.69333330790202,13.063333193461101,14.106666882832846,12.84666665395101,14.323333422342937,12.433333079020183,-0.03785789168786801,-24.878057630766182,0.06013572961456504,-0.23798001160033191,0.2981157412148969,53.985472524838485,21.76359684911023,13.555999946594238,12.28799991607666,13.058599948883057,14.088499956130981,YAARI.BO,2023-08-21 22:14:56.168973
38,2023-06-08 00:00:00+05:30,14.0,14.300000190734863,13.5,13.949999809265137,57198,0.0,0.0,2023-06-08,12.291499948501587,1.0643371713104164,13.355837119812003,11.22716277719117,14.42017429112242,10.162825605880753,99.08113713700412,30.787934712107514,-7050272,9021.052759982087,23227.983783041265,33.52960781104033,85.49336111879825,13.916666666666666,14.333333333333332,13.533333142598469,14.71666685740153,13.116666475931803,15.133333524068195,12.733332951863606,-0.021575675301306045,-8.536593875736713,0.02353291984071504,-0.3125089469040562,0.3360418667447712,60.44921974202247,21.476147391031397,13.495999908447265,12.291499948501587,13.032799949645996,14.145199966430663,YAARI.BO,2023-08-21 22:14:56.168973
39,2023-06-07 00:00:00+05:30,13.5,14.300000190734863,13.109999656677246,14.170000076293945,86164,0.0,0.0,2023-06-07,12.283999967575074,1.052497902706131,13.336497870281205,11.231502064868943,14.388995772987336,10.179004162162812,125.6845227563861,24.321498274964913,-6993074,13803.775338604531,26779.71653880606,33.563472770680356,83.93855320223837,13.859999974568685,14.610000292460125,13.419999758402508,15.050000508626303,12.669999440511068,15.800000826517742,12.22999922434489,-0.02974897112775257,-3.170734203549436,-0.08967118382052419,-0.39651941359024895,0.30684822976972476,62.73962630317842,20.737559184780515,13.065999984741211,12.283999967575074,12.995799961090087,14.197199964523316,YAARI.BO,2023-08-21 22:14:56.168973
40,2023-06-06 00:00:00+05:30,12.989999771118164,13.829999923706055,12.079999923706055,13.800000190734863,307620,0.0,0.0,2023-06-06,12.278999948501587,1.0432636917675073,13.322263640269094,11.23573625673408,14.365527332036603,10.192472564966572,130.54633339521578,-10.571770189579379,-7079238,47994.982534120085,30023.70183885644,33.614134521401795,83.62513711380517,13.236666679382324,14.393333435058594,12.643333435058594,14.986666679382324,11.486666679382324,16.143333435058594,10.893333435058594,-0.07284247458952743,-11.54791626881427,-0.254914779445393,-0.4732314710326801,0.21831669158728711,60.39618968856961,19.94215650112572,12.377999877929687,12.278999948501587,12.944599952697754,14.245999956130982,YAARI.BO,2023-08-21 22:14:56.168973
41,2023-06-05 00:00:00+05:30,13.850000381469727,14.270000457763672,12.279999732971191,12.579999923706055,659592,0.0,0.0,2023-06-05,12.299499940872192,1.0781684785891088,13.377668419461301,11.221331462283082,14.455836898050409,10.143162983693975,184.24579677162498,-18.38594985230548,-7386858,93811.95699229505,25530.881665040528,33.800668448206416,77.95417365988604,13.043333371480307,13.806667009989422,11.816666285196941,15.033334096272787,11.053332646687826,15.796667734781902,9.82666556040446,-0.3102988561125584,-41.52334802897576,-0.4261749278502709,-0.5278106439295018,0.10163571607923094,50.95102959216775,19.515693725915064,11.789999771118165,12.299499940872192,12.916999950408936,14.300499954223632,YAARI.BO,2023-08-21 22:14:56.168973
42,2023-06-02 00:00:00+05:30,12.329999923706055,12.979999542236328,12.329999923706055,12.979999542236328,108999,0.0,0.0,2023-06-02,12.388999938964844,1.172818981044051,13.561818920008895,11.216180957920793,14.734637901052945,10.043361976876742,247.06831702289696,-27.96904952381887,-6727266,15995.557025650467,8460.612833226896,34.237846976783985,47.78872133876805,12.763333002726236,13.196666081746418,12.546666463216145,13.41333262125651,12.113333384195963,13.846665700276692,11.896666844685871,0.01730283683933467,-24.864868208646424,-0.5188310774968592,-0.5532195729493096,0.034388495452450374,54.94015519737676,18.736736740887945,11.481999778747559,12.388999938964844,12.90999994277954,14.367699947357178,YAARI.BO,2023-08-21 22:14:56.168973
43,2023-06-01 00:00:00+05:30,10.609999656677246,11.800000190734863,10.609999656677246,11.800000190734863,120335,0.0,0.0,2023-06-01,12.47249994277954,1.272336782849279,13.74483672562882,11.200163159930261,15.017173508478098,9.927826377080983,0.42864238622413314,-90.84479827433083,-6836265,16053.73738772412,6576.876785121001,34.310465470852634,34.373024868835245,11.40333334604899,12.196667035420734,11.006666501363117,12.593333880106607,10.213332811991373,13.386667569478352,9.8166659673055,-0.151525789763323,-56.75674421757591,-0.6689918515587774,-0.5618166968124222,-0.1071751547463552,42.637813821585794,19.23704539962652,11.149999809265136,12.47249994277954,12.905599956512452,14.436899948120118,YAARI.BO,2023-08-21 22:14:56.168973
44,2023-05-31 00:00:00+05:30,10.699999809265137,10.949999809265137,10.199999809265137,10.729999542236328,40266,0.0,0.0,2023-05-31,12.624999952316283,1.366769226509452,13.991769178825736,11.25823072580683,15.358538405335187,9.89146149929738,-133.70071548152782,-122.53580125135838,-6956600,4884.7278289959795,4207.661634470221,34.39568180505995,15.05095670414235,10.626666386922201,11.053332964579266,10.303332964579266,11.376666386922201,9.876666386922201,11.803332964579266,9.553332964579266,-0.39316885781103506,-86.41026525102293,-0.7348948481029272,-0.5350229081258333,-0.19987193997709385,25.514546552021372,19.861259862090293,11.061999702453614,12.624999952316283,12.927199954986571,14.518399953842163,YAARI.BO,2023-08-21 22:14:56.168973
45,2023-05-30 00:00:00+05:30,11.199999809265137,11.350000381469727,10.699999809265137,10.859999656677246,35200,0.0,0.0,2023-05-30,12.820999956130981,1.361778661128393,14.182778617259373,11.459221295002589,15.544557278387767,10.097442633874195,-97.96153801125259,-106.12941843208021,-6916334,4321.8993906662445,4038.3950858387802,34.42569791560619,15.706127702376335,10.96999994913737,11.240000089009602,10.589999516805012,11.620000521341959,10.31999937693278,11.890000661214192,9.939998944600422,-0.4163621252628163,-95.55556026505785,-0.7027570321125829,-0.48505492313155973,-0.21770210898102316,26.40375064825689,18.682598977567004,11.21399974822998,12.820999956130981,12.973399963378906,14.606599950790406,YAARI.BO,2023-08-21 22:14:56.168973
46,2023-05-26 00:00:00+05:30,11.149999618530273,11.489999771118164,10.75,11.039999961853027,39723,0.0,0.0,2023-05-26,13.010499954223633,1.3380247405714587,14.348524694795092,11.672475213652174,15.686549435366551,10.334450473080715,-93.98715831413575,-102.57272241845844,-6881134,4958.077259644306,3967.519009631914,34.45185574310194,16.41804284918335,11.09333324432373,11.436666488647461,10.696666717529297,11.833333015441895,10.353333473205566,12.176666259765625,9.956666946411133,-0.3891699419253426,-92.26666768391927,-0.663766096666663,-0.4306293958863039,-0.23313670078035909,27.64235651768641,18.082071148860546,11.327999877929688,13.010499954223633,13.035799961090088,14.694499950408936,YAARI.BO,2023-08-21 22:14:56.168973
47,2023-05-25 00:00:00+05:30,11.369999885559082,11.550000190734863,11.210000038146973,11.319999694824219,13933,0.0,0.0,2023-05-25,13.156999969482422,1.2695714043095379,14.42657137379196,11.887428565172884,15.696142778101498,10.617857160863347,-82.42485697800967,-92.2959877403201,-6841411,1783.1719750118132,3719.8794471288156,34.48121877686532,17.26933407419432,11.359999974568685,11.509999910990398,11.169999758402508,11.700000127156576,11.019999821980795,11.850000063578289,10.829999605814617,-0.39312872620953143,-96.89266503212994,-0.6215161245726577,-0.3723452206912142,-0.24917090388144353,29.651520193363865,17.506670726592226,11.427999877929688,13.156999969482422,13.09899995803833,14.783099946975709,YAARI.BO,2023-08-21 22:14:56.168973
48,2023-05-24 00:00:00+05:30,11.470000267028809,11.649999618530273,11.260000228881836,11.359999656677246,24267,0.0,0.0,2023-05-24,13.29099998474121,1.2052817627064083,14.496281747447618,12.085718222034803,15.701563510154028,10.880436459328394,-95.2051598794408,-91.46097949135932,-6827478,3116.7113756928775,4204.056315158065,34.49141220322876,16.07432883879359,11.423333168029785,11.586666107177734,11.196666717529297,11.813332557678223,11.033333778381348,11.976665496826172,10.80666732788086,-0.40448463399566315,-97.0270361527642,-0.5855821775695773,-0.3100524947208533,-0.27552968284872403,29.94019719568422,17.578491153817215,11.631999969482422,13.29099998474121,13.155199966430665,14.869899950027467,YAARI.BO,2023-08-21 22:14:56.168973
49,2023-05-23 00:00:00+05:30,11.390000343322754,11.760000228881836,11.3100004196167,11.489999771118164,30308,0.0,0.0,2023-05-23,13.432499980926513,1.1304487104060066,14.56294869133252,12.302051270520506,15.693397401738526,11.1716025601145,-109.23709874597965,-88.30434022500856,-6803211,3937.1274740328868,4475.892550024362,34.50915677041951,16.12115620589735,11.520000139872232,11.729999860127766,11.280000050862629,11.96999994913737,11.070000330607096,12.179999669392902,10.830000241597492,-0.40855107793553025,-93.60000610351562,-0.5346427692773741,-0.24117007400867224,-0.29347269526870184,30.846492411799062,17.735022487210212,11.84600009918213,13.432499980926513,13.189799976348876,14.923299961090088,YAARI.BO,2023-08-21 22:14:56.168973
50,2023-05-22 00:00:00+05:30,11.5,11.989999771118164,11.25,11.430000305175781,43895,0.0,0.0,2023-05-22,13.569499969482422,1.0454837711295757,14.614983740611997,12.524016198352847,15.660467511741572,11.478532427223271,-137.50684440352282,-87.57771565514514,-6833519,5672.355915278093,4610.58381902223,34.53123225018796,20.41638093689707,11.556666692097982,11.863333384195965,11.1233336130778,12.296666463216146,10.816666920979818,12.603333155314129,10.383333841959637,-0.4198183763193579,-95.3246678612778,-0.47412728403339877,-0.16780190019149674,-0.306325383841902,29.937577146286927,17.978894866338777,12.086000061035156,13.569499969482422,13.218399982452393,14.991399955749511,YAARI.BO,2023-08-21 22:14:56.168973
51,2023-05-19 00:00:00+05:30,12.0,12.1899995803833,11.40999984741211,11.539999961853027,35065,0.0,0.0,2023-05-19,13.71899995803833,0.9309467926670715,14.649946750705402,12.788053165371258,15.580893543372472,11.857106372704187,-147.352511884899,-83.198354498784,-6789624,4574.902347358624,4345.140794958264,34.56336273456216,31.434436986833774,11.713333129882812,12.016666412353516,11.236666679382324,12.493332862854004,10.933333396911621,12.796666145324707,10.456666946411133,-0.4111657733791037,-96.4769621781608,-0.3835563398549926,-0.09122055423102123,-0.2923357856239714,30.622766100206988,18.241526659246464,12.354000091552734,13.71899995803833,13.248999977111817,15.073599948883057,YAARI.BO,2023-08-21 22:14:56.168973
52,2023-05-17 00:00:00+05:30,12.539999961853027,12.600000381469727,12.100000381469727,12.34000015258789,18248,0.0,0.0,2023-05-17,13.88149995803833,0.8058160855065443,14.687316043544874,13.075683872531785,15.493132129051418,12.269867787025241,-117.08088039152126,-51.9573728622281,-6754559,2545.8488474136566,4287.700406858175,34.588971726171074,36.40338309041178,12.346666971842447,12.593333562215168,12.093333562215168,12.846666971842447,11.846666971842447,13.093333562215168,11.593333562215168,-0.3415518908675097,-92.00000762939453,-0.2726199253924424,-0.018136607825028364,-0.25448331756741405,36.22123965839968,18.74147858649321,12.686000061035156,13.88149995803833,13.2803999710083,15.156699953079224,YAARI.BO,2023-08-21 22:14:56.168973
53,2023-05-16 00:00:00+05:30,13.899999618530273,13.899999618530273,12.300000190734863,12.430000305175781,63290,0.0,0.0,2023-05-16,13.99549994468689,0.7343702014647363,14.729870146151626,13.261129743222153,15.464240347616363,12.526759541757416,-86.18920855164751,-24.93962547473433,-6736311,8894.231164020513,4723.163296719304,34.60185797624252,36.68868966608624,12.876666704813639,13.453333218892414,11.853333791097004,14.476666132609049,11.276667277018229,15.053332646687824,10.253334363301594,-0.25167421433604037,-95.35713908623701,-0.20524499042727307,0.04548422156682515,-0.2507292119940982,36.92646976387302,20.051267727374615,12.888000106811523,13.99549994468689,13.282599964141845,15.235799951553345,YAARI.BO,2023-08-21 22:14:56.168973
54,2023-05-15 00:00:00+05:30,12.850000381469727,13.079999923706055,12.489999771118164,12.6899995803833,20574,0.0,0.0,2023-05-15,14.064999914169311,0.6378458221734825,14.702845736342793,13.42715409199583,15.340691558516276,12.789308269822346,-121.26093595495618,-31.54241388010618,-6673021,2951.7700438088555,3680.3963298940016,34.64648642659803,22.399071751656194,12.75333309173584,13.016666412353516,12.426666259765625,13.34333324432373,12.16333293914795,13.606666564941406,11.836666107177734,-0.2013443748240362,-92.33717385076791,-0.12473853583389705,0.1081665245653497,-0.23290506039924674,38.96139366249725,21.12699377963091,13.16200008392334,14.064999914169311,13.284999961853027,15.311499948501586,YAARI.BO,2023-08-21 22:14:56.168973
55,2023-05-12 00:00:00+05:30,13.25,13.25,12.609999656677246,12.770000457763672,36073,0.0,0.0,2023-05-12,14.1489999294281,0.5520954140357018,14.701095343463802,13.5969045153924,15.253190757499505,13.044809101356696,-147.0250012250107,-26.05665665645662,-6652447,5208.052486225254,3862.552901415288,34.660862506547744,28.243197616503096,12.876666704813639,13.143333752950031,12.503333409627277,13.516667048136393,12.236666361490885,13.783334096272785,11.863333066304524,-0.22804639133519577,-93.57426688702027,-0.04538188946836108,0.16639278966516138,-0.21177467913352246,39.58465356304551,21.812536756344088,13.438000106811524,14.1489999294281,13.286199970245361,15.398599948883056,YAARI.BO,2023-08-21 22:14:56.168973
56,2023-05-11 00:00:00+05:30,13.800000190734863,13.800000190734863,12.789999961853027,13.199999809265137,20083,0.0,0.0,2023-05-11,14.235499906539918,0.4509226893516105,14.686422595891528,13.784577217188307,15.13734528524314,13.333654527836696,-153.79709219151556,-6.846240783577681,-6616374,2997.123858857748,3526.1780052127956,34.686022056801036,31.001877756155935,13.263333320617676,13.736666679382324,12.726666450500488,14.273333549499512,12.25333309173584,14.74666690826416,11.716666221618652,-0.2639016888726431,-82.25109208074771,0.04902739544654189,0.219336459448542,-0.1703090640020001,43.01938414328777,22.734256071042743,13.726000022888183,14.235499906539918,13.281799964904785,15.493899936676025,YAARI.BO,2023-08-21 22:14:56.168973
57,2023-05-10 00:00:00+05:30,14.100000381469727,14.100000381469727,13.149999618530273,13.350000381469727,31318,0.0,0.0,2023-05-10,14.33799991607666,0.4358970854361921,14.773897001512852,13.902102830640468,15.209794086949044,13.466205745204276,-153.30662280145998,6.070994248069447,-6596291,4726.911547453454,3658.441541801557,34.69977894900885,31.58010114803203,13.533333460489908,13.916667302449543,12.96666653951009,14.483334223429361,12.583332697550455,14.866668065388996,12.016665776570637,-0.2050565980251478,-89.7435546313341,0.12680862870568355,0.261913725449042,-0.13510509674335847,44.263467207694625,23.99964871001906,13.960000038146973,14.33799991607666,13.277799968719483,15.595399942398071,YAARI.BO,2023-08-21 22:14:56.168973
58,2023-05-09 00:00:00+05:30,13.600000381469727,14.300000190734863,13.600000381469727,13.800000190734863,14534,0.0,0.0,2023-05-09,14.407499885559082,0.3768969565064278,14.78439684206551,14.030602929052653,15.161293798571938,13.653705972546225,-113.08033232565099,25.07727738467422,-6564973,2267.5998834630423,3391.3240403885825,34.721117108710644,49.89884924521907,13.90000025431315,14.200000127156574,13.500000317891438,14.600000063578287,13.200000445048014,14.899999936421711,12.800000508626301,-0.2713774739829693,-87.50000745058327,0.20969805086268245,0.29568999963488163,-0.08599194877219918,48.14179041005001,25.76119343083338,14.219999885559082,14.407499885559082,13.273799953460694,15.698399934768677,YAARI.BO,2023-08-21 22:14:56.168973
59,2023-05-08 00:00:00+05:30,13.800000190734863,14.5,13.800000190734863,14.069999694824219,11410,0.0,0.0,2023-05-08,14.510999870300292,0.47320744503042933,14.984207315330721,14.037792425269863,15.45741476036115,13.564584980239434,-83.63636819018083,37.98416820552392,-6550439,1815.022069609407,3672.2550796199675,34.73082536141508,60.69030239727406,14.123333295186361,14.44666639963786,13.746666590372723,14.823333104451498,13.423333485921225,15.146666208902996,13.046666781107586,-0.03289698751898331,-75.83894550486502,0.2683262230017789,0.31718798682793137,-0.04886176382615248,50.61250732429502,26.875449893442404,14.429999923706054,14.510999870300292,13.263799953460694,15.795399932861327,YAARI.BO,2023-08-21 22:14:56.168973
60,2023-05-05 00:00:00+05:30,14.359999656677246,14.75,14.109999656677246,14.210000038146973,13650,0.0,0.0,2023-05-05,14.522999906539917,0.46439661144001815,14.987396517979935,14.0586032950999,15.451793129419954,13.59420668365988,-18.892528245743854,51.98236142736946,-6539029,2192.95090122172,4136.563332122607,34.73835480023928,57.28086750700418,14.356666564941406,14.603333473205566,13.963333129882812,14.99666690826416,13.716666221618652,15.24333381652832,13.323332786560059,0.22316963164365902,-65.99998474121094,0.31273164036800516,0.3294034277844695,-0.016671787416464356,51.89485152613656,27.70443389453967,14.545999908447266,14.522999906539917,13.258399963378906,15.883199939727783,YAARI.BO,2023-08-21 22:14:56.168973
61,2023-05-04 00:00:00+05:30,14.449999809265137,14.949999809265137,14.199999809265137,14.369999885559082,35095,0.0,0.0,2023-05-04,14.408999919891357,0.7420944087181999,15.151094328609558,13.666905511173157,15.893188737327756,12.924811102454958,23.778886039578733,62.29224706582126,-6525379,5701.697720564119,4622.466439847828,34.747308560671506,49.921609594512944,14.506666501363119,14.813333193461101,14.063333193461101,15.256666501363119,13.756666501363119,15.563333193461101,13.313333193461101,0.2776884492017638,-55.33332824707031,0.35105775999649147,0.33357137463858555,0.01748638535790592,53.32873990643251,28.003028118294704,14.633999824523926,14.408999919891357,13.262199954986572,15.983099946975708,YAARI.BO,2023-08-21 22:14:56.168973
62,2023-05-03 00:00:00+05:30,15.0,15.0,14.449999809265137,14.649999618530273,17856,0.0,0.0,2023-05-03,14.189999914169311,1.236084637274609,15.426084551443921,12.953915276894701,16.66216918871853,11.717830639620093,68.77997609950988,75.68169961835113,-6490284,2957.4946547657873,4352.658619668755,34.770185506312735,48.14750317057727,14.699999809265137,14.949999809265137,14.399999618530273,15.25,14.149999618530273,15.5,13.84999942779541,0.22987640140321502,-47.222238411136374,0.37905018939697577,0.32919977829910907,0.0498504110978667,55.8357542823998,28.15063788515093,14.553999900817871,14.189999914169311,13.267799949645996,16.10389995574951,YAARI.BO,2023-08-21 22:14:56.168973
63,2023-05-02 00:00:00+05:30,14.5,15.100000381469727,14.5,14.850000381469727,12369,0.0,0.0,2023-05-02,13.985499954223632,1.471824705482493,15.457324659706126,12.513675248741139,16.929149365188618,11.041850543258647,120.62508586794749,85.7912424051968,-6472428,2076.649644497804,4701.449610894496,34.78168477644854,58.845512103302106,14.816666920979818,15.133333841959637,14.53333346048991,15.416667302449545,14.216666539510092,15.733334223429363,13.933333079020183,0.199548333090766,-41.326502560080264,0.38157006561866247,0.31673717552464237,0.0648328900940201,57.63277171353006,27.830133166408995,14.423999977111816,13.985499954223632,13.262799949645997,16.22239995956421,YAARI.BO,2023-08-21 22:14:56.168973
64,2023-04-28 00:00:00+05:30,14.600000381469727,15.0,14.199999809265137,14.649999618530273,37842,0.0,0.0,2023-04-28,13.716499948501587,1.7674579974832476,15.483957945984836,11.949041951018339,17.251415943468082,10.181583953535092,83.80408900951525,79.4206048586744,-6484797,6267.781850674671,5357.64960249367,34.789578913720284,42.76318396625063,14.616666475931803,15.033333142598469,14.233332951863606,15.416666666666666,13.81666628519694,15.833333333333332,13.433332761128742,0.15503247194488526,-58.69566389202749,0.35931786131574484,0.30052895300113736,0.05878890831460748,56.32761665023912,27.39066174444916,14.291999816894531,13.716499948501587,13.267799949645996,16.29489995956421,YAARI.BO,2023-08-21 22:14:56.168973
65,2023-04-27 00:00:00+05:30,14.800000190734863,14.800000190734863,13.920000076293945,14.649999618530273,10410,0.0,0.0,2023-04-27,13.495999956130982,1.9138893247600166,15.409889280890999,11.582110631370965,17.323778605651015,9.668221306610949,37.06096850760749,74.82374437092273,-6446955,1724.2114334740056,5130.116540448418,34.81401193190066,65.23011339319746,14.456666628519693,14.993333180745442,14.113333066304524,15.336666742960611,13.576666514078775,15.87333329518636,13.233332951863606,0.10662390069224464,-67.79661455294169,0.34508113153080444,0.28583172592248546,0.059249405608318984,56.32761665023912,27.006895712994982,14.207999801635742,13.495999956130982,13.291799964904785,16.38639995574951,YAARI.BO,2023-08-21 22:14:56.168973
66,2023-04-26 00:00:00+05:30,13.800000190734863,14.149999618530273,13.800000190734863,13.970000267028809,13522,0.0,0.0,2023-04-26,13.340499973297119,1.9413382587758157,15.281838232072934,11.399161714521304,17.22317649084875,9.457823455745487,-113.68122223830356,50.95332890680447,-6457365,2135.696440117488,5981.59281719202,34.82074364022165,73.62075910939976,13.973333358764648,14.146666526794434,13.796667098999023,14.323332786560059,13.623333930969238,14.496665954589844,13.446667671203613,0.07515481763352572,-55.48652989305026,0.32162530125265043,0.2710193745204057,0.05060592673224473,51.9919522809598,26.768438737939036,14.161999893188476,13.340499973297119,13.304799976348876,16.493399963378906,YAARI.BO,2023-08-21 22:14:56.168973
67,2023-04-25 00:00:00+05:30,14.25,14.25,13.989999771118164,14.0,9646,0.0,0.0,2023-04-25,13.22999997138977,1.9663564258828603,15.19635639727263,11.263643545506909,17.16271282315549,9.297287119624048,-101.91760151856394,59.62433697667596,-6443843,1526.7835461772027,6943.066911460653,34.82978947088657,75.84925467657195,14.079999923706055,14.170000076293945,13.90999984741211,14.34000015258789,13.819999694824219,14.430000305175781,13.649999618530273,0.06410560987835963,-44.16666030883789,0.3536912531466321,0.25836789283734446,0.09532336030928762,52.20426813854149,27.11854424445462,14.32599983215332,13.22999997138977,13.3353999710083,16.616199960708617,YAARI.BO,2023-08-21 22:14:56.168973
68,2023-04-24 00:00:00+05:30,14.0600004196167,14.84000015258789,14.0600004196167,14.1899995803833,15261,0.0,0.0,2023-04-24,13.12949995994568,1.976270939304017,15.105770899249697,11.153229020641662,17.082041838553714,9.176958081337645,-53.1211369699003,78.83514019583363,-6434197,2448.316462045205,8297.137752781515,34.83623787941184,72.11736886336504,14.363333384195963,14.666666348775227,13.886666615804035,15.143333117167154,13.583333651224772,15.446666081746418,13.106666882832844,0.060137167454485566,-35.96491705054154,0.3864319109887848,0.23453705276002254,0.15189485822876228,53.48883619577701,27.198423183614644,14.449999809265137,13.12949995994568,13.3603999710083,16.76019995689392,YAARI.BO,2023-08-21 22:14:56.168973
69,2023-04-21 00:00:00+05:30,14.550000190734863,14.550000190734863,14.050000190734863,14.229999542236328,8126,0.0,0.0,2023-04-21,13.025,1.9724963450006137,14.997496345000615,11.052503654999386,16.969992690001227,9.080007309998773,-80.2571131789335,76.50684272258476,-6418936,1307.325949913562,9759.343075465591,34.846355003935436,73.57325176468589,14.276666641235352,14.50333309173584,14.00333309173584,14.776666641235352,13.776666641235352,15.00333309173584,13.50333309173584,0.12377642117482222,-35.380122218118444,0.4037827655975974,0.19656333820283195,0.20721942739476545,53.74737759390056,27.17842652220848,14.37599983215332,13.025,13.38359998703003,16.920799961090086,YAARI.BO,2023-08-21 22:14:56.168973
70,2023-04-20 00:00:00+05:30,14.989999771118164,14.989999771118164,14.199999809265137,14.420000076293945,13830,0.0,0.0,2023-04-20,12.894000005722045,1.9752558381207495,14.869255843842794,10.918744167601297,16.844511681963546,8.943488329480546,-14.658645843626793,93.73130943558559,-6410810,2254.7044424641845,11872.347356853597,34.851735659728085,71.80472559293895,14.536666552225748,14.87333329518636,14.083333333333332,15.326666514078775,13.74666659037272,15.663333257039387,13.293333371480305,0.0986311358189949,-30.97221668487699,0.4159398064582387,0.14475848135414057,0.2711813251040981,54.9182031403218,27.40185363210916,14.40399990081787,12.894000005722045,13.402999992370605,17.079499969482423,YAARI.BO,2023-08-21 22:14:56.168973
71,2023-04-19 00:00:00+05:30,15.0,15.199999809265137,14.390000343322754,14.789999961853027,58033,0.0,0.0,2023-04-19,12.794000005722046,1.944317991810527,14.738317997532572,10.849682013911519,16.682635989343098,8.905364022100992,38.50973959380155,109.8959613010458,-6396980,9703.878998305316,14276.75808545095,34.860815263377,69.37653081707309,14.793333371480307,15.19666639963786,14.386666933695476,15.60333283742269,13.983333905537924,16.006665865580242,13.576667467753094,0.09477086866012842,-25.83332924931127,0.4064902106232626,0.07696315007811604,0.3295270605451466,57.17020151790186,27.436568760897007,14.419999885559083,12.794000005722046,13.42659999847412,17.265299968719482,YAARI.BO,2023-08-21 22:14:56.168973
72,2023-04-18 00:00:00+05:30,13.710000038146973,14.850000381469727,13.710000038146973,14.619999885559082,53423,0.0,0.0,2023-04-18,12.66599998474121,1.8894927919083626,14.555492776649572,10.776507192832849,16.444985568557936,8.887014400924485,27.005500324883428,85.85513690610858,-6455013,8830.348002649023,15419.977857237358,34.89831170733158,64.62008028590344,14.393333435058594,15.076666831970215,13.936666488647461,15.533333778381348,13.25333309173584,16.21666717529297,12.796666145324707,0.09358861990024207,-28.19444148260862,0.3517935391867031,-0.005418615058170609,0.3572121542448737,56.407551059584634,27.220130489398827,14.511999893188477,12.66599998474121,13.45980001449585,17.444899969100952,YAARI.BO,2023-08-21 22:14:56.168973
73,2023-04-17 00:00:00+05:30,14.0,14.5,13.699999809265137,13.819999694824219,30645,0.0,0.0,2023-04-17,12.57300000190735,1.833191317149294,14.406191319056644,10.739808684758055,16.23938263620594,8.906617367608762,20.75651634708713,61.06294506125633,-6508436,4788.173038555484,17067.38532088444,34.933246458878045,62.69544018092401,14.006666501363119,14.313333193461101,13.513333002726238,14.806666692097982,13.206666310628256,15.113333384195965,12.713332811991375,0.04841290170467689,-39.30555553715906,0.29317745161601394,-0.09472165361938903,0.38789910523540294,52.729423509589424,27.2366860136559,14.535999870300293,12.57300000190735,13.508400001525878,17.63019998550415,YAARI.BO,2023-08-21 22:14:56.168973
74,2023-04-13 00:00:00+05:30,14.670000076293945,15.180000305175781,14.069999694824219,14.369999885559082,61861,0.0,0.0,2023-04-13,12.526000022888184,1.811458827263765,14.337458850151949,10.714541195624419,16.148917677415714,8.903082368360653,48.05692440446858,88.92750197041575,-6477791,10050.22717457806,20137.18839146668,34.95413180288726,64.86067642165082,14.539999961853027,15.010000228881836,13.899999618530273,15.65000057220459,13.429999351501465,16.1200008392334,12.789999008178711,0.04534993686003608,-31.666663796813324,0.29247691204688664,-0.19169642992823974,0.4841733419751264,55.73137226200701,27.508067614932823,14.945999908447266,12.526000022888184,13.552000007629395,17.832499980926514,YAARI.BO,2023-08-21 22:14:56.168973
75,2023-04-12 00:00:00+05:30,15.489999771118164,15.5,14.399999618530273,14.5,48032,0.0,0.0,2023-04-12,12.45950002670288,1.763992093735073,14.223492120437953,10.695507932967807,15.987484214173026,8.931515839232734,66.22909622190517,99.83108774264886,-6415930,7874.098632332864,22658.92869568883,34.99531732361556,70.36122196838599,14.799999872843424,15.200000127156574,14.099999745686848,15.90000025431315,13.699999491373697,16.3000005086263,12.999999364217121,-0.01830489447410702,-29.861106603969642,0.2329818552981795,-0.3127397654220213,0.5457216207202008,56.43656330878665,27.358943687731273,14.934000015258789,12.45950002670288,13.599600009918213,18.02829998970032,YAARI.BO,2023-08-21 22:14:56.168973
76,2023-04-11 00:00:00+05:30,14.609999656677246,15.65999984741211,14.609999656677246,15.25,72529,0.0,0.0,2023-04-11,12.433500003814697,1.735942829527111,14.169442833341808,10.697557174287585,15.90538566286892,8.961614344760473,95.4274540690187,119.55571641285745,-6367898,12505.000431455428,26355.13621152782,35.027207403680585,70.26463661019024,15.173333168029785,15.736666679382324,14.686666488647461,16.22333335876465,14.123332977294922,16.786666870117188,13.636666297912598,-0.06071218271199206,-19.44443966135554,0.14047708417044902,-0.44917017060207154,0.5896472547725206,60.540354353285444,26.80056820309059,14.420000076293945,12.433500003814697,13.660599994659425,18.232300004959107,YAARI.BO,2023-08-21 22:14:56.168973
77,2023-04-10 00:00:00+05:30,16.0,16.0,14.420000076293945,14.739999771118164,146480,0.0,0.0,2023-04-10,12.380999994277953,1.660519527999131,14.041519522277085,10.720480466278822,15.702039050276216,9.05996093827969,125.90428324424907,112.12404060641973,-6440427,24410.5736683838,29817.67015654592,35.0737840849772,69.24266387909819,15.053333282470703,15.686666488647461,14.106666564941406,16.633333206176758,13.473333358764648,17.266666412353516,12.526666641235352,-0.16992042252622386,-26.527776361247604,-0.05394913165475579,-0.5965819842952016,0.5426328526404458,58.64139902345322,25.948888943118895,13.368000030517578,12.380999994277953,13.716599979400634,18.429800004959105,YAARI.BO,2023-08-21 22:14:56.168973
78,2023-04-06 00:00:00+05:30,14.899999618530273,16.649999618530273,14.170000076293945,15.869999885559082,389987,0.0,0.0,2023-04-06,12.350500011444092,1.620017762225614,13.970517773669705,10.730482249218479,15.59053553589532,9.110464486992864,211.1528052224816,141.34745051841523,-6293947,69972.79659592491,31169.444278586445,35.17096007960926,76.05844125192516,15.5633331934611,16.956666310628254,14.476666768391926,18.043332735697426,13.083333651224772,19.436665852864582,11.996667226155598,-0.09790066090970899,-10.833329911585116,-0.25182889859177315,-0.732240197455313,0.48041129886353984,65.08561627520194,25.031695893918606,12.532000160217285,12.350500011444092,13.788799991607666,18.623399991989135,YAARI.BO,2023-08-21 22:14:56.168973
79,2023-04-05 00:00:00+05:30,11.819999694824219,14.3100004196167,11.819999694824219,14.3100004196167,342775,0.0,0.0,2023-04-05,12.211500024795532,1.4074660810663553,13.618966105861887,10.804033943729177,15.026432186928243,9.39656786266282,163.70993252672702,22.16613631276965,-6683934,55456.30936205019,21468.606199251826,35.41970417102441,54.47958693403885,13.480000178019205,15.140000661214192,12.649999936421711,15.970000902811686,10.989999453226725,17.630001386006672,10.15999921162923,-0.1545208037483687,-0.0,-0.6126472645228684,-0.8523430221711978,0.2396957576483294,59.36063247295377,24.04394953324137,11.25200023651123,12.211500024795532,13.841399993896484,18.814200000762938,YAARI.BO,2023-08-21 22:14:56.168973
80,2023-04-03 00:00:00+05:30,10.800000190734863,11.979999542236328,10.649999618530273,11.930000305175781,96861,0.0,0.0,2023-04-03,12.142000007629395,1.3306096344371061,13.472609642066502,10.811390373192289,14.803219276503608,9.480780738755183,27.889639732327986,-89.59797954608233,-7026709,13064.46353226919,12971.680408552233,35.661563329803315,32.112874989030885,11.519999821980795,12.390000025431316,11.060000101725262,12.84999974568685,10.18999989827474,13.719999949137371,9.730000178019207,-0.27957028619884017,-40.24096014538131,-0.9116852664627046,-0.9122669615832801,0.0005816951205754872,47.063908324449336,24.294504017505226,10.438000106811524,12.142000007629395,13.933199977874756,19.022099981307985,YAARI.BO,2023-08-21 22:14:56.168973
81,2023-03-31 00:00:00+05:30,10.550000190734863,10.819999694824219,9.8100004196167,9.989999771118164,111920,0.0,0.0,2023-03-31,12.193499994277953,1.3418575732223728,13.535357567500327,10.85164242105558,14.877215140722699,9.509784847833208,-91.29684435093064,-163.10988108878985,-7123570,12640.823210404473,12948.484627622991,35.73864567058125,22.522136419905223,10.206666628519693,10.603332837422688,9.593333562215168,11.216665903727213,9.196667353312174,11.613332112630207,8.583334287007649,-0.32995431640202616,-88.10572761254775,-1.0463371627291806,-0.912412385363424,-0.1339247773657567,31.338784815167685,25.68461369973621,10.360000038146973,12.193499994277953,14.077599964141847,19.258799962997436,YAARI.BO,2023-08-21 22:14:56.168973
82,2023-03-29 00:00:00+05:30,10.1899995803833,11.3100004196167,10.100000381469727,10.5600004196167,126325,0.0,0.0,2023-03-29,12.349499988555909,1.2504502688587382,13.599950257414648,11.09904971969717,14.850400526273386,9.848599450838432,-81.86595339336493,-144.35164585997822,-7011650,15081.877886199183,13025.39998192762,35.83564633425546,19.148604715892645,10.656667073567709,11.213333765665691,10.003333727518719,11.866667111714682,9.446667035420736,12.423333803812664,8.793333689371746,-0.2996432236340319,-77.57574438136493,-1.0118181415233263,-0.8789311910219847,-0.13288695050134158,34.10266320204721,25.652631983554805,10.714000129699707,12.349499988555909,14.252799968719483,19.517399950027468,YAARI.BO,2023-08-21 22:14:56.168973
83,2023-03-28 00:00:00+05:30,10.399999618530273,10.399999618530273,9.449999809265137,9.470000267028809,66264,0.0,0.0,2023-03-28,12.44399995803833,1.1773761694854947,13.621376127523824,11.266623788552835,14.798752297009319,10.08924761906734,-201.77040204344712,-193.18133150850903,-7137975,7094.631083612127,12511.280505859728,35.943579464684824,35.67788363582393,9.773333231608072,10.096666653951008,9.146666844685871,10.723333040873209,8.823333422342936,11.046666463216145,8.196667035420734,-0.30218495749522417,-99.63635531338778,-1.0084291836721508,-0.8457094533966493,-0.16271973027550157,21.866641826246976,25.876345187780796,11.0,12.44399995803833,14.417599945068359,19.771299953460694,YAARI.BO,2023-08-21 22:14:56.168973
84,2023-03-27 00:00:00+05:30,11.350000381469727,11.40999984741211,10.100000381469727,10.239999771118164,92135,0.0,0.0,2023-03-27,12.597999954223633,0.9467484564405868,13.54474841066422,11.651251497783047,14.491496867104807,10.70450304134246,-202.0748968962722,-161.8794489012861,-7071711,10666.618558099586,13865.442861421627,36.00301243121331,43.55276533241638,10.583333333333334,11.066666285196941,9.756666819254558,11.893332799275717,9.273333867390951,12.376665751139324,8.446667353312176,-0.2834461141142862,-97.11341430586364,-0.8814625607340023,-0.8050295208277738,-0.07643303990622852,24.89942391743587,24.6773355051457,11.526000022888184,12.597999954223633,14.613199939727783,20.038099966049195,YAARI.BO,2023-08-21 22:14:56.168973
85,2023-03-24 00:00:00+05:30,11.550000190734863,12.100000381469727,11.300000190734863,11.539999961853027,104304,0.0,0.0,2023-03-24,12.723499965667724,0.7670261866325511,13.490526152300275,11.956473779035173,14.257552338932825,11.189447592402622,-100.3809475282415,-114.20206575550965,-6979576,13608.458988703662,14665.148937252136,36.083683191674886,45.39549445009217,11.646666844685873,11.993333498636883,11.19333330790202,12.446667035420736,10.84666665395101,12.793333689371746,10.393333117167156,-0.2638118334403272,-93.42466311777854,-0.7813845997881437,-0.7859212608512166,0.004536661063072933,31.817658330037716,23.89281414753835,11.8,12.723499965667724,14.801399936676026,20.304199953079223,YAARI.BO,2023-08-21 22:14:56.168973
86,2023-03-23 00:00:00+05:30,12.140000343322754,12.140000343322754,11.75,11.760000228881836,21550,0.0,0.0,2023-03-23,12.773999977111817,0.7165957216838633,13.49059569879568,12.057404255427954,14.207191420479544,11.34080853374409,-83.36270605335949,-105.63947649420537,-6875272,2865.2121387940874,14929.321424389253,36.170995968691365,45.54244019718988,11.883333524068197,12.016667048136394,11.62666670481364,12.273333867390951,11.493333180745443,12.406667391459148,11.236666361490887,-0.251060791163175,-92.46376106504142,-0.7694456443345565,-0.7870554261169848,0.017609781782428224,33.270295936259316,24.24536079476305,11.976000022888183,12.773999977111817,14.964599952697753,20.5467999458313,YAARI.BO,2023-08-21 22:14:56.168973
87,2023-03-22 00:00:00+05:30,11.850000381469727,12.5,11.699999809265137,11.989999771118164,50442,0.0,0.0,2023-03-22,12.835999965667725,0.676783401862427,13.512783367530151,12.159216563805298,14.189566769392579,11.48243316194287,-78.53177000177813,-99.86631728116042,-6853722,6837.756804091804,17945.348745788044,36.18895112505507,46.7969432369908,12.0633331934611,12.426666577657063,11.6266663869222,12.863333384195963,11.263333002726236,13.226666768391926,10.826666196187336,-0.24690423128596337,-85.79710729831791,-0.7641685891152328,-0.7914578715625917,0.027289282447358953,34.81325413857533,25.188551641019874,12.069999885559081,12.835999965667725,15.118399963378906,20.800199928283693,YAARI.BO,2023-08-21 22:14:56.168973
88,2023-03-21 00:00:00+05:30,11.949999809265137,12.180000305175781,11.5600004196167,12.100000381469727,177200,0.0,0.0,2023-03-21,12.89399995803833,0.6496265793034793,13.54362653734181,12.244373378734851,14.19325311664529,11.594746799431372,-101.1725393738885,-108.2361413865855,-6803280,24241.041736282918,20722.246731212104,36.23068547185463,46.831869569060494,11.946667035420736,12.333333651224773,11.713333765665691,12.566666920979818,11.326667149861654,12.953333536783855,11.09333388010661,-0.251683105660393,-82.60868363359333,-0.768485517439295,-0.7982801921744315,0.029794674735136417,35.54533710255629,26.204295629296453,12.223999977111816,12.89399995803833,15.257599983215332,21.06029993057251,YAARI.BO,2023-08-21 22:14:56.168973
89,2023-03-20 00:00:00+05:30,12.420000076293945,12.510000228881836,11.5,11.609999656677246,62665,0.0,0.0,2023-03-20,12.953999948501586,0.6274711166537765,13.581471065155363,12.32652883184781,14.208942181809139,11.699057715194034,-135.01431886182888,-114.8163813542374,-6980480,8225.445489968877,19842.5479799444,36.377773505608445,42.848625069335235,11.873333295186361,12.246666590372723,11.236666361490887,12.883333524068197,10.863333066304525,13.256666819254558,10.22666613260905,-0.3340325430743471,-96.81160397801075,-0.7732021673367058,-0.8057288608582155,0.03252669352150972,29.404750369553923,26.790376213143276,12.379999923706055,12.953999948501586,15.398599967956542,21.329299926757812,YAARI.BO,2023-08-21 22:14:56.168973
90,2023-03-17 00:00:00+05:30,13.600000381469727,13.600000381469727,12.100000381469727,12.420000076293945,23424,0.0,0.0,2023-03-17,13.063499975204468,0.568944292478637,13.632444267683105,12.494555682725832,14.201388560161742,11.925611390247195,-63.78547316445239,-82.90360503850478,-6917815,3289.158754379031,22746.82360243828,36.43127835769748,43.38047510223562,12.706666946411133,13.313333511352539,11.813333511352539,14.206666946411133,11.206666946411133,14.813333511352539,10.313333511352539,-0.3255348483350812,-77.84614562988281,-0.7192680770009989,-0.8138605342385928,0.09459245723759391,34.441384244335936,27.421539918824468,12.66599998474121,13.063499975204468,15.54739995956421,21.584699945449827,YAARI.BO,2023-08-21 22:14:56.168973
91,2023-03-16 00:00:00+05:30,12.550000190734863,12.649999618530273,12.199999809265137,12.229999542236328,9033,0.0,0.0,2023-03-16,13.162499952316285,0.6209658783017308,13.783465830618015,12.541534074014555,14.404431708919747,11.920568195712823,-119.01032478395577,-99.3006553738959,-6941239,1248.9947956659173,27611.239814453093,36.45068311989671,43.44763592928092,12.359999656677246,12.519999504089355,12.069999694824219,12.809999465942383,11.90999984741211,12.969999313354492,11.619999885559082,-0.32314197765048547,-83.69231590857872,-0.7190908651394903,-0.8375086485479912,0.11841778340850095,31.900707672963563,28.76098754228125,12.977999877929687,13.162499952316285,15.68399995803833,21.83949995994568,YAARI.BO,2023-08-21 22:14:56.168973
92,2023-03-15 00:00:00+05:30,12.5,13.149999618530273,12.5,12.760000228881836,261825,0.0,0.0,2023-03-15,13.283499956130981,0.6639852583180545,13.947485214449037,12.619514697812926,14.61147047276709,11.955529439494873,-70.13889269696348,-85.82015862343594,-6932206,37771.477390575325,34201.801069149886,36.45823379456945,42.360207056349594,12.803333282470703,13.106666564941406,12.456666946411133,13.453332901000977,12.15333366394043,13.75666618347168,11.80666732788086,-0.3188921649946652,-67.38460247333234,-0.6892564903090133,-0.8671130944001165,0.17785660409110327,35.46029395562415,28.652648735545032,13.371999931335449,13.283499956130981,15.825399951934815,22.093699979782105,YAARI.BO,2023-08-21 22:14:56.168973
93,2023-03-14 00:00:00+05:30,13.300000190734863,13.300000190734863,12.520000457763672,12.880000114440918,244326,0.0,0.0,2023-03-14,13.365499925613403,0.6964077629565091,14.061907688569912,12.669092162656893,14.758315451526421,11.972684399700384,-49.27227312317782,-85.61993765397219,-6670381,35578.50781840453,33309.381988793524,36.67432474666693,46.55193942311505,12.90000025431315,13.280000050862629,12.500000317891438,13.679999987284342,12.120000521341959,14.05999978383382,11.720000584920246,-0.3438452657541666,-63.69229830228365,-0.6928132069713087,-0.9115772454228923,0.21876403845158365,36.312161357899704,28.841034135295565,13.645999908447266,13.365499925613403,15.968199939727784,22.341099977493286,YAARI.BO,2023-08-21 22:14:56.168973
94,2023-03-13 00:00:00+05:30,13.949999809265137,13.989999771118164,12.899999618530273,13.039999961853027,258080,0.0,0.0,2023-03-13,13.476499938964844,0.7860980713978403,14.262598010362684,12.690401867567005,15.048696081760525,11.904303796169163,8.391768780732962,-74.05106927523225,-6426055,38048.20018393353,32742.10053139077,36.87852853372443,52.12391105896161,13.309999783833822,13.719999949137371,12.62999979654948,14.399999936421713,12.219999631245932,14.810000101725262,11.53999964396159,-0.38722057321012165,-58.76922607421875,-0.6986878828368646,-0.9662682550357882,0.2675803721989236,37.4252993462345,29.063938589305458,13.68799991607666,13.476499938964844,16.109599952697753,22.60679998397827,YAARI.BO,2023-08-21 22:14:56.168973
95,2023-03-10 00:00:00+05:30,14.0,14.399999618530273,13.850000381469727,13.979999542236328,323951,0.0,0.0,2023-03-10,13.616999959945678,0.9400229667377047,14.557022926683382,12.676976993207974,15.497045893421088,11.736954026470269,107.34325513419687,-49.56840329039674,-6167975,51202.20449930726,31415.575618255076,37.09660530981969,59.30150468047487,14.076666514078775,14.303332646687824,13.753333409627277,14.626665751139322,13.526667277018229,14.853331883748371,13.20333417256673,-0.31912901321305354,-29.84616206242488,-0.7113806288365812,-1.033163348085519,0.32178271924893775,44.940861810180905,29.682112207701234,13.663999938964844,13.616999959945678,16.239799938201905,22.814899969100953,YAARI.BO,2023-08-21 22:14:56.168973
96,2023-03-09 00:00:00+05:30,14.699999809265137,14.949999809265137,14.100000381469727,14.199999809265137,500105,0.0,0.0,2023-03-09,13.682999992370606,1.0105449643993363,14.693544956769943,12.672455027971269,15.704089921169277,11.661910063571934,202.25872910140097,-40.65705744094312,-5844024,80288.19841303196,26468.918397992027,37.36513658064499,72.81269440044545,14.416666666666666,14.733332951863606,13.883333524068195,15.266666094462076,13.566667238871256,15.583332379659016,13.033334096272785,-0.26084294901448113,-23.076923076923077,-0.8094284118764428,-1.1136090278977533,0.3041806160213105,46.9916807939823,31.45439630430542,13.460000038146973,13.682999992370606,16.353199939727784,23.01259997367859,YAARI.BO,2023-08-21 22:14:56.168973
97,2023-03-08 00:00:00+05:30,13.109999656677246,14.449999809265137,12.90999984741211,14.130000114440918,253191,0.0,0.0,2023-03-08,13.748000001907348,1.0846421085376023,14.83264211044495,12.663357893369746,15.917284218982553,11.578715784832143,209.5216396059614,-62.03208985522054,-6344129,40447.58600804575,13014.098394232038,37.788142474029584,51.38110050281537,13.829999923706055,14.75,13.210000038146973,15.369999885559082,12.289999961853027,16.289999961853027,11.670000076293945,0.03737253325879677,-21.612903027331072,-0.9443619117352178,-1.1896541819030808,0.24529227016786304,46.267218256194504,33.69755541125432,13.242000007629395,13.748000001907348,16.467199935913087,23.21609996795654,YAARI.BO,2023-08-21 22:14:56.168973
98,2023-03-06 00:00:00+05:30,12.949999809265137,13.529999732971191,12.5,13.09000015258789,19446,0.0,0.0,2023-03-06,13.803999996185302,1.133227377420165,14.937227373605467,12.670772618765138,16.070454751025633,11.537545241344972,52.591750414905,-89.40662734552755,-6597320,2877.8762210266286,6155.726490778609,38.00889867286955,25.33673762321891,13.039999961853027,13.579999923706055,12.550000190734863,14.069999694824219,12.010000228881836,14.609999656677246,11.520000457763672,-0.11378710151589669,-55.873012989647336,-1.0959152573408808,-1.2509772494450466,0.15506199210416582,33.78191370482595,35.36802373518504,12.905999946594239,13.803999996185302,16.58459993362427,23.42779995918274,YAARI.BO,2023-08-21 22:14:56.168973
99,2023-03-03 00:00:00+05:30,13.199999809265137,13.329999923706055,12.25,12.920000076293945,86912,0.0,0.0,2023-03-03,13.917000007629394,1.1703535869820303,15.087353594611423,12.746646420647364,16.257707181593453,11.576292833665333,-15.193569467077868,-99.47332726406529,-6616766,12695.342966353546,6975.189058216604,38.026769904317355,19.782159819853547,12.833333333333334,13.416666666666668,12.336666742960613,13.913333257039389,11.75333340962728,14.496666590372723,11.256666819254558,-0.11461211690601894,-65.63379714139496,-1.1709204496786576,-1.2897427474710879,0.11882229779243025,31.361101963202458,35.50399593949433,12.797999954223632,13.917000007629394,16.6567999458313,23.648399972915648,YAARI.BO,2023-08-21 22:14:56.168973
100,2023-03-02 00:00:00+05:30,13.399999618530273,13.5,12.949999809265137,12.960000038146973,37984,0.0,0.0,2023-03-02,14.030999994277954,1.1791384575963109,15.210138451874265,12.851861536681643,16.389276909470574,11.672723079085332,22.106779476005848,-94.60954756250912,-6529854,5565.547297158586,5545.150581182368,38.107504605456796,21.202090340112377,13.136666615804037,13.323333422342937,12.773333231608074,13.6866668065389,12.586666425069174,13.8733336130778,12.22333304087321,-0.1814626070421229,-71.68538690140058,-1.2324661740264276,-1.3194483219191955,0.08698214789276792,31.613615664290933,35.233680209605204,12.763999938964844,14.030999994277954,16.764399929046633,23.871199979782105,YAARI.BO,2023-08-21 22:14:56.168973
101,2023-03-01 00:00:00+05:30,11.699999809265137,13.399999618530273,11.699999809265137,13.109999656677246,49372,0.0,0.0,2023-03-01,14.163000011444092,1.2005091849493612,15.363509196393453,12.962490826494731,16.564018381342816,11.76198164154537,-51.01102035882976,-111.34358965876167,-6491870,7317.88496757356,5540.051402188314,38.14289586533394,23.360066112258764,12.736666361490885,13.773332913716633,12.073333104451496,14.436666170756022,11.036666552225748,15.47333272298177,10.37333329518636,-0.1862970469221409,-70.00000202909438,-1.2965290116840738,-1.3411938588923875,0.04466484720831376,32.52555280531688,35.654647063942825,12.681999969482423,14.163000011444092,16.898199920654296,24.107599964141844,YAARI.BO,2023-08-21 22:14:56.168973
102,2023-02-28 00:00:00+05:30,12.350000381469727,12.699999809265137,12.25,12.449999809265137,4503,0.0,0.0,2023-02-28,14.330000066757203,1.276240492114026,15.606240558871228,13.053759574643177,16.882481050985255,11.77751908252915,-90.52632649739587,-125.55857391492873,-6541242,633.8309901121488,5095.593010842002,38.18877206399237,14.670509873785775,12.466666539510092,12.683333079020183,12.233333269755047,12.916666348775228,12.016666730244955,13.13333288828532,11.78333346048991,-0.29523947959617497,-90.80460526099439,-1.3736771676058002,-1.3523600706944656,-0.021317096911334543,23.51068177975783,35.90286863437146,12.660000038146972,14.330000066757203,17.032999935150148,24.352499952316283,YAARI.BO,2023-08-21 22:14:56.168973
103,2023-02-27 00:00:00+05:30,12.800000190734863,13.0,12.199999809265137,12.550000190734863,30955,0.0,0.0,2023-02-27,14.560000038146972,1.3328442255491106,15.892844263696084,13.22715581259786,17.225688489245194,11.894311587048751,-92.93320419985737,-129.2210434044227,-6536739,4392.145498111497,6211.033516024465,38.19307493153006,23.115923291715234,12.583333333333334,12.966666857401531,12.166666666666668,13.383333524068197,11.78333314259847,13.766667048136394,11.366666475931805,-0.2504217743064798,-88.50574561446778,-1.3866369100240021,-1.347030796466632,-0.039606113557370204,23.961081360380632,34.59967663194429,12.8,14.560000038146972,17.188999938964844,24.601499938964842,YAARI.BO,2023-08-21 22:14:56.168973
104,2023-02-24 00:00:00+05:30,12.449999809265137,13.149999618530273,12.449999809265137,12.75,25937,0.0,0.0,2023-02-24,14.732500028610229,1.2812694451691318,16.013769473779362,13.451230583441097,17.295038918948492,12.169961138271965,-89.1738047560201,-130.54178012296825,-6505784,3738.798885357926,6665.755520502707,38.222578088590645,22.196592569240025,12.78333314259847,13.116666475931805,12.416666666666668,13.483332951863607,12.083333333333334,13.816666285196941,11.716666857401531,-0.2605599081673545,-83.90804824496499,-1.3920681797795673,-1.3371292680772893,-0.05493891170227805,24.845010077902586,33.19623909086888,12.95,14.732500028610229,17.337999935150147,24.840999937057497,YAARI.BO,2023-08-21 22:14:56.168973
105,2023-02-23 00:00:00+05:30,13.050000190734863,13.050000190734863,12.050000190734863,12.550000190734863,67390,0.0,0.0,2023-02-23,14.93250002861023,1.2676413282046108,16.20014135681484,13.664858700405619,17.46778268501945,12.397217372201009,-123.88450542854092,-146.0304576204592,-6531721,9561.837671385356,7397.494679288901,38.247157931376016,17.48319066764907,12.550000190734863,13.050000190734863,12.050000190734863,13.550000190734863,11.550000190734863,14.050000190734863,11.050000190734863,-0.2684571269558401,-88.50574561446778,-1.3976268597006136,-1.3233945401517198,-0.07423231954889387,22.179246829651603,31.86564193674466,13.160000038146972,14.93250002861023,17.510999927520754,25.082499952316283,YAARI.BO,2023-08-21 22:14:56.168973
106,2023-02-22 00:00:00+05:30,13.5,13.5,12.75,13.0,54359,0.0,0.0,2023-02-22,15.182499980926513,1.266083336994219,16.448583317920733,13.916416643932294,17.71466665491495,12.650333306938075,-116.69632333655235,-138.00332441715668,-6464331,7989.4519432659345,6856.4089312647875,38.311746731386314,17.48946264725852,13.083333333333334,13.416666666666668,12.666666666666668,13.833333333333334,12.333333333333334,14.166666666666668,11.916666666666668,-0.2827386698354736,-93.15068421566941,-1.3638705389946217,-1.3048364602644962,-0.05903407873012556,23.954448803782654,30.214335059209006,13.529999923706054,15.182499980926513,17.705999908447264,25.332999935150145,YAARI.BO,2023-08-21 22:14:56.168973
107,2023-02-21 00:00:00+05:30,13.75,13.75,13.100000381469727,13.149999618530273,22406,0.0,0.0,2023-02-21,15.434999942779541,1.3106947637466246,16.745694706526166,14.124305179032916,18.05638947027279,12.813610415286291,-130.28764608826256,-138.84069058887425,-6409972,3331.135122878539,6573.1481782645005,38.363169048730086,14.552527148512922,13.333333333333334,13.566666285196941,12.916666666666668,13.983332951863607,12.68333371480306,14.216665903727215,12.266667048136394,-0.290062293603276,-98.55074627113218,-1.3443056772002642,-1.290077940581965,-0.05422773661829927,24.562970298030066,28.93763006440498,13.859999847412109,15.434999942779541,17.91299991607666,25.571999950408937,YAARI.BO,2023-08-21 22:14:56.168973
108,2023-02-20 00:00:00+05:30,13.800000190734863,13.949999809265137,13.199999809265137,13.300000190734863,40791,0.0,0.0,2023-02-20,15.694999980926514,1.348771276883247,17.043771257809762,14.346228704043268,18.392542534693007,12.99745742716002,-152.82650548121975,-144.90570754058942,-6387566,6133.638513269018,7383.65144211099,38.3842997380505,10.8953930306144,13.483333269755045,13.766666730244953,13.016666730244953,14.233333269755045,12.733333269755045,14.516666730244953,12.266666730244953,-0.2724760334889772,-97.87233222280999,-1.3136611472248578,-1.2765210064273902,-0.037140140797467636,25.15637798675482,27.846575249407927,14.109999847412109,15.694999980926514,18.12299991607666,25.81699996948242,YAARI.BO,2023-08-21 22:14:56.168973
109,2023-02-17 00:00:00+05:30,14.25,14.399999618530273,13.600000381469727,13.800000190734863,48259,0.0,0.0,2023-02-17,15.954999971389771,1.3639049280172804,17.318904899407052,14.59109504337249,18.682809827424332,13.22719011535521,-151.86800256574898,-139.6810509332548,-6346775,7529.386457688382,7696.154674321481,38.42263084459186,20.52403221171602,13.933333396911621,14.266666412353516,13.466667175292969,14.733332633972168,13.133334159851074,15.066665649414062,12.666667938232422,-0.2749241125806846,-95.34884081975197,-1.2692956894852117,-1.2672359712280232,-0.0020597182571884254,27.189520879630436,26.753636941167255,14.469999885559082,15.954999971389771,18.326999912261964,26.056999959945678,YAARI.BO,2023-08-21 22:14:56.168973
110,2023-02-16 00:00:00+05:30,14.600000381469727,14.800000190734863,14.199999809265137,14.399999618530273,20401,0.0,0.0,2023-02-16,16.20999994277954,1.415571217409131,17.62557116018867,14.794428725370409,19.0411423775978,13.378857507961278,-125.88313491884108,-130.37306488412014,-6298516,3321.3612476385083,7737.846728479755,38.46722558566325,18.155494977168814,14.466666539510092,14.733333269755047,14.13333288828532,15.066666920979818,13.866666158040365,15.333333651224773,13.533332506815594,-0.2889051472062686,-94.5945994709427,-1.2425051308717983,-1.266721041663726,0.024215910791927753,29.880458368297653,25.910318561151843,14.879999923706055,16.20999994277954,18.50799991607666,26.295999965667725,YAARI.BO,2023-08-21 22:14:56.168973
111,2023-02-15 00:00:00+05:30,14.5,14.850000381469727,14.25,14.649999618530273,7786,0.0,0.0,2023-02-15,16.44749994277954,1.4923024859030922,17.939802428682633,14.955197456876448,19.432104914585725,13.462894970973355,-151.37789361172176,-135.67583933376756,-6278115,1289.5975236338718,8841.968098690066,38.48566643874705,16.03534394984301,14.583333333333334,14.916666666666668,14.316666285196941,15.18333371480306,13.983332951863607,15.516667048136394,13.716665903727215,-0.22405415600367332,-89.33334350585938,-1.2484701149167172,-1.2727750193617078,0.02430490444499056,31.07019293366318,25.559867032502545,15.060000038146972,16.44749994277954,18.703999938964845,26.54249996185303,YAARI.BO,2023-08-21 22:14:56.168973
112,2023-02-14 00:00:00+05:30,14.949999809265137,15.25,14.25,14.399999618530273,59458,0.0,0.0,2023-02-14,16.652499961853028,1.5138373412699135,18.16633730312294,15.138662620583114,19.680174644392856,13.624825279313201,-146.94714443215247,-144.94632605927623,-6285901,9679.991032894977,10730.060742454114,38.492638677334824,14.84047081138442,14.633333206176758,15.016666412353516,14.016666412353516,15.633333206176758,13.633333206176758,16.016666412353516,13.016666412353516,-0.22883928972421583,-96.51163615943308,-1.2618121003239793,-1.2788512454729553,0.017039145148975976,28.423847770355266,25.23107835683611,15.230000114440918,16.652499961853028,18.939999961853026,26.798499965667723,YAARI.BO,2023-08-21 22:14:56.168973
113,2023-02-13 00:00:00+05:30,16.149999618530273,16.149999618530273,15.0,15.100000381469727,40301,0.0,0.0,2023-02-13,16.87249994277954,1.4887713395675017,18.361271282347044,15.38372860321204,19.850042621914543,13.894957263644537,-38.461536751525074,-123.34671404561571,-6226443,6880.1032941777285,10992.578169843899,38.54657687245863,14.881630501243606,15.416666666666666,15.833333333333332,14.683333714803059,16.566666285196938,14.266667048136393,16.983332951863606,13.533334096272785,-0.22691189548192842,-82.3529411764706,-1.23515430739352,-1.2831110317601992,0.04795672436667919,31.575699297960696,24.87699824457995,15.400000190734863,16.87249994277954,19.181999969482423,27.032999954223634,YAARI.BO,2023-08-21 22:14:56.168973
114,2023-02-10 00:00:00+05:30,15.25,16.399999618530273,15.0,15.850000381469727,43987,0.0,0.0,2023-02-10,17.079999923706055,1.5176503465690958,18.59765027027515,15.56234957713696,20.115300616844245,14.044699230567863,-1.7921089524174207,-118.17321463462092,-6186142,7882.35150745886,12020.69688876044,38.582210211990166,14.52978266300461,15.75,16.5,15.100000381469727,17.149999618530273,14.350000381469727,17.899999618530273,13.700000762939453,-0.217073843726716,-65.51724440324767,-1.2512492641978987,-1.295100212851869,0.04385094865397021,35.49114730644297,25.214781898078538,15.450000190734864,17.079999923706055,19.321999969482423,27.276999950408936,YAARI.BO,2023-08-21 22:14:56.168973
115,2023-02-09 00:00:00+05:30,15.5,15.550000190734863,14.949999809265137,15.300000190734863,34995,0.0,0.0,2023-02-09,17.26999988555908,1.5916226206014912,18.861622506160572,15.67837726495759,20.453245126762063,14.086754644356098,-64.91227196634395,-149.84396823871813,-6230129,6053.403336894145,13055.283234085833,38.61998032252493,10.867652674796787,15.266666730244955,15.583333651224773,14.983333269755047,15.866667111714682,14.666666348775228,16.1833340326945,14.38333288828532,-0.19921438254616955,-79.56989489892898,-1.3267610003459644,-1.3060629500153613,-0.020698050330603124,29.541688556942773,25.578548909538554,15.320000076293946,17.26999988555908,19.48099994659424,27.516499938964845,YAARI.BO,2023-08-21 22:14:56.168973
116,2023-02-08 00:00:00+05:30,14.75,15.649999618530273,14.75,15.5,49027,0.0,0.0,2023-02-08,17.48999991416931,1.6089878148190728,19.098987728988384,15.881012099350237,20.707975543807457,14.272024284531165,-73.1563504980095,-161.23622782159597,-6195134,8591.503970821808,14805.753208383754,38.65084707151647,16.317692711218314,15.299999872843424,15.849999745686848,14.950000127156574,16.199999491373696,14.40000025431315,16.74999936421712,14.050000508626301,-0.20455891878728338,-78.3018908665338,-1.3491697801094276,-1.3008884374327105,-0.04828134267671702,30.491234021587147,24.583012466046483,15.380000114440918,17.48999991416931,19.681999950408937,27.7739999294281,YAARI.BO,2023-08-21 22:14:56.168973
117,2023-02-07 00:00:00+05:30,14.350000381469727,15.600000381469727,14.350000381469727,15.25,46955,0.0,0.0,2023-02-07,17.687499952316283,1.5942226672700293,19.28172261958631,16.093277285046256,20.875945286856343,14.499054617776224,-102.7301465323524,-186.18966336259,-6244161,8095.68993449502,16359.315517774237,38.69385663194265,26.647363430820377,15.066666920979818,15.78333346048991,14.53333346048991,16.31666692097982,13.816666920979818,17.03333346048991,13.28333346048991,-0.20208740947169201,-83.33333922021225,-1.3771147932931633,-1.2888181017635312,-0.08829669152963215,27.79747872583215,23.51089629613195,15.570000267028808,17.687499952316283,19.896999950408937,28.049499921798706,YAARI.BO,2023-08-21 22:14:56.168973
118,2023-02-06 00:00:00+05:30,15.050000190734863,15.649999618530273,15.050000190734863,15.350000381469727,38459,0.0,0.0,2023-02-06,17.872499990463258,1.5088750487298142,19.38137503919307,16.363624941733445,20.890250087922887,14.854749893003628,-106.97852209235964,-185.35607386909027,-6197206,6674.343527862338,18425.22191359404,38.735644202282366,26.172329432395998,15.350000063578287,15.649999936421711,15.050000508626301,15.949999491373697,14.750000635782877,16.24999936421712,14.45000108083089,-0.22133916610198562,-91.66665507687509,-1.3674062905769908,-1.266743928881123,-0.10066236169586773,28.203450761616793,22.274796227305785,15.930000114440919,17.872499990463258,20.159999942779542,28.285999937057497,YAARI.BO,2023-08-21 22:14:56.168973
119,2023-02-03 00:00:00+05:30,15.699999809265137,15.949999809265137,14.949999809265137,15.199999809265137,54845,0.0,0.0,2023-02-03,18.062499952316283,1.4105686731760014,19.473068625492285,16.651931279140282,20.883637298668287,15.24136260596428,-123.94094473424974,-192.19953358500493,-6235665,9425.031297931699,21362.94151002696,38.76983569357491,25.613423003938095,15.366666475931803,15.783333142598469,14.783333142598469,16.3666664759318,14.366666475931803,16.78333314259847,13.783333142598469,-0.22247411502939718,-94.79166687362724,-1.344106710417293,-1.241578338457156,-0.10252837196013709,26.712626519708735,21.456870722970766,16.060000038146974,18.062499952316283,20.457999935150145,28.520499925613404,YAARI.BO,2023-08-21 22:14:56.168973
120,2023-02-02 00:00:00+05:30,16.049999237060547,16.549999237060547,15.199999809265137,15.600000381469727,150552,0.0,0.0,2023-02-02,18.254999923706055,1.2533008762519902,19.508300799958047,17.001699047454064,20.761601676210034,15.748398171202075,-116.63749079924092,-179.09249257621713,-6180820,26552.982910845694,24347.41906305078,38.819081672755814,25.73502443222239,15.78333314259847,16.366666475931805,15.016667048136394,17.133332570393883,14.43333371480306,17.716665903727215,13.666667620340984,-0.21251965669959322,-91.20877900139195,-1.2791381505196888,-1.2159462454671217,-0.06319190505256711,28.160558595353777,20.576027872148433,16.370000076293945,18.254999923706055,20.755999946594237,28.757499942779543,YAARI.BO,2023-08-21 22:14:56.168973
121,2023-02-01 00:00:00+05:30,17.350000381469727,17.899999618530273,16.0,16.450000762939453,216099,0.0,0.0,2023-02-01,18.437499904632567,1.103090786063189,19.540590690695755,17.33440911856938,20.643681476758946,16.231318332506188,-73.89406128978062,-133.74554446157478,-6030268,40190.26384987454,23796.02810110205,38.95302058328828,26.842107799272995,16.78333346048991,17.56666692097982,15.666667302449547,18.683333079020183,14.883333841959637,19.466666539510094,13.766667683919273,-0.1709508101031794,-78.82351119625119,-1.2159718210873045,-1.2001482692039798,-0.015823551883324738,31.533232399765424,19.809116698338965,16.75999984741211,18.437499904632567,21.103999938964844,29.007499923706053,YAARI.BO,2023-08-21 22:14:56.168973
122,2023-01-31 00:00:00+05:30,16.0,17.799999237060547,15.649999618530273,17.049999237060547,86876,0.0,0.0,2023-01-31,18.57999982833862,1.0132543728718846,19.593254201210506,17.566745455466737,20.60650857408239,16.553491082594853,-88.84568814520695,-128.81265428987763,-5814169,16746.588861790897,19697.46916390893,39.14090020153118,36.74853638562636,16.833332697550457,18.01666577657064,15.866666158040367,18.98333231608073,14.683333079020183,20.166665395100914,13.716666539510094,-0.16700513073355208,-68.08512537875583,-1.2003881214119936,-1.1961923812331485,-0.004195740178845053,34.219534240045746,19.60738771392901,17.07999954223633,18.57999982833862,21.429999923706056,29.251999931335448,YAARI.BO,2023-08-21 22:14:56.168973
123,2023-01-30 00:00:00+05:30,16.350000381469727,16.850000381469727,15.550000190734863,16.0,156145,0.0,0.0,2023-01-30,18.72249984741211,0.9868177613129655,19.709317608725076,17.735682086099143,20.69613537003804,16.74886432478618,-180.72639636876613,-154.5032279948795,-5901045,28245.563439215573,20435.189239438434,39.215297902181504,40.516811116386144,16.133333524068195,16.716666857401528,15.416666666666664,17.43333371480306,14.833333333333332,18.01666704813639,14.116666475931801,-0.19521156561173159,-90.42553558453237,-1.2213393235000467,-1.1951434461884372,-0.02619587731160955,23.65020127002316,19.260674279189246,17.339999771118165,18.72249984741211,21.751999969482423,29.471499938964843,YAARI.BO,2023-08-21 22:14:56.168973
124,2023-01-27 00:00:00+05:30,17.75,18.0,16.100000381469727,16.75,142238,0.0,0.0,2023-01-27,18.919999885559083,0.7886365437263599,19.70863642928544,18.131363341832724,20.497272973011803,17.342726798106362,-182.86492659283147,-128.09171382961472,-5744900,26935.970403641117,18482.595689494145,39.356677065176925,43.76309312500533,16.950000127156574,17.799999872843422,15.900000254313149,18.849999745686848,15.050000508626301,19.699999491373696,14.000000635782875,-0.20386788444648762,-84.33735714991532,-1.1262490539856067,-1.1885944768605348,0.06234542287492806,26.471262928203146,17.569737037490246,17.839999771118165,18.919999885559083,22.112999954223632,29.717999954223632,YAARI.BO,2023-08-21 22:14:56.168973
125,2023-01-25 00:00:00+05:30,18.100000381469727,18.549999237060547,17.0,17.549999237060547,88832,0.0,0.0,2023-01-25,19.059999847412108,0.6118567194291535,19.67185656684126,18.448143127982956,20.283713286270416,17.8362864085538,-162.1281386658453,-101.30705737247372,-5602662,17625.79520651464,16369.252010957402,39.48278760787755,53.11217583466069,17.6999994913737,18.399998982747398,16.84999974568685,19.249998728434246,16.150000254313152,19.949998219807945,15.300000508626304,-0.19036802978086156,-83.07694655198317,-1.0613039505317268,-1.204180832579267,0.14287688204754012,30.017764193988555,16.11091974655715,18.269999694824218,19.059999847412108,22.45699996948242,29.977999954223634,YAARI.BO,2023-08-21 22:14:56.168973
126,2023-01-24 00:00:00+05:30,18.600000381469727,18.600000381469727,17.899999618530273,18.049999237060547,44872,0.0,0.0,2023-01-24,19.164999866485594,0.510958957237857,19.67595882372345,18.654040909247737,20.18691778096131,18.14308195200988,-138.69470087695365,-85.13553205051196,-5513830,9157.033281067588,16055.116212068091,39.55946688418041,55.78910736326337,18.183333079020183,18.466666539510094,17.76666577657064,18.883333841959637,17.48333231608073,19.166667302449547,17.066665013631187,-0.3111688122390341,-93.61703854548051,-1.0408619785394393,-1.239900053091152,0.19903807455171263,32.54853134372735,15.216747720612059,18.589999771118165,19.164999866485594,22.80400001525879,30.251999969482423,YAARI.BO,2023-08-21 22:14:56.168973
127,2023-01-23 00:00:00+05:30,18.600000381469727,18.700000762939453,18.049999237060547,18.350000381469727,59568,0.0,0.0,2023-01-23,19.25749988555908,0.4637589678500787,19.72125885340916,18.793740917709002,20.18501782125924,18.329981949858922,-145.99995930989553,-79.56931031263719,-5468958,12358.087738126384,17779.636944818216,39.59751975677853,51.80028124439675,18.366666793823242,18.683334350585938,18.03333282470703,19.01666831970215,17.716665267944336,19.333335876464844,17.383331298828125,-0.33817566655331255,-86.36358907401724,-1.0481618480562993,-1.2896595717290802,0.24149772367278088,34.152759807219866,15.075197694148073,18.729999923706053,19.25749988555908,23.143000030517577,30.544499969482423,YAARI.BO,2023-08-21 22:14:56.168973
128,2023-01-20 00:00:00+05:30,18.850000381469727,19.0,18.399999618530273,18.5,56672,0.0,0.0,2023-01-20,19.339999866485595,0.43997615712498805,19.779976023610583,18.900023709360607,20.21995218073557,18.46004755223562,-125.99677563890093,-72.29637846189112,-5409390,11853.38650281135,19135.024246491175,39.64753757714515,48.7432336825475,18.633333206176758,18.866666793823242,18.266666412353516,19.233333587646484,18.03333282470703,19.46666717529297,17.66666603088379,-0.14751201966195135,-83.33331819564852,-1.0711722202499026,-1.3500340026472755,0.2788617823973729,34.95259322286965,15.072080024200416,18.81999969482422,19.339999866485595,23.457999992370606,30.91899995803833,YAARI.BO,2023-08-21 22:14:56.168973
129,2023-01-19 00:00:00+05:30,19.0,19.649999618530273,18.799999237060547,18.899999618530273,63910,0.0,0.0,2023-01-19,19.249999904632567,0.7174515199571829,19.96745142458975,18.532548384675383,20.684902944546934,17.8150968647182,-27.935708942199557,-60.95534969326335,-5352718,13656.291885765564,20955.43368241113,39.69500608660433,49.11959541761487,19.116666158040363,19.43333307902018,18.583332697550453,19.96666653951009,18.266665776570637,20.283333460489906,17.733332316080727,-0.15672606742039183,-65.11627288042519,-1.0991752770765117,-1.4197494482466184,0.32057417117010667,37.104294447724484,15.417510278989784,18.969999694824217,19.249999904632567,23.787000007629395,31.320999965667724,YAARI.BO,2023-08-21 22:14:56.168973
130,2023-01-18 00:00:00+05:30,18.799999237060547,19.75,18.149999618530273,19.149999618530273,195297,0.0,0.0,2023-01-18,19.219999885559083,0.7448771721960165,19.9648770577551,18.475122713363067,20.709754229951116,17.73024554116705,-54.77529318952159,-65.0954664908945,-5288808,42283.07071269412,22780.21913157252,39.74777836645861,54.25848334855753,19.016666412353516,19.883333206176758,18.28333282470703,20.616666793823242,17.41666603088379,21.483333587646484,16.683332443237305,-0.19805368232203524,-66.66666666666667,-1.157767406549528,-1.499892991039145,0.34212558448961694,38.47903935499167,16.202856438579346,19.11999969482422,19.219999885559083,24.110999984741213,31.740499954223633,YAARI.BO,2023-08-21 22:14:56.168973
131,2023-01-17 00:00:00+05:30,18.75,19.200000762939453,18.5,18.75,60757,0.0,0.0,2023-01-17,19.244999885559082,0.7507714546240232,19.995771340183104,18.49422843093506,20.746542794807127,17.743456976311037,-123.75234797000083,-70.84977492688846,-5484105,12879.522773376859,17904.50623629212,39.90875949097674,43.924954776374044,18.816666920979817,19.133333841959633,18.43333307902018,19.51666768391927,18.116666158040363,19.833334604899086,17.733332316080727,-0.26999529046197235,-90.56603637782207,-1.2398623691846815,-1.5854243871615492,0.3455620179768677,34.8952199463415,17.04861384121426,19.229999923706053,19.244999885559082,24.439999961853026,32.17549997329712,YAARI.BO,2023-08-21 22:14:56.168973
132,2023-01-16 00:00:00+05:30,19.100000381469727,19.5,18.649999618530273,18.799999237060547,59198,0.0,0.0,2023-01-16,19.299999904632568,0.7528891172946687,20.052889021927236,18.5471107873379,20.805778139221903,17.794221670043232,-101.07529263423615,-69.6069300616831,-5423348,12582.503032608945,19160.75210202093,39.96033015770625,31.76727693556967,18.983332951863606,19.316666285196938,18.46666590372721,19.833333333333332,18.13333257039388,20.166666666666664,17.616665522257485,-0.26763564977552956,-88.88892028556533,-1.286789103321638,-1.671814891655766,0.3850257883341279,35.132773082927685,17.338609285169447,19.370000076293945,19.299999904632568,24.78199993133545,32.58499998092651,YAARI.BO,2023-08-21 22:14:56.168973
133,2023-01-13 00:00:00+05:30,19.5,19.75,19.049999237060547,19.25,37455,0.0,0.0,2023-01-13,19.37249994277954,0.7717844271854554,20.144284369964996,18.600715515594086,20.91606879715045,17.82893108840863,-12.820568554263893,-65.07082089990747,-5364150,8151.5972286794795,20805.314369373926,40.01070089320428,45.765250928960825,19.349999745686848,19.65000025431315,18.949999491373696,20.0500005086263,18.649998982747395,20.350001017252602,18.249998728434242,-0.2610941580143865,-77.61194284787047,-1.3322969059298906,-1.768071338739298,0.4357744328094073,37.2521282580593,17.783074002071587,19.400000381469727,19.37249994277954,25.124999961853028,32.9660000038147,YAARI.BO,2023-08-21 22:14:56.168973
134,2023-01-12 00:00:00+05:30,19.200000762939453,19.799999237060547,19.200000762939453,19.649999618530273,69096,0.0,0.0,2023-01-12,19.409999942779542,0.7836486163656572,20.1936485591452,18.626351326413886,20.977297175510856,17.84270271004823,15.94200554927877,-63.89034945370055,-5326695,15350.32696989765,23968.743654547536,40.0420160944355,55.800636991310256,19.549999872843426,19.899998982747398,19.300000508626304,20.14999834696452,18.950001398722332,20.499997456868492,18.70000203450521,-0.3642179228360284,-41.12150665557671,-1.4146926237113178,-1.8770149469416495,0.46232232323033173,39.20415709425691,18.61268785071637,19.38000030517578,19.409999942779542,25.462999992370605,33.315500011444094,YAARI.BO,2023-08-21 22:14:56.168973
135,2023-01-11 00:00:00+05:30,19.549999237060547,20.25,19.299999237060547,19.700000762939453,82329,0.0,0.0,2023-01-11,19.49749994277954,0.9007999891859872,20.39829993196553,18.596699953593554,21.299099921151516,17.695899964407566,58.73874973606406,-62.948325991809504,-5257599,18336.703434383482,26123.347825710003,40.098917977863415,55.04214968748557,19.75,20.200000762939453,19.25,20.700000762939453,18.799999237060547,21.150001525878906,18.299999237060547,-0.43287955092273145,-39.44952876246339,-1.5381432759729243,-1.9925955277492324,0.4544522517763081,39.44406365234828,19.636984205188277,19.260000228881836,19.49749994277954,25.806999969482423,33.645,YAARI.BO,2023-08-21 22:14:56.168973
136,2023-01-10 00:00:00+05:30,19.0,20.200000762939453,18.5,19.450000762939453,146810,0.0,0.0,2023-01-10,19.627499866485596,1.0976618187584162,20.72516168524401,18.529838047727182,21.82282350400243,17.432176228968764,-24.63201466327934,-70.27081051583461,-5339928,32283.26410998126,28070.00892354163,40.16696668343127,48.22594919145506,19.383333841959637,20.266667683919273,18.56666692097982,21.08333460489909,17.683333079020183,21.966668446858726,16.866666158040367,-0.470611058978119,-44.036684083615356,-1.6778166741364444,-2.1062085906933095,0.42839191655686504,37.673262841736985,20.823509568076474,19.170000076293945,19.627499866485596,26.128999938964842,33.94899997711182,YAARI.BO,2023-08-21 22:14:56.168973
137,2023-01-09 00:00:00+05:30,19.100000381469727,19.25,18.799999237060547,18.950000762939453,41939,0.0,0.0,2023-01-09,19.82249984741211,1.3756792044948383,21.198179051906948,18.446820642917274,22.57385825640179,17.071141438422433,-95.0520577995747,-77.74852811756362,-5486738,8985.235832873723,27016.69512693172,40.290941326414284,39.67438715026759,19.0,19.200000762939453,18.75,19.450000762939453,18.549999237060547,19.650001525878906,18.299999237060547,-0.4921113547905044,-53.21099472591929,-1.8065982721770624,-2.2133065698325254,0.406708297655463,34.094090085796424,22.05844993937919,19.139999771118163,19.82249984741211,26.481999893188476,34.23199996948242,YAARI.BO,2023-08-21 22:14:56.168973
138,2023-01-06 00:00:00+05:30,19.200000762939453,19.549999237060547,18.850000381469727,19.149999618530273,81068,0.0,0.0,2023-01-06,20.05749979019165,1.6016664444010862,21.659166234592735,18.455833345790563,23.260832678993822,16.854166901389476,-61.86870255892024,-77.53236852197766,-5444799,17551.749266689643,31524.559950446215,40.32748614118093,36.89211363657811,19.183333079020183,19.51666577657064,18.81666692097982,19.883331934611004,18.483334223429363,20.21666463216146,18.116668065389,-0.49230415404193956,-49.54129146732835,-1.8948626170597187,-2.3149836442463907,0.420121027186672,34.837154130148306,22.549058711293753,19.32999954223633,20.05749979019165,26.86299987792969,34.49749996185303,YAARI.BO,2023-08-21 22:14:56.168973
139,2023-01-05 00:00:00+05:30,19.25,19.549999237060547,18.649999618530273,19.049999237060547,30495,0.0,0.0,2023-01-05,20.274999809265136,1.7595229399846746,22.03452274924981,18.515476869280462,23.794045689234487,16.755953929295785,-29.129481418490744,-81.16990949851767,-5525867,6567.888601218387,35017.76262138536,40.3978189499627,32.576382256779766,19.083332697550457,19.51666577657064,18.616666158040367,19.98333231608073,18.183333079020183,20.416665395100914,17.716666539510094,-0.48604369796285807,-51.376160595232676,-1.998854542618286,-2.4200139010430584,0.42115935842477237,34.1710387430452,23.11058938210428,19.489999771118164,20.274999809265136,27.259999885559083,34.739499950408934,YAARI.BO,2023-08-21 22:14:56.168973
140,2023-01-04 00:00:00+05:30,19.450000762939453,19.600000381469727,18.75,19.25,121304,0.0,0.0,2023-01-04,20.464999866485595,1.8242590371867202,22.289258903672316,18.640740829298874,24.113517940859037,16.816481792112153,-16.050568887804058,-81.97685287405866,-5495372,26400.249638973048,42130.2311264271,40.42452189433971,26.282770904653404,19.200000127156574,19.65000025431315,18.799999872843422,20.0500005086263,18.349999745686848,20.500000635782875,17.949999491373696,-0.5275090608441971,-47.706422339424016,-2.091861522732337,-2.525303740649251,0.43344221791691373,34.83230591178925,23.71531471990023,19.589999771118165,20.464999866485595,27.62199993133545,34.998499965667726,YAARI.BO,2023-08-21 22:14:56.168973
141,2023-01-03 00:00:00+05:30,19.950000762939453,19.950000762939453,19.200000762939453,19.299999237060547,124278,0.0,0.0,2023-01-03,20.71249990463257,1.979890763915063,22.69239066854763,18.732609140717507,24.672281432462697,16.75271837680244,4.1428004937469565,-80.94214714922093,-5374068,27117.75452730614,46062.72649829061,40.53040630521314,22.530592020546138,19.483333587646484,19.766666412353516,19.016666412353516,20.233333587646484,18.733333587646484,20.516666412353516,18.266666412353516,-0.5699676313877792,-55.03877092242917,-2.198940814490083,-2.6336642951284794,0.4347234806383966,34.98949114071178,24.424584311998593,19.66999969482422,20.71249990463257,27.994999961853026,35.27249998092651,YAARI.BO,2023-08-21 22:14:56.168973
142,2023-01-02 00:00:00+05:30,20.049999237060547,20.299999237060547,19.700000762939453,19.899999618530273,44257,0.0,0.0,2023-01-02,21.069999980926514,2.3265856299450003,23.396585610871515,18.743414350981514,25.723171240816516,16.416828721036513,43.90393770697267,-77.92439949501508,-5249790,9957.199700443818,50798.969491036725,40.639733081839026,19.99173427558388,19.96666653951009,20.233332316080727,19.633333841959633,20.566665013631184,19.366668065388996,20.83333079020182,19.03333536783854,-0.5619807350150631,-53.333333333333336,-2.3076416384284606,-2.7423451652880786,0.434703526859618,36.842040303344724,25.442490160201285,19.789999771118165,21.069999980926514,28.362000007629394,35.53799997329712,YAARI.BO,2023-08-21 22:14:56.168973
143,2022-12-30 00:00:00+05:30,19.399999618530273,21.149999618530273,19.399999618530273,19.950000762939453,184913,0.0,0.0,2022-12-30,21.4,2.6034896852537015,24.0034896852537,18.796510314746296,26.606979370507403,16.193020629492594,56.93951375650126,-78.70454693123777,-5205533,41707.34446984889,61009.41193868495,40.67783582617238,19.785125084646552,20.166666666666668,20.933333714803062,19.183333714803062,21.916666666666668,18.416666666666668,22.683333714803062,17.433333714803062,-0.4842365927895397,-54.777057682836364,-2.470938312124183,-2.8510210470029826,0.38008273487879984,36.993603173078775,26.822267238879714,19.809999847412108,21.4,28.71400001525879,35.77599998474121,YAARI.BO,2023-08-21 22:14:56.168973
144,2022-12-29 00:00:00+05:30,19.5,19.850000381469727,19.299999237060547,19.549999237060547,56169,0.0,0.0,2022-12-29,21.507499980926514,2.584787379139556,24.09228736006607,18.92271260178696,26.677074739205626,16.337925222647403,1.1614170296822208,-88.72859088101461,-5390446,12414.968287551492,65834.92880589396,40.83817477636514,17.184214761847898,19.56666628519694,19.833333333333336,19.283332188924156,20.11666742960612,19.01666514078776,20.383334477742515,18.733331044514976,-0.5163441235974207,-61.34969612307384,-2.647493434151823,-2.9460417307226825,0.2985482965708597,35.00742505135038,28.30818101591802,19.15999984741211,21.507499980926514,29.10400001525879,35.992999992370606,YAARI.BO,2023-08-21 22:14:56.168973
145,2022-12-28 00:00:00+05:30,19.799999237060547,21.200000762939453,19.399999618530273,19.649999618530273,480169,0.0,0.0,2022-12-28,21.719999980926513,2.5900823883356447,24.310082369262158,19.129917592590868,26.900164757597803,16.539835204255223,22.584232595399413,-86.45386789524973,-5334277,106674.064356964,79189.91893547957,40.88831363561345,20.654748842617394,20.083333333333332,20.76666704813639,18.96666590372721,21.883334477742512,18.283332188924152,22.56666819254557,17.16666475931803,-0.536381023851434,-61.53846501110325,-2.794029865348353,-3.020678804865397,0.22664893951704412,35.265495852188806,29.059873902630464,18.90999984741211,21.719999980926513,29.39,36.194500007629394,YAARI.BO,2023-08-21 22:14:56.168973
146,2022-12-27 00:00:00+05:30,21.0,21.850000381469727,19.299999237060547,19.899999618530273,342904,0.0,0.0,2022-12-27,22.005000019073485,2.6628982011266866,24.667898220200172,19.342101817946798,27.33079642132686,16.67920361682011,18.569245454244296,-87.40720206946001,-4854108,77148.55516824427,72318.88258010845,41.32471575469133,20.1168603823797,20.349999745686848,21.40000025431315,18.84999910990397,22.900000890096027,17.799998601277668,23.95000139872233,16.29999796549479,-0.49927715454995486,-58.579885396572735,-2.9491556388379188,-3.077341039744658,0.12818540090673913,35.87951309609524,29.91565577538379,18.90999984741211,22.005000019073485,29.672000007629393,36.41300001144409,YAARI.BO,2023-08-21 22:14:56.168973
147,2022-12-26 00:00:00+05:30,16.700000762939453,20.0,16.5,20.0,392230,0.0,0.0,2022-12-26,22.322500038146973,2.774909981197656,25.09741001934463,19.547590056949318,27.872320000542285,16.772680075751662,-71.94132147853068,-108.48636544309164,-4511204,88689.65823244039,71111.46443307449,41.64378161011877,11.667474766856145,18.833333333333332,21.166666666666664,17.666666666666664,22.333333333333332,15.333333333333332,24.666666666666664,14.166666666666664,-0.5243863810772762,-66.0377334725098,-3.127700672489894,-3.1093873899713422,-0.018313282518551688,36.1130578654909,30.837267022964298,18.9,22.322500038146973,29.965,36.64150001525879,YAARI.BO,2023-08-21 22:14:56.168973
148,2022-12-23 00:00:00+05:30,18.0,18.0,16.399999618530273,16.700000762939453,114276,0.0,0.0,2022-12-23,22.742500019073486,3.0289513359373688,25.771451355010853,19.713548683136118,28.800402690948225,16.684597347198746,-150.32678765699416,-134.45155009117775,-4903434,21576.137400009196,66716.91598323302,42.01886553386579,19.843100222990643,17.03333346048991,17.666667302449547,16.06666692097982,18.633333841959637,15.433333079020183,19.266667683919273,14.466666539510094,-0.6202065428751881,-97.61903860851957,-3.318751538408911,-3.104809069341704,-0.21394246906720715,20.195325823901072,30.61871746475893,18.95,22.742500019073486,30.27099998474121,36.8625,YAARI.BO,2023-08-21 22:14:56.168973
149,2022-12-22 00:00:00+05:30,20.5,20.5,18.100000381469727,18.299999237060547,234529,0.0,0.0,2022-12-22,23.419999980926512,3.1202818061925908,26.540281787119103,20.299718174733922,29.660563593311693,17.17943636854133,-107.24029250974965,-120.97113053526941,-4789158,48523.2410305229,78002.11062903897,42.14735043279791,26.00390859818188,18.96666653951009,19.833332697550453,17.43333307902018,21.366666158040363,16.566666920979817,22.233332316080727,15.033333460489906,-0.6358244198157206,-98.16514804963096,-3.188070501906708,-3.051323452074902,-0.13674704983180597,22.746929564080247,28.792086004645487,19.60999984741211,23.419999980926512,30.64,37.09649997711182,YAARI.BO,2023-08-21 22:14:56.168973
150,2022-12-21 00:00:00+05:30,19.950000762939453,20.799999237060547,19.399999618530273,19.649999618530273,287075,0.0,0.0,2022-12-21,24.010000038146973,3.2153661397039635,27.225366177850937,20.79463389844301,30.4407323175549,17.579267758739046,-91.78965421175918,-117.39130944650822,-4554629,63776.41419016104,85371.82802866798,42.39832881709177,23.903143496860196,19.9499994913737,20.499999364217125,19.09999974568685,21.349999109903973,18.549999872843426,21.899998982747398,17.700000127156578,-0.6324063267449338,-96.39174892844376,-3.130030683655864,-3.0171366896169505,-0.11289399403891354,25.24603544089885,27.313361687590874,20.229999923706053,24.010000038146973,30.978000030517578,37.29549999237061,YAARI.BO,2023-08-21 22:14:56.168973
151,2022-12-20 00:00:00+05:30,20.5,20.75,19.299999237060547,19.850000381469727,226976,0.0,0.0,2022-12-20,24.67750005722046,3.6225345807113296,28.300034637931788,21.054965476509132,31.92256921864312,17.4324308957978,-113.93171133643929,-125.20811637306628,-4267554,50938.08753007548,90770.68148829471,42.69520515155929,22.316255638999607,19.96666653951009,20.633333841959633,19.18333307902018,21.416667302449543,18.516665776570637,22.083334604899086,17.733332316080727,-0.6321163826956128,-94.32988555515836,-3.141252004166489,-2.9889131911072218,-0.15233881305926733,25.633454112936008,26.159271525123152,20.75999984741211,24.67750005722046,31.317000007629396,37.463000011444095,YAARI.BO,2023-08-21 22:14:56.168973
152,2022-12-19 00:00:00+05:30,20.350000381469727,20.950000762939453,19.850000381469727,20.25,188570,0.0,0.0,2022-12-19,25.322500038146973,3.8584997198900317,29.180999758037004,21.464000318256943,33.03949947792704,17.60550059836691,-127.83533938151635,-129.84132544859628,-4040578,43171.76519784928,100728.8299778495,42.933387833205494,20.78359713698279,20.350000381469727,20.850000381469727,19.75,21.450000762939453,19.25,21.950000762939453,18.649999618530273,-0.6431584820622674,-95.62841928736033,-3.127721012319334,-2.9508284878424043,-0.17689252447692994,26.385417407251623,24.873374963590095,21.45999984741211,25.322500038146973,31.67199996948242,37.61150001525879,YAARI.BO,2023-08-21 22:14:56.168973
153,2022-12-16 00:00:00+05:30,21.200000762939453,21.399999618530273,19.899999618530273,20.0,679397,0.0,0.0,2022-12-16,25.967500114440917,4.039876252758889,30.007376367199804,21.92762386168203,34.0472526199587,17.88774760892314,-169.37032084518026,-138.7571181979421,-4229148,153622.84306183946,115118.09617284955,43.13158336617699,19.540540798317608,20.433333079020183,20.966666539510094,19.466666539510094,21.933333079020183,18.933333079020183,22.466666539510094,17.966666539510094,-0.6524759765386571,-98.91303942199049,-3.1024014319715008,-2.9066053567231718,-0.19579607524832898,25.110429145788387,23.67236489510174,22.139999771118163,25.967500114440917,32.013999938964844,37.739500007629395,YAARI.BO,2023-08-21 22:14:56.168973
154,2022-12-15 00:00:00+05:30,22.850000381469727,22.850000381469727,21.200000762939453,21.399999618530273,632276,0.0,0.0,2022-12-15,26.670000076293945,4.1671460203137904,30.837146096607736,22.502854055980155,35.004292116921526,18.335708035666364,-125.97949366802767,-131.92067821906323,-3549751,152975.76739006027,105491.90945060206,43.883437874816785,19.40849236463623,21.816666920979817,22.43333307902018,20.783333460489906,23.46666653951009,20.166667302449543,24.083332697550453,19.133333841959633,-0.6309155770499922,-98.05826339412529,-2.998357402102357,-2.8576563379110898,-0.14070106419126738,27.595784048890337,22.395191155853738,22.839999771118165,26.670000076293945,32.34399993896484,37.8545000076294,YAARI.BO,2023-08-21 22:14:56.168973
155,2022-12-14 00:00:00+05:30,23.899999618530273,23.899999618530273,22.049999237060547,22.299999237060547,554737,0.0,0.0,2022-12-14,27.297500133514404,4.27531095744552,31.572811090959924,23.022189176068885,35.84812204840544,18.746878218623365,-93.9075610932624,-130.69259085718832,-2917475,139860.20467596065,93620.94496573751,44.58475432304398,29.64459380122159,22.74999936421712,23.449999491373696,21.59999910990397,24.599999745686848,20.899998982747395,25.299999872843422,19.749998728434242,-0.6190087396584301,-96.41435207524832,-2.9575986080781433,-2.8224810718632725,-0.13511753621487088,29.32861257087815,21.44957565033847,23.129999923706055,27.297500133514404,32.653999977111816,37.95250001907348,YAARI.BO,2023-08-21 22:14:56.168973
156,2022-12-13 00:00:00+05:30,24.25,24.25,23.200000762939453,23.350000381469727,77492,0.0,0.0,2022-12-13,27.927500247955322,4.425835640401751,32.35333588835707,23.501664607553572,36.77917152875882,19.07582896715182,-56.71640028521869,-130.17721992263026,-2362738,20457.18815139892,82061.13003818173,45.21178779962278,31.24881322604722,23.600000381469727,24.0,22.950000762939453,24.649999618530273,22.55000114440918,25.049999237060547,21.900001525878906,-0.607698079392461,-88.04780985483634,-2.949239226522426,-2.7887016878095547,-0.16053753871287135,31.469346437838553,20.733768940486193,23.510000228881836,27.927500247955322,32.95999996185303,38.045000019073484,YAARI.BO,2023-08-21 22:14:56.168973
157,2022-12-12 00:00:00+05:30,24.0,24.549999237060547,23.200000762939453,23.649999618530273,36004,0.0,0.0,2022-12-12,28.510000228881836,4.556389523807352,33.06638975268919,23.95361070507448,37.622779276496544,19.39722118126713,-57.39953201693263,-139.3283789169164,-2285246,9626.846982977602,97462.11550987742,45.29805558367975,31.848395949267953,23.799999872843426,24.399998982747398,23.050000508626304,25.14999834696452,22.450001398722332,25.749997456868492,21.70000203450521,-0.6046083237015666,-86.100390763483,-2.997260445775133,-2.7485673031313365,-0.2486931426437966,32.090785839428435,20.39886667489118,24.13000030517578,28.510000228881836,33.23099998474121,38.128000011444094,YAARI.BO,2023-08-21 22:14:56.168973
158,2022-12-09 00:00:00+05:30,23.399999618530273,24.850000381469727,22.399999618530273,23.5,152159,0.0,0.0,2022-12-09,29.032500171661376,4.568895841537962,33.601396013199334,24.463604330123413,38.1702918547373,19.89470848858545,-78.18659328991959,-157.28655665718594,-2321250,40426.64356554351,119420.93264160237,45.337817996183865,31.34148555984781,23.583333333333332,24.76666704813639,22.316666285196938,26.033334096272785,21.13333257039388,27.216667811075844,19.866665522257485,-0.6061057406047634,-87.2586890784324,-3.042874500653504,-2.686394017470387,-0.356480483183117,31.4624016267757,20.03820269655809,24.700000381469728,29.032500171661376,33.51100002288818,38.19300001144409,YAARI.BO,2023-08-21 22:14:56.168973
159,2022-12-08 00:00:00+05:30,24.799999237060547,24.799999237060547,22.75,22.850000381469727,514707,0.0,0.0,2022-12-08,29.60500020980835,4.556513580812307,34.16151379062066,25.04848662899604,38.71802737143297,20.491973048183734,-86.04552532991713,-177.24003061716786,-2473409,132968.40646842855,139169.50491061708,45.508659865781304,29.55393703893857,23.46666653951009,24.18333307902018,22.133333841959633,25.516665776570637,21.416667302449543,26.233332316080727,20.083334604899086,-0.6191781562111055,-92.27799159558785,-3.040397464534145,-2.5972738966746074,-0.44312356785953755,28.811815680292042,19.649795335276302,24.42000045776367,29.60500020980835,33.787000007629395,38.260500011444094,YAARI.BO,2023-08-21 22:14:56.168973
160,2022-12-07 00:00:00+05:30,26.5,27.0,23.899999618530273,24.200000762939453,594615,0.0,0.0,2022-12-07,30.217500114440917,4.4220521838125215,34.639552298253435,25.795447930628395,39.06160448206596,21.373395746815874,-54.48392380870486,-168.7854130759013,-1958702,162687.21255101424,140719.7795211642,46.12458720655728,32.06039250990435,25.03333346048991,26.166667302449547,23.06666692097982,28.133333841959637,21.933333079020183,29.266667683919273,19.966666539510094,-0.5914511600387764,-81.85327730391901,-2.927144365487674,-2.4864930047097227,-0.4406513607779514,31.13392471469966,19.34877991102394,24.610000228881837,30.217500114440917,34.08400001525879,38.34450000762939,YAARI.BO,2023-08-21 22:14:56.168973
161,2022-12-06 00:00:00+05:30,28.450000762939453,29.0,25.649999618530273,26.450000762939453,655880,0.0,0.0,2022-12-06,30.7875,4.339532824520663,35.12703282452066,26.447967175479338,39.46656564904133,22.108434350958674,-16.85305977013518,-145.92168706774797,-1364087,196133.7150813942,135227.9212637017,46.83540672349769,35.680163930146534,27.03333346048991,28.416667302449547,25.06666692097982,30.383333841959637,23.683333079020183,31.766667683919273,21.716666539510094,-0.5654184048491112,-66.17646873203533,-2.870749990406445,-2.3763301645152346,-0.49441982589121025,35.57071196807401,19.413849278113382,24.84000015258789,30.7875,34.38099998474121,38.419500007629395,YAARI.BO,2023-08-21 22:14:56.168973
162,2022-12-05 00:00:00+05:30,22.700000762939453,26.5,22.549999237060547,26.5,342315,0.0,0.0,2022-12-05,31.25749988555908,4.35404440472014,35.61154429027922,26.903455480838943,39.96558869499936,22.5494110761188,-63.7827019053344,-202.16928631812638,-708207,102559.04819655593,120001.47280927855,47.591458232688595,24.91466819630729,25.183333079020183,27.81666692097982,23.866666158040367,29.133333841959637,21.23333231608073,31.766667683919273,19.916665395100914,-0.5734927781647262,-68.25938744292763,-2.97664279821295,-2.2527252080424316,-0.7239175901705184,35.675620079007714,20.130864692730782,24.8,31.25749988555908,34.65699996948242,38.473999996185306,YAARI.BO,2023-08-21 22:14:56.168973
163,2022-12-02 00:00:00+05:30,24.0,24.450000762939453,21.850000381469727,22.100000381469727,651609,0.0,0.0,2022-12-02,31.729999923706053,4.323235779448464,36.05323570315452,27.40676414425759,40.37647148260298,23.083528364809126,-127.2322812794726,-286.646912045003,-1050522,162810.17123150156,124362.0789624592,48.00778002849422,18.961773819098283,22.8000005086263,23.750000635782875,21.15000025431315,25.400000890096027,20.200000127156574,26.350001017252602,18.549999872843422,-0.7155271680241142,-98.34437090275314,-3.0720411997634116,-2.071745810499802,-1.0002953892636097,15.251304035487735,19.55985759403855,25.179999923706056,31.729999923706053,34.88399993896484,38.538999996185304,YAARI.BO,2023-08-21 22:14:56.168973
164,2022-12-01 00:00:00+05:30,26.0,26.399999618530273,23.399999618530273,23.799999237060547,606879,0.0,0.0,2022-12-01,32.432499980926515,3.783943785476015,36.21644376640253,28.6485561954505,40.000387551878546,24.864612409974484,-131.3556208537355,-288.7700701669918,-398913,163298.137199937,114750.0558951986,49.01923461117285,22.142072435492267,24.53333282470703,25.66666603088379,22.66666603088379,27.53333282470703,21.53333282470703,28.66666603088379,19.66666603088379,-0.6953503441986775,-97.0479735443025,-2.714300687805899,-1.8216719631838996,-0.8926287246219995,17.212023221792947,17.597224624787653,26.809999847412108,32.432499980926515,35.23199993133545,38.661499977111816,YAARI.BO,2023-08-21 22:14:56.168973
165,2022-11-30 00:00:00+05:30,26.25,26.950000762939453,24.25,25.350000381469727,576432,0.0,0.0,2022-11-30,33.08499994277954,3.3128575731643477,36.39785751594389,29.772142369615192,39.710715089108234,26.459284796450845,-158.1371924955922,-308.57721168898274,207966,165206.91830483725,102613.035569014,49.97082183154815,27.60939962378984,25.516667048136394,26.78333409627279,24.083333333333336,28.216667811075848,22.81666628519694,29.483334859212242,21.383332570393883,-0.6785062816251747,-91.33858019379262,-2.382582788004754,-1.5985147820283998,-0.7840680059763543,19.314276060972844,15.934552038554537,28.070000076293944,33.08499994277954,35.55199993133545,38.75099998474121,YAARI.BO,2023-08-21 22:14:56.168973
166,2022-11-29 00:00:00+05:30,29.100000381469727,29.100000381469727,26.149999618530273,26.25,488230,0.0,0.0,2022-11-29,33.60749988555908,2.815430787377666,36.422930672936744,30.792069098181415,39.23836146031441,27.976638310803747,-169.26824538456665,-298.32737719794386,784398,144895.85010951993,86964.5648850582,50.88602157234752,34.62847935589146,27.166666666666668,28.183333714803062,25.23333295186361,30.11666742960612,24.216665903727215,31.133334477742515,22.283332188924156,-0.8188619277553916,-99.07407064006198,-2.0744352443298766,-1.402497780534311,-0.6719374637955655,20.67585434531202,14.412716049292564,29.6,33.60749988555908,35.865999908447264,38.841999988555905,YAARI.BO,2023-08-21 22:14:56.168973
167,2022-11-28 00:00:00+05:30,30.299999237060547,31.5,28.200000762939453,28.399999618530273,509238,0.0,0.0,2022-11-28,34.14999980926514,2.3258838538731808,36.47588366313832,31.82411595539196,38.8017675170115,29.498232101518777,-166.2921348571454,-253.32135020715208,1272628,163508.8694712333,72481.74357894275,51.68687585005511,45.01617010341071,29.366666793823242,30.53333282470703,27.233333587646484,32.66666603088379,26.066667556762695,33.83333206176758,23.933334350585938,-0.7806450152417734,-97.71429879324776,-1.7371184994145707,-1.2345134145854197,-0.502605084829151,24.508432131131514,13.443558291785843,30.9,34.14999980926514,36.20199989318848,38.94199998855591,YAARI.BO,2023-08-21 22:14:56.168973
168,2022-11-25 00:00:00+05:30,33.849998474121094,34.400001525878906,29.950000762939453,30.25,547792,0.0,0.0,2022-11-25,34.629999828338626,2.0511482951013753,36.68114812344,32.57885153323725,38.732296418541374,30.527703238135874,-126.15382616994806,-190.4554802061486,1781866,187345.48978782428,49724.962105870116,52.50415648962299,69.75000563914512,31.533334096272785,33.11666742960612,28.666666666666664,35.983334859212235,27.083333333333332,37.56666819254557,24.21666590372721,-0.7336242952439966,-93.71429443359375,-1.4906732581371287,-1.1088621433781318,-0.3818111147589969,28.76938438744112,13.281356809207923,31.850000381469727,34.629999828338626,36.41199993133545,39.03950000762939,YAARI.BO,2023-08-21 22:14:56.168973
169,2022-11-24 00:00:00+05:30,32.900001525878906,33.04999923706055,29.700000762939453,30.100000381469727,138795,0.0,0.0,2022-11-24,35.067499828338626,2.0002809703365867,37.067780798675216,33.067218858002036,39.0680617690118,31.066937887665453,-205.882363173459,-235.46784542575514,1234074,47232.67040236021,15319.830185381574,53.37728780099237,21.118357891963683,30.950000127156574,32.199999491373696,28.850001017252602,34.299998601277665,27.60000165303548,35.54999796549479,25.500002543131508,-0.5206447818996437,-95.42857578822544,-1.3347597177351957,-1.0134093646883826,-0.32135035304681314,27.824638623886656,14.03006270347637,32.61000022888184,35.067499828338626,36.58299991607666,39.10049999237061,YAARI.BO,2023-08-21 22:14:56.168973
170,2022-11-23 00:00:00+05:30,34.79999923706055,34.79999923706055,32.650001525878906,33.0,14895,0.0,0.0,2022-11-23,35.41999988555908,1.6732727465773245,37.093272632136404,33.746727138981754,38.76654537871373,32.07345439240443,-85.44601006232465,-135.9588194761936,1372869,5557.207653581138,7341.620131136914,53.6110088455725,30.20304020964433,33.483333587646484,34.31666564941406,32.16666793823242,35.633331298828125,31.333335876464844,36.4666633605957,30.01667022705078,-0.4383864570314283,-91.59663973298404,-1.1001468177026865,-0.9330717764266792,-0.16707504127600736,36.520353296512404,13.933363387522121,33.380000305175784,35.41999988555908,36.75899993896484,39.1460000038147,YAARI.BO,2023-08-21 22:14:56.168973
171,2022-11-22 00:00:00+05:30,33.54999923706055,33.75,32.5,32.75,17859,0.0,0.0,2022-11-22,35.66499996185303,1.6589549650708704,37.323954926923896,34.00604499678216,38.982909891994765,32.34709003171129,-147.32882228908198,-167.15377532962012,1357974,6612.575129225298,7787.723250525857,53.63324192431651,34.7922722020743,33.0,33.5,32.25,34.25,31.75,34.75,31.0,-0.4213091982190612,-95.79831986649202,-1.0687083427026494,-0.8913030161076771,-0.1774053265949722,34.89154310393211,14.234281121493996,33.76000061035156,35.66499996185303,36.910999908447266,39.1310000038147,YAARI.BO,2023-08-21 22:14:56.168973
172,2022-11-21 00:00:00+05:30,34.45000076293945,34.45000076293945,33.0,33.150001525878906,19509,0.0,0.0,2022-11-21,35.910000038146975,1.5649618396294946,37.47496187777647,34.34503819851748,39.03992371740596,32.78007635888799,-138.46874739046606,-150.84188322029695,1375833,7311.739989621606,8081.510280850996,53.6602863003169,34.15105672311934,33.53333409627279,34.06666819254558,32.616667429606125,34.98333485921224,32.083333333333336,35.51666895548503,31.16666666666667,-0.4161894938746472,-97.24767880953465,-0.9876438051237812,-0.846951684458934,-0.14069212066484726,36.274381046769825,15.316657198530528,34.210000610351564,35.910000038146975,37.073999938964846,39.09,YAARI.BO,2023-08-21 22:14:56.168973
173,2022-11-18 00:00:00+05:30,33.75,34.45000076293945,33.599998474121094,34.04999923706055,11941,0.0,0.0,2022-11-18,36.127499961853026,1.4599457341242135,37.58744569597724,34.667554227728814,39.047391430101456,33.207608493604596,-138.22985372537187,-136.7033658889242,1395342,4596.846296418332,8273.952853658344,53.689342808894345,35.02849329666327,34.03333282470703,34.46666717529297,33.61666488647461,34.88333511352539,33.18333053588867,35.31666946411133,32.76666259765625,-0.4326762935569457,-91.89188260361537,-0.9082864216036981,-0.8117786542927221,-0.09650776731097599,39.549194681181866,16.090027943812235,34.4,36.127499961853026,37.19099990844727,39.0354999923706,YAARI.BO,2023-08-21 22:14:56.168973
174,2022-11-17 00:00:00+05:30,35.29999923706055,35.45000076293945,33.70000076293945,33.95000076293945,26854,0.0,0.0,2022-11-17,36.39750003814697,1.5519493832103803,37.94944942135735,34.845550654936595,39.501398804567735,33.29360127172621,-122.28256355085796,-128.00375514694716,1383401,10307.443210218158,9193.229492968347,53.706387186325806,35.45381074868051,34.36666742960612,35.03333409627278,33.28333409627278,36.11666742960612,32.61666742960612,36.78333409627278,31.53333409627278,-0.03512147717447397,-94.0170572328262,-0.8815591457495913,-0.787651712464978,-0.09390743328461326,38.98083184981555,16.435915756989544,34.58000030517578,36.39750003814697,37.32299995422363,38.9675,YAARI.BO,2023-08-21 22:14:56.168973
175,2022-11-16 00:00:00+05:30,36.0,36.5,34.20000076293945,34.900001525878906,28896,0.0,0.0,2022-11-16,36.392499923706055,1.5603879808793006,37.95288790458535,34.83211194282676,39.51327588546466,33.27172396194745,-56.57087160564117,-92.49134771266088,1410255,11401.58822935763,8914.676063655892,53.74502196533239,49.57857748013275,35.20000076293945,36.20000076293945,33.900001525878906,37.5,32.900001525878906,38.5,31.60000228881836,-0.008720988193511022,-81.02185960025328,-0.8241348421555301,-0.7641748541438246,-0.059959988011705545,42.50629121599561,16.727760203743117,34.80999984741211,36.392499923706055,37.49899993896484,38.9,YAARI.BO,2023-08-21 22:14:56.168973
176,2022-11-15 00:00:00+05:30,34.349998474121094,36.95000076293945,33.650001525878906,35.0,23834,0.0,0.0,2022-11-15,36.33499984741211,1.637561273588398,37.9725611210005,34.69743857382371,39.6101223945889,33.059877300235314,-70.04025842136937,-97.35763048858155,1439151,9431.20439549747,8292.948022230457,53.78476043231954,49.57857748013275,35.20000076293945,36.75,33.45000076293945,38.5,31.900001525878906,40.04999923706055,30.150001525878906,-0.012844677673328062,-79.56202834903856,-0.8316881219017844,-0.7491848571408982,-0.08250326476088621,42.88540170862549,16.646859484888672,34.949999237060545,36.33499984741211,37.69999992370605,38.837499980926516,YAARI.BO,2023-08-21 22:14:56.168973
177,2022-11-14 00:00:00+05:30,35.900001525878906,35.900001525878906,33.599998474121094,34.099998474121094,21977,0.0,0.0,2022-11-14,36.312499809265134,1.6598098991086998,37.972309708373835,34.65268991015643,39.63211960748254,32.99288001104773,-154.94138811201972,-133.30180806949124,1415317,8472.760795054526,8008.383928913703,53.81748963217464,44.20590726496337,34.53333282470703,35.46666717529297,33.166664123535156,36.833335876464844,32.23332977294922,37.76667022705078,30.866661071777344,-0.017523397592341644,-92.70073236594128,-0.838605608241842,-0.7285590409506766,-0.11004656729116546,38.28539607668346,16.559735633814654,35.119998931884766,36.312499809265134,37.94599990844726,38.76049997329712,YAARI.BO,2023-08-21 22:14:56.168973
178,2022-11-11 00:00:00+05:30,35.79999923706055,36.400001525878906,34.54999923706055,34.95000076293945,18973,0.0,0.0,2022-11-11,36.37249984741211,1.5960873917762175,37.968587239188324,34.77641245563589,39.56467463096455,33.18032506385967,-104.83866097743493,-105.28457337022911,1437294,7496.963113105321,7892.289712378497,53.84921824924518,51.053725601378375,35.300000508626304,36.05000178019206,34.1999994913737,37.150002797444664,33.449998219807945,37.90000406901042,32.34999720255534,0.0041059265940213184,-93.22031487408269,-0.74611942747336,-0.7010473991278852,-0.04507202834547486,41.195098064531805,17.03525473054893,35.48999938964844,36.37249984741211,38.37999992370605,38.71749998092651,YAARI.BO,2023-08-21 22:14:56.168973
179,2022-11-10 00:00:00+05:30,35.400001525878906,35.900001525878906,34.849998474121094,35.099998474121094,15679,0.0,0.0,2022-11-10,36.382499885559085,1.5873082605653397,37.96980814612442,34.79519162499375,39.557116406689765,33.207883364428405,-115.5589370494705,-111.64434671714145,1456267,6221.966026723322,7991.12136219679,53.875509706259024,37.32350410900028,35.28333282470703,35.71666717529297,34.666664123535156,36.333335876464844,34.23332977294922,36.76667022705078,33.616661071777344,0.012671794698630622,-95.53571611034552,-0.7001165967901599,-0.6897793920415164,-0.010337204748643525,41.714604760265644,16.85267741780598,35.72999954223633,36.382499885559085,38.85499992370605,38.670999965667725,YAARI.BO,2023-08-21 22:14:56.168973
180,2022-11-09 00:00:00+05:30,35.79999923706055,36.400001525878906,35.599998474121094,35.599998474121094,11575,0.0,0.0,2022-11-09,36.3875,1.5832078868864154,37.970707886886416,34.80429211311359,39.553915773772836,33.22108422622717,-94.26788441807678,-87.52558649216674,1471946,4658.790238049191,8433.410196065157,53.897119196175666,69.07746516528294,35.86666615804037,36.13333384195964,35.33333079020183,36.66666920979818,35.066663106282554,36.93333689371745,34.533327738444015,0.0064047604856366245,-73.52942001448463,-0.6453837078986524,-0.6871950908543555,0.04181138295570308,43.409019199138015,16.91426419992672,36.07999954223633,36.3875,39.369999923706054,38.61899997711182,YAARI.BO,2023-08-21 22:14:56.168973
181,2022-11-07 00:00:00+05:30,38.45000076293945,38.45000076293945,35.70000076293945,35.849998474121094,14700,0.0,0.0,2022-11-07,36.4375,1.5727848917249985,38.010284891725,34.864715108275,39.58306978345,33.29193021655,-45.89917272468567,-52.532906790045054,1483521,5958.111879618929,9377.065185569149,53.912679114242984,69.37800801717123,36.666666666666664,37.633332570393875,34.883332570393875,39.416666666666664,33.916666666666664,40.383332570393875,32.133332570393875,-0.012617404931617848,-66.90142282865773,-0.6147729076072821,-0.6976479365932813,0.08287502898599919,44.24340200355071,16.430797420116438,36.119999694824216,36.4375,39.91099998474121,38.535,YAARI.BO,2023-08-21 22:14:56.168973
182,2022-11-04 00:00:00+05:30,35.70000076293945,36.75,35.650001525878906,35.95000076293945,25353,0.0,0.0,2022-11-04,36.525,1.5869950694141866,38.111995069414185,34.93800493058581,39.69899013882837,33.351009861171626,-106.79169779388295,-80.44951955673939,1498221,10304.583389371355,10231.803512056704,53.932207771315106,66.14528824921592,36.11666742960612,36.58333333333333,35.483334859212235,37.21666590372721,35.016668955485024,37.68333180745442,34.38333638509114,0.02007257227023991,-65.49293958485339,-0.5908882783311,-0.718366693839781,0.127478415508681,44.561543932086536,15.837322435541026,36.369999694824216,36.525,40.38800003051758,38.472500019073486,YAARI.BO,2023-08-21 22:14:56.168973
183,2022-11-03 00:00:00+05:30,36.849998474121094,37.150001525878906,35.849998474121094,36.150001525878906,18383,0.0,0.0,2022-11-03,36.59499988555908,1.5911682622438499,38.18616814780293,35.003831623315236,39.777336410046786,33.41266336107138,-112.12115373895534,-71.76237241537075,1523574,7513.233476300742,10213.608542728041,53.965801310659266,67.88708884284506,36.38333384195963,36.91666920979817,35.61666615804036,37.683336893717446,35.08333079020182,38.216672261555985,34.31666310628255,0.04886376411611233,-62.676026825386764,-0.5612045726515618,-0.7502362977169513,0.18903172506538957,45.16468189336268,16.003613807050648,36.779999542236325,36.59499988555908,40.80700004577637,38.4335000038147,YAARI.BO,2023-08-21 22:14:56.168973
184,2022-11-02 00:00:00+05:30,35.79999923706055,38.29999923706055,35.45000076293945,36.849998474121094,29623,0.0,0.0,2022-11-02,36.61249980926514,1.587937901944631,38.200437711209766,35.02456190732051,39.7883756131544,33.436624005375876,-90.55880968530114,-53.087657695691746,1541957,12341.521113196406,10888.702309334863,53.989966700337575,70.30070830426351,36.86666615804037,38.28333155314128,35.43333307902019,39.71666463216146,34.01666768391927,41.133330027262375,32.58333460489909,0.04856623092689858,-52.81691275946663,-0.5343943795687451,-0.7974942289832986,0.26309984941455344,47.242826019018345,16.04882226108662,37.349999237060544,36.61249980926514,41.168000030517575,38.396999988555905,YAARI.BO,2023-08-21 22:14:56.168973
185,2022-11-01 00:00:00+05:30,37.25,37.29999923706055,35.349998474121094,35.79999923706055,20990,0.0,0.0,2022-11-01,36.61499996185303,1.5883708209854566,38.20337078283848,35.02662914086758,39.791741603823944,33.43825831988212,-86.87310041038324,-84.91257908037126,1512334,8495.669982053452,10525.497608369478,54.02751250727839,65.62726801863403,36.1499989827474,36.9499994913737,34.99999872843425,38.09999974568685,34.199998219807945,38.900000254313156,33.049997965494796,0.022929063448211644,-67.60563758648888,-0.5609114169703773,-0.8632691913369369,0.30235777436655964,43.63013980713286,16.097508288509975,37.40999984741211,36.61499996185303,41.48300003051758,38.348999996185306,YAARI.BO,2023-08-21 22:14:56.168973
186,2022-10-31 00:00:00+05:30,38.599998474121094,39.150001525878906,36.5,37.099998474121094,11279,0.0,0.0,2022-10-31,36.704999923706055,1.590754727517884,38.29575465122394,35.11424519618817,39.88650937874182,33.52349046867029,22.948778092372685,-32.67530047486652,1533324,4730.931568425879,11032.954514948484,54.05584839799728,66.50573251717488,37.583333333333336,38.66666666666667,36.016665140787765,40.23333485921224,34.93333180745443,41.31666819254558,33.36666361490886,0.05041042206474185,-49.295785242168854,-0.48295358670634414,-0.9388586349285768,0.45590504822223266,47.35848288710063,16.60975406541366,37.83000030517578,36.704999923706055,41.76900001525879,38.317500019073485,YAARI.BO,2023-08-21 22:14:56.168973
187,2022-10-28 00:00:00+05:30,39.349998474121094,39.45000076293945,38.0,38.0,7766,0.0,0.0,2022-10-28,36.695000076293944,1.5887683626061138,38.283768438900054,35.10623171368783,39.87253680150617,33.517463351081716,69.2452534644287,-7.692954639839913,1544603,3336.4387810288636,12608.460251579136,54.07002428055814,70.05099600640172,38.483333587646484,38.96666717529297,37.516666412353516,39.93333435058594,37.03333282470703,40.41666793823242,36.06666564941406,0.02951812682467358,-36.61970468864004,-0.5038566896893144,-1.0528348969841348,0.5489782072948204,50.11131373759586,16.474248956230042,37.94000091552734,36.695000076293944,41.98200004577637,38.28300004959107,YAARI.BO,2023-08-21 22:14:56.168973
188,2022-10-27 00:00:00+05:30,37.04999923706055,40.45000076293945,36.75,39.0,40622,0.0,0.0,2022-10-27,36.67750015258789,1.5755097973870038,38.253009949974896,35.10199035520088,39.828519747361895,33.52648055781388,90.1764573553238,-11.60989855354,1552369,17911.34035795446,14926.465619216702,54.079280293179174,71.96649001452626,38.733333587646484,40.71666717529297,37.016666412353516,42.43333435058594,35.03333282470703,44.41666793823242,33.31666564941406,0.035597904096163785,-22.535194619448944,-0.6116213174254455,-1.19007944880784,0.5784581313823944,53.30836746804756,15.329358145962916,37.84000091552734,36.67750015258789,42.132000045776365,38.23900003433228,YAARI.BO,2023-08-21 22:14:56.168973
189,2022-10-25 00:00:00+05:30,37.20000076293945,38.0,37.0,37.150001525878906,7915,0.0,0.0,2022-10-25,36.59250011444092,1.4869854837861969,38.079485598227116,35.10551463065472,39.56647108201331,33.618529146868525,51.08417579109591,-48.16353625228919,1511747,3324.3897368294374,14180.246934532262,54.12484854369755,69.66546872532079,37.38333384195963,37.766667683919266,36.766667683919266,38.38333384195963,36.38333384195963,38.766667683919266,35.766667683919266,0.016598799165460882,-48.59151675619566,-0.8388105557023877,-1.3346939816534382,0.4958834259510505,47.561198748787156,14.096398811829086,37.93000106811523,36.59250011444092,42.219000015258786,38.200500049591064,YAARI.BO,2023-08-21 22:14:56.168973
190,2022-10-24 00:00:00+05:30,38.099998474121094,38.25,36.0,37.900001525878906,2582,0.0,0.0,2022-10-24,36.62000007629395,1.5028396919701457,38.12283976826409,35.1171603843238,39.62567946023424,33.61432069235366,62.281557992533195,-50.078238442971575,1519662,1106.3629996175378,16894.21123395797,54.134849303985824,66.96893536931675,37.38333384195963,38.766667683919266,36.516667683919266,39.63333384195963,35.13333384195963,41.016667683919266,34.266667683919266,0.016453870198281397,-38.02813420430233,-0.9347755556555981,-1.4586648381412006,0.5238892824856025,49.87207772415595,13.733513047699564,37.27000045776367,36.62000007629395,42.375,38.17950002670288,YAARI.BO,2023-08-21 22:14:56.168973
191,2022-10-21 00:00:00+05:30,39.04999923706055,39.29999923706055,37.150001525878906,37.650001525878906,11425,0.0,0.0,2022-10-21,36.67749996185303,1.5746742876086137,38.252174249461646,35.102825674244414,39.826848537070255,33.528151386635805,90.75292515526166,-41.503716995661456,1517080,4863.214044935192,20841.173292543073,54.13797009124108,68.70928809273457,38.03333409627279,38.91666666666667,36.76666895548503,40.18333180745443,35.88333638509115,41.06666437784831,34.61667124430339,-0.019311194904860496,-41.54926172160011,-1.1173402062675706,-1.5896371587626013,0.4722969524950307,49.10669415811851,13.342712994021618,36.44000015258789,36.67749996185303,42.55,38.16050001144409,YAARI.BO,2023-08-21 22:14:56.168973
192,2022-10-20 00:00:00+05:30,38.650001525878906,39.099998474121094,37.20000076293945,37.5,52198,0.0,0.0,2022-10-20,36.80749988555908,1.7560628923564396,38.56356277791552,35.05143699320264,40.31962567027196,33.2953741008462,94.72899107076226,-44.28724425218894,1505655,22130.30036784981,24835.66310444504,54.15200639067645,66.0659985355003,37.93333307902018,38.66666539510091,36.766667683919266,39.83333079020182,36.03333536783854,40.56666310628255,34.866669972737625,0.01029140740204508,-43.6619597232356,-1.309527672486432,-1.7077113968863586,0.39818372439992666,48.67004068800064,12.191890163571477,35.81999969482422,36.80749988555908,42.71399993896485,38.14949998855591,YAARI.BO,2023-08-21 22:14:56.168973
193,2022-10-19 00:00:00+05:30,33.95000076293945,40.599998474121094,33.79999923706055,39.45000076293945,231262,0.0,0.0,2022-10-19,36.82499980926514,1.76504812381647,38.59004793308161,35.05995168544867,40.35509605689808,33.294903561632196,106.95185125830326,-45.460761219615605,1557853,103146.25654286367,25512.003788593844,54.21702566787157,70.49124706657688,37.949999491373696,42.099999745686844,35.3000005086263,44.74999872843424,31.15000025431315,48.89999898274739,28.50000127156575,0.02782408735401842,-16.197154342684538,-1.5209716619530056,-1.8072573279863402,0.2862856660333346,54.293199630158576,11.024606363814154,35.37999954223633,36.82499980926514,42.83799995422363,38.13549997329712,YAARI.BO,2023-08-21 22:14:56.168973
194,2022-10-18 00:00:00+05:30,34.0,34.45000076293945,33.5,33.849998474121094,9940,0.0,0.0,2022-10-18,36.82749977111816,1.7689927810067803,38.59649255212494,35.05850699011138,40.36548533313172,33.2895142091046,-112.21410981923763,-90.30670118722088,1326591,3804.0587500489482,6103.440600026383,54.476980371246,37.9000269965162,33.93333307902018,34.36666615804036,33.41666539510091,34.88333384195963,32.98333231608073,35.31666692097981,32.466664632161454,-0.37013373377665026,-94.35486401528831,-1.9606845469087588,-1.8788287444946736,-0.08185580241408519,33.94045656727609,9.767531502537038,34.51999969482422,36.82749977111816,42.88199996948242,38.09999998092651,YAARI.BO,2023-08-21 22:14:56.168973
195,2022-10-17 00:00:00+05:30,34.95000076293945,34.95000076293945,33.599998474121094,33.75,17558,0.0,0.0,2022-10-17,37.124999809265134,1.742011652829592,38.86701146209472,35.382988156435545,40.60902311492432,33.64097650360595,-127.49245214370376,-90.22948535526656,1316651,6699.632791923758,6678.286062520742,54.492599298203594,37.19126110640276,34.09999974568685,34.60000101725261,33.24999872843425,35.45000203450521,32.74999745686849,35.95000330607097,31.89999643961589,-0.37786686768202793,-97.54095951482071,-1.9424275674319844,-1.8583647938911523,-0.08406277354083214,33.44906969464476,9.662251505239414,34.79000015258789,37.124999809265134,42.99900001525879,38.1085000038147,YAARI.BO,2023-08-21 22:14:56.168973
196,2022-10-14 00:00:00+05:30,36.0,36.349998474121094,34.0,34.54999923706055,13012,0.0,0.0,2022-10-14,37.489999771118164,1.7622949261192622,39.252294697237424,35.727704844998904,41.01458962335669,33.96540991887964,-110.83806379898964,-83.83666929080037,1334209,5082.697632377545,6672.949380169987,54.52038034564765,37.33025260051307,34.96666590372721,35.93333180745442,33.58333333333333,37.316664377848305,32.61666742960612,38.283330281575516,31.233334859212235,-0.3287262408294948,-90.35089186940887,-1.879774045992491,-1.8373491005059441,-0.04242494548654685,35.40549826645942,9.604024962182216,35.35999984741211,37.489999771118164,43.15400001525879,38.1360000038147,YAARI.BO,2023-08-21 22:14:56.168973
197,2022-10-13 00:00:00+05:30,35.75,35.75,34.79999923706055,35.29999923706055,1933,0.0,0.0,2022-10-13,37.91499977111816,2.02179539345484,39.936795164573,35.893204377663324,41.95859055802784,33.87140898420848,-128.59781875886796,-83.51424470094136,1347221,771.4516775525348,7070.512317118098,54.5402217348536,34.69500900258231,35.28333282470703,35.766666412353516,34.81666564941406,36.233333587646484,34.33333206176758,36.71666717529297,33.86666488647461,-0.24506879422615738,-91.72933667879339,-1.8498649313449747,-1.826742864134307,-0.023122067210667563,37.304971872096914,9.754205998348091,35.96999969482422,37.91499977111816,43.31800003051758,38.17250001907349,YAARI.BO,2023-08-21 22:14:56.168973
198,2022-10-12 00:00:00+05:30,35.70000076293945,35.95000076293945,34.75,35.150001525878906,17885,0.0,0.0,2022-10-12,38.09499988555908,1.9351251215727139,40.0301250071318,36.159874763986366,41.96525012870451,34.224749642413656,-198.50184376359542,-87.005147578653,1345288,7107.493487627957,8645.277477009487,54.54306192696919,55.50604062245395,35.28333409627279,35.81666819254558,34.616667429606125,36.48333485921224,34.083333333333336,37.01666895548503,33.41666666666667,-0.23432979841167306,-94.93669052381095,-1.8574075810561794,-1.82096234733164,-0.03644523372453934,36.67402946356357,10.34832023328859,36.37999954223633,38.09499988555908,43.45400001525879,38.205500011444094,YAARI.BO,2023-08-21 22:14:56.168973
199,2022-10-11 00:00:00+05:30,36.599998474121094,37.599998474121094,34.900001525878906,35.20000076293945,15090,0.0,0.0,2022-10-11,38.277499771118165,1.8108933542549708,40.08839312537314,36.46660641686319,41.89928647962811,34.65571306260822,-260.74500655275534,-84.67492676762984,1363173,6005.291462288878,9029.723474354869,54.569585659714726,52.569414645920446,35.90000025431315,36.89999898274739,34.200002034505204,38.599997202555336,33.20000330607096,39.59999593098958,31.500005086263016,-0.2213285157571773,-96.12904210244456,-1.8241494173722472,-1.8118510389005051,-0.012298378471742089,36.78862408253506,10.988135563224512,36.64999923706055,38.277499771118165,43.55299995422363,38.23800001144409,YAARI.BO,2023-08-21 22:14:56.168973
200,2022-10-10 00:00:00+05:30,39.70000076293945,39.70000076293945,36.45000076293945,36.599998474121094,24693,0.0,0.0,2022-10-10,38.46249980926514,1.6628980421994313,40.12539785146457,36.79960176706571,41.788295893664,35.13670372486628,38.946182178241905,-70.38398411885379,1378263,10217.793030002278,9785.831477371366,54.591963096936055,47.68337641707245,37.583333333333336,38.71666590372722,35.46666590372722,40.833333333333336,34.333333333333336,41.96666590372722,32.21666590372722,-0.23092649772065488,-90.97746862483923,-1.7588544293757167,-1.8087764442825696,0.049922014906852885,40.04167759793072,11.752063498909457,36.98999938964844,38.46249980926514,43.61299995422363,38.279499988555905,YAARI.BO,2023-08-21 22:14:56.168973
201,2022-10-07 00:00:00+05:30,36.54999923706055,37.900001525878906,36.54999923706055,37.599998474121094,10046,0.0,0.0,2022-10-07,38.662499809265135,1.6676386929634988,40.330138502228635,36.994861116301635,41.997777195192135,35.327222423338135,-45.32970475895969,-75.86458390624207,1402956,4270.54378410046,9677.841089213638,54.626041171267254,37.92738137585931,37.34999974568685,38.150000254313156,36.799997965494796,38.70000203450521,35.99999745686849,39.500002543131515,35.44999567667644,-0.2216658938287034,-76.29631890190973,-1.7864863113090195,-1.8212569480092826,0.03477063670026315,42.53642103995688,11.93509649781288,37.189999389648435,38.662499809265135,43.609000015258786,38.3214999961853,YAARI.BO,2023-08-21 22:14:56.168973
202,2022-10-06 00:00:00+05:30,36.54999923706055,37.650001525878906,36.45000076293945,37.349998474121094,8058,0.0,0.0,2022-10-06,38.82749996185303,1.7194301570226134,40.54693011887564,37.108069804830414,42.26636027589826,35.3886396478078,-69.63219541116834,-81.67264996912179,1392910,3402.6715442464333,11029.665415491932,54.63917115775338,28.08940281333838,37.15000025431315,37.849999745686844,36.64999898274739,38.3500010172526,35.949999491373696,39.0500005086263,35.44999821980794,-0.005579671079658777,-83.12501907348633,-1.8932803675522791,-1.8299496071843482,-0.06333076036793095,41.69310794679387,12.680098725619288,37.05,38.82749996185303,43.551000061035154,38.32450002670288,YAARI.BO,2023-08-21 22:14:56.168973
203,2022-10-04 00:00:00+05:30,37.04999923706055,38.5,36.0,36.5,16892,0.0,0.0,2022-10-04,38.910000038146975,1.684026840607419,40.59402687875439,37.22597319753956,42.278053719361814,35.54194635693214,-90.65666505255626,-86.98697468557837,1384852,6970.695548591004,12936.413883303307,54.64987223709938,64.90200882003913,37.0,38.0,35.5,39.5,34.5,40.5,33.0,-0.08886652421760394,-95.30516499190138,-1.9767018430826369,-1.8141169170923654,-0.1625849259902714,38.86032341314835,13.350128805518992,37.11000061035156,38.910000038146975,43.46500007629395,38.29800004959107,YAARI.BO,2023-08-21 22:14:56.168973
204,2022-10-03 00:00:00+05:30,37.5,38.849998474121094,36.70000076293945,36.900001525878906,18305,0.0,0.0,2022-10-03,39.117500114440915,1.6261248893262374,40.74362500376715,37.49137522511468,42.36974989309339,35.86525033578844,-64.16724322594634,-84.18950547331941,1401744,7636.569262138755,14427.843466981381,54.67345228141174,64.56800251155923,37.483333587646484,38.266666412353516,36.116668701171875,39.633331298828125,35.333335876464844,40.416664123535156,33.966670989990234,,-94.20287771852405,-1.9698446121348354,-1.7734706855947975,-0.19637392654003794,39.70322290917187,14.071699660795595,37.27000045776367,39.117500114440915,43.365000076293946,38.263000049591064,YAARI.BO,2023-08-21 22:14:56.168973
205,2022-09-30 00:00:00+05:30,36.5,38.25,36.5,37.599998474121094,11921,0.0,0.0,2022-09-30,39.410000038146975,1.7291310911764868,41.13913112932346,37.68086894697049,42.86826222049995,35.951737855794,-76.35831142863412,-86.2582850414851,1420049,5067.604265405293,16125.662018192037,54.69851010326533,62.12640510428404,37.449999491373696,38.39999898274739,36.64999898274739,39.199999491373696,35.699999491373696,40.14999898274739,34.89999898274739,,-87.43962367559085,-1.9706132377558845,-1.7243772039597878,-0.2462360337960967,41.153771878128275,15.146870791884753,37.43000030517578,39.410000038146975,43.25100006103516,38.21300003051758,YAARI.BO,2023-08-21 22:14:56.168973
206,2022-09-29 00:00:00+05:30,38.45000076293945,39.0,36.5,36.900001525878906,24785,0.0,0.0,2022-09-29,39.77750015258789,2.0713886514992046,41.848888804087096,37.706111501088685,43.9202774555863,35.63472284958948,-87.66110202105494,-89.02960767332576,1408128,10339.92729648233,18890.176456388723,54.714223560806666,60.899915257088196,37.46666717529297,38.43333435058594,35.93333435058594,39.96666717529297,34.96666717529297,40.93333435058594,33.43333435058594,,-94.20287771852405,-2.0106786285255325,-1.6628181955107633,-0.3478604330147692,39.087298521796555,16.051390347438264,37.720000457763675,39.77750015258789,43.130000076293946,38.20500003814697,YAARI.BO,2023-08-21 22:14:56.168973
207,2022-09-28 00:00:00+05:30,37.29999923706055,38.849998474121094,37.0,37.650001525878906,14226,0.0,0.0,2022-09-28,40.29750003814697,2.5590126022929165,42.85651264043989,37.738487435854054,45.415525242732805,35.17947483356114,-88.63857022326167,-87.83648178402062,1432913,6055.499606411207,21027.73874636532,54.7483261331921,63.70113401199423,37.833333333333336,38.66666666666667,36.81666819254558,39.68333180745443,35.98333485921224,40.516665140787765,34.966669718424484,,-86.95650250940682,-1.9625705486457647,-1.5758530872570706,-0.3867174613886941,40.50234224171314,17.025488330342046,38.39000015258789,40.29750003814697,43.02500003814697,38.22050003051758,YAARI.BO,2023-08-21 22:14:56.168973
208,2022-09-27 00:00:00+05:30,38.150001525878906,38.70000076293945,36.29999923706055,37.29999923706055,12808,0.0,0.0,2022-09-27,41.204999923706055,4.238107054292577,45.44310697799863,36.96689286941348,49.68121403229121,32.7287858151209,-119.89528157954811,-95.23450272939876,1418687,5401.225627037918,24770.79853135385,54.76713424411906,70.68257140696345,37.43333307902018,38.56666692097981,36.16666539510091,39.833334604899086,35.033331553141274,40.96666844685872,33.766663869222,,-90.33816638784369,-1.9451053471535573,-1.479173721909897,-0.4659316252436603,39.554091458948314,18.265443880055834,38.42999954223633,41.204999923706055,42.875,38.24200000762939,YAARI.BO,2023-08-21 22:14:56.168973
209,2022-09-26 00:00:00+05:30,38.349998474121094,39.099998474121094,37.04999923706055,37.70000076293945,15031,0.0,0.0,2022-09-26,42.275,5.662422289026142,47.93742228902614,36.61257771097386,53.599844578052284,30.950155421947713,-109.69608995632171,-90.59269544843735,1431495,6406.65608840368,29613.191757432833,54.78445002690883,64.05756891955869,37.949999491373696,38.849999745686844,36.8000005086263,39.99999872843424,35.90000025431315,40.89999898274739,34.75000127156575,,-93.2291523863906,-1.8588033812359015,-1.3626908155989819,-0.49611256563691963,40.234594759219156,19.544830227574842,38.869999694824216,42.275,42.734000015258786,38.27,YAARI.BO,2023-08-21 22:14:56.168973
210,2022-09-23 00:00:00+05:30,40.54999923706055,41.400001525878906,38.599998474121094,39.04999923706055,25960,0.0,0.0,2022-09-23,43.43249988555908,6.9072857339534215,50.339785619512504,36.52521415160566,57.24707135346593,29.617928417652237,-23.049653484860986,-69.58799329921139,1446526,11461.14205958984,35414.82567469012,54.80434913181507,64.31742894422258,39.68333307902018,40.766667683919266,37.966664632161454,42.48333613077799,36.88333002726237,43.56667073567708,35.16666158040364,,-80.00002409282483,-1.7595411148258293,-1.238662674189752,-0.5208784406360774,42.527565083157974,20.911921920947062,39.289999389648436,43.43249988555908,42.605,38.2875,YAARI.BO,2023-08-21 22:14:56.168973
211,2022-09-22 00:00:00+05:30,37.599998474121094,42.650001525878906,37.20000076293945,40.25,93072,0.0,0.0,2022-09-22,44.6125,8.041862117298086,52.654362117298085,36.57063788270191,60.69622423459617,28.528775765403825,-7.313500142976389,-63.21399349770283,1472486,42353.28580273566,41403.24657846519,54.83610502850765,65.26944207945161,40.03333409627279,42.866667429606125,37.41666666666667,45.48333485921224,34.583333333333336,48.31666819254558,31.96666590372722,,-67.3684371145148,-1.738750015663868,-1.1084430640307326,-0.6303069516331354,44.62678124198035,21.82693748375861,39.689999389648435,44.6125,42.45800003051758,38.2929999923706,YAARI.BO,2023-08-21 22:14:56.168973
212,2022-09-21 00:00:00+05:30,39.95000076293945,40.29999923706055,37.5,37.849998474121094,33477,0.0,0.0,2022-09-21,45.58500003814697,8.640314097899418,54.22531413604639,36.94468594024755,62.86562823394581,28.304371842348136,-99.89871534761276,-77.89230331388501,1379414,14325.657915620011,41165.73677239756,54.942281304039966,61.74024153850973,38.54999923706055,39.599998474121094,36.79999923706055,41.349998474121094,35.75,42.39999771118164,34.0,,-92.63161107113487,-1.8039683045162533,-0.9508663261224488,-0.8531019783938045,39.03836761725933,22.812338859094123,40.24999923706055,45.58500003814697,42.291000022888184,38.328499984741214,YAARI.BO,2023-08-21 22:14:56.168973
213,2022-09-20 00:00:00+05:30,39.0,41.04999923706055,39.0,39.5,45647,0.0,0.0,2022-09-20,46.53750019073486,8.791441427694636,55.328941618429496,37.746058763040224,64.12038304612413,28.95461733534559,-35.28026055713655,-59.50763456186595,1412891,20385.037447260565,47875.756486591956,54.98715112138644,58.85569221348777,39.84999974568685,40.6999994913737,38.650000254313156,41.8999989827474,37.800000508626304,42.74999872843425,36.60000101725261,,-81.3492162007185,-1.6237708376268145,-0.7375908315239976,-0.8861800061028169,41.72675206377742,24.542677520270257,40.45999984741211,46.53750019073486,42.19400005340576,38.3675,YAARI.BO,2023-08-21 22:14:56.168973
214,2022-09-19 00:00:00+05:30,38.599998474121094,42.75,38.599998474121094,39.79999923706055,49925,0.0,0.0,2022-09-19,47.27250022888184,8.786599875642114,56.05910010452395,38.48590035323973,64.84569998016607,29.69930047759761,-3.2787583887423133,-49.504868484148574,1458538,22464.839236489497,54748.4362464248,55.04278621362849,58.76992546333193,40.38333257039388,42.16666666666667,38.016665140787765,44.53333409627279,36.233331044514976,46.31666819254558,33.86666361490886,,-88.52814767866573,-1.5309610365424007,-0.5160458299982933,-1.0149152065441074,42.21759876876089,25.958559900954505,40.31999969482422,47.27250022888184,42.09100002288818,38.42849998474121,YAARI.BO,2023-08-21 22:14:56.168973
215,2022-09-16 00:00:00+05:30,44.0,44.0,39.0,41.04999923706055,102387,0.0,0.0,2022-09-16,47.91250019073486,8.679177676227127,56.59167786696199,39.233322514507734,65.27085554318911,30.554144838280607,40.011662459803034,-35.056613721371875,1508463,47518.218393431445,62819.33549890862,55.10291150556,56.80833092747064,41.34999974568685,43.6999994913737,38.6999994913737,46.34999974568685,36.34999974568685,48.6999994913737,33.6999994913737,,-83.64780729267798,-1.418485367038123,-0.2623170283622664,-1.1561683386758566,44.23066878210621,27.483356310922158,40.14000015258789,47.91250019073486,41.950000038146975,38.52299999237061,YAARI.BO,2023-08-21 22:14:56.168973
216,2022-09-15 00:00:00+05:30,44.400001525878906,46.650001525878906,40.400001525878906,43.04999923706055,458914,0.0,0.0,2022-09-15,48.36500015258789,8.53731895135446,56.90231910394235,39.82768120123343,65.43963805529681,31.29036224987897,91.96555799888453,-10.107815348661495,1610850,223360.63348240766,66644.6147752779,55.21751909882133,51.01456400397473,43.36666742960612,46.33333333333333,40.08333333333333,49.61666742960612,37.11666742960612,52.58333333333333,33.83333333333333,,-79.37063627286452,-1.37609628461162,0.026725056306697803,-1.402821340918318,47.60303970790164,29.002061286607372,40.05,48.36500015258789,41.81800006866455,38.62549999237061,YAARI.BO,2023-08-21 22:14:56.168973
217,2022-09-14 00:00:00+05:30,37.150001525878906,39.849998474121094,37.150001525878906,38.900001525878906,21305,0.0,0.0,2022-09-14,48.60000019073486,8.447531476127116,57.04753166686198,40.15246871460774,65.4950631429891,31.70493723848063,-83.4049030524218,-54.66544305177036,1151936,9369.865020954308,27465.61009849546,55.67916414593209,37.43685927911109,38.63333384195963,40.11666615804036,37.41666920979817,41.33333079020182,35.933336893717446,42.81666310628255,34.716672261555985,,-93.88111855466181,-1.4979451671926611,0.3774303915362773,-1.8753755587289385,38.57994662599201,30.209509093217786,39.62000045776367,48.60000019073486,41.68200008392334,38.7154999923706,YAARI.BO,2023-08-21 22:14:56.168973
218,2022-09-13 00:00:00+05:30,39.0,39.849998474121094,37.29999923706055,38.79999923706055,28315,0.0,0.0,2022-09-13,48.930000114440915,8.17311704004253,57.10311715448344,40.75688307439839,65.27623419452598,32.583766034355854,-77.11827756923546,-50.99677813203514,1130631,12420.825509358057,31989.546367880746,55.70877100043128,42.69048817893992,38.6499989827474,39.99999872843425,37.4499994913737,41.199998219807945,36.09999974568685,42.549997965494796,34.900000254313156,,-94.7275924085247,-1.2225406261051717,0.8462742812185118,-2.0688149073236834,38.34237017491088,31.531353057027243,39.64000015258789,48.930000114440915,41.66700008392334,38.843499984741214,YAARI.BO,2023-08-21 22:14:56.168973
219,2022-09-12 00:00:00+05:30,41.900001525878906,41.900001525878906,38.599998474121094,38.900001525878906,30900,0.0,0.0,2022-09-12,49.15750007629394,7.936197474502908,57.09369755079685,41.22130260179104,65.02989502529977,33.285105127288126,-66.98988933370012,-36.61836040979222,1158946,13589.712703472806,36881.726582511415,55.74851657004912,47.11229473416218,39.800000508626304,41.000002543131515,37.6999994913737,43.10000356038412,36.49999745686849,44.30000559488933,34.39999643961589,,-98.89501644605119,-0.8415673045094394,1.3634780080494326,-2.2050453125588723,38.480583580263776,32.99675863670251,40.01000061035156,49.15750007629394,41.61800006866455,38.99950000762939,YAARI.BO,2023-08-21 22:14:56.168973
220,2022-09-09 00:00:00+05:30,40.400001525878906,42.099998474121094,40.0,40.599998474121094,35027,0.0,0.0,2022-09-09,49.46000003814697,7.634196011691187,57.09419604983816,41.825804026455785,64.72839206152935,34.1916080147646,-63.09237546016983,-23.350246191735337,1189846,16077.967163585088,42704.73005227107,55.79184726791947,50.436571012895385,40.8999989827474,41.799997965494796,39.6999994913737,42.99999745686849,38.800000508626304,43.89999643961589,37.60000101725261,,-92.80443890022975,-0.35090369690293954,1.9147393361891507,-2.2656430330920903,40.80236190950852,34.93204024890396,40.78000030517578,49.46000003814697,41.53300006866455,39.17349998474121,YAARI.BO,2023-08-21 22:14:56.168973
221,2022-09-08 00:00:00+05:30,40.95000076293945,40.95000076293945,39.5,40.900001525878906,249879,0.0,0.0,2022-09-08,49.76250019073486,7.380287981942185,57.142788172677044,42.38221220879268,64.52307615461923,35.00192422685049,-75.39522618216151,-24.763574823209545,1224873,115546.09196047236,49361.420774442566,55.83626507154724,49.82767006874988,40.45000076293945,41.400001525878906,39.95000076293945,41.900001525878906,39.0,42.85000228881836,38.5,,-91.69741650668867,0.11518718758309632,2.481150094462173,-2.365962906879077,41.209805337033735,37.41336062804724,41.650000762939456,49.76250019073486,41.35100009918213,39.35099998474121,YAARI.BO,2023-08-21 22:14:56.168973
222,2022-09-07 00:00:00+05:30,38.650001525878906,42.650001525878906,38.650001525878906,39.0,140279,0.0,0.0,2022-09-07,50.01000003814697,7.1467439286055905,57.15674396675256,42.86325610954138,64.30348789535815,35.71651218093579,-93.36023807448105,-25.44029403759508,974994,61852.81163097569,32815.25297793512,56.15444264721984,40.07095589483965,40.1000010172526,41.5500005086263,37.5500005086263,44.1000010172526,36.1000010172526,45.5500005086263,33.5500005086263,,-98.70849264270136,0.6806337438718941,3.0726408211819423,-2.392007077310048,37.54189707656735,39.73298577137028,42.93000030517578,50.01000003814697,41.106000061035154,39.52649997711182,YAARI.BO,2023-08-21 22:14:56.168973
223,2022-09-06 00:00:00+05:30,40.650001525878906,40.650001525878906,40.650001525878906,40.650001525878906,8576,0.0,0.0,2022-09-06,50.24500007629395,6.836182824133957,57.081182900427905,43.40881725215999,63.91736572456186,36.572634428026035,-116.56772512169886,-18.786364450979598,1115273,3941.37281078635,25555.863314674974,56.36207359928872,46.40728528085472,40.650001525878906,40.650001525878906,40.650001525878906,40.650001525878906,40.650001525878906,40.650001525878906,40.650001525878906,,-100.0,1.5813854132771183,3.6706425905094537,-2.0892571772323354,39.53070955531103,42.23104361802586,46.29000015258789,50.24500007629395,40.880000076293946,39.74399997711182,YAARI.BO,2023-08-21 22:14:56.168973
224,2022-09-05 00:00:00+05:30,42.75,42.75,42.75,42.75,5442,0.0,0.0,2022-09-05,50.295000076293945,6.765603872351086,57.06060394864503,43.52939620394286,63.82620782099612,36.76379233159177,-140.79774011910357,1.0989801938997215,1123849,2630.2488188454754,30959.48594064713,56.37370849609669,47.028184347816286,42.75,42.75,42.75,42.75,42.75,42.75,42.75,,-100.0,2.548159969841535,4.192956884817537,-1.644796914976002,42.17093828604779,44.92125976057802,49.9,50.295000076293945,40.61200004577637,39.952999954223635,YAARI.BO,2023-08-21 22:14:56.168973
225,2022-09-02 00:00:00+05:30,44.95000076293945,46.349998474121094,44.95000076293945,44.95000076293945,16976,0.0,0.0,2022-09-02,50.14250011444092,6.9757338000169185,57.11823391445784,43.166766314424,64.09396771447476,36.191032514407084,-150.32093357666153,25.245481747747412,1129291,8627.147985072088,38041.79522109754,56.38011324786888,46.065005886499584,45.416666666666664,45.883332570393875,44.483334859212235,46.816664377848305,44.016668955485024,47.283330281575516,43.083337148030594,,-90.63180194158943,3.5404978482970577,4.604156113561538,-1.06365826526448,45.10125290923617,48.316532881514924,53.51999969482422,50.14250011444092,40.301000061035154,40.13349994659424,YAARI.BO,2023-08-21 22:14:56.168973
226,2022-09-01 00:00:00+05:30,49.75,49.75,47.29999923706055,47.29999923706055,78693,0.0,0.0,2022-09-01,49.97000007629394,7.15134147288695,57.12134154918089,42.818658603406995,64.27268302206784,35.66731713052004,-128.24322277785907,49.341128319258274,1146267,42082.29472455598,45395.457030103906,56.396900192435204,44.529166147228324,48.11666615804037,48.93333307902019,46.483332316080734,50.56666692097982,45.666665395100914,51.38333384195964,44.03333155314128,,-80.39215751457937,4.540680392571112,4.870070679877657,-0.32939028730654574,48.439852191802636,51.537223094250855,57.05999984741211,49.97000007629394,39.97500003814697,40.29199993133545,YAARI.BO,2023-08-21 22:14:56.168973
227,2022-08-30 00:00:00+05:30,58.70000076293945,60.25,55.79999923706055,55.79999923706055,33116,0.0,0.0,2022-08-30,49.742500114440915,7.311333611312104,57.05383372575302,42.43116650312881,64.36516733706512,35.119832891816706,23.47647730842873,127.54562560554086,1224960,20891.722311938647,46223.747606490884,56.45925675365675,57.336453110550174,57.28333282470703,58.766666412353516,54.31666564941406,61.733333587646484,52.83333206176758,63.21666717529297,49.86666488647461,,-43.35512170878486,5.520979703431713,4.952418251704294,0.5685614517274198,64.46814379701155,54.36768421063093,59.54000015258789,49.742500114440915,39.575000038146975,40.39949993133545,YAARI.BO,2023-08-21 22:14:56.168973
228,2022-08-29 00:00:00+05:30,58.20000076293945,61.0,57.849998474121094,58.70000076293945,65280,0.0,0.0,2022-08-29,49.05750007629395,7.355579403986531,56.41307948028048,41.701920672307416,63.76865888426701,34.346341268320884,61.13173138888758,153.30186785404567,1258076,43323.19029979164,52556.75393012894,56.46116397080562,64.8213690252748,59.18333307902018,60.516667683919266,57.36666615804036,62.333334604899086,56.033331553141274,63.66666920979817,54.216664632161454,,-30.718949902804177,5.855287461981554,4.810277888772439,1.0450095732091151,72.01763473896175,54.287549694008774,59.76000061035156,49.05750007629395,39.05500003814697,40.41649993896485,YAARI.BO,2023-08-21 22:14:56.168973
229,2022-08-26 00:00:00+05:30,65.75,65.75,59.54999923706055,60.849998474121094,169533,0.0,0.0,2022-08-26,48.127499961853026,7.247313223396846,55.37481318524987,40.88018673845618,62.62212640864672,33.63287351505933,109.58370181035379,192.08643867434844,1323356,116631.80494341652,54865.14483771327,56.44832312771994,70.43009639529326,62.04999923706055,64.54999923706055,58.349998474121094,68.25,55.849998474121094,70.75,52.14999771118164,,-21.350768466167626,5.908980010728023,4.54902549547016,1.3599545152578623,78.33259773926564,53.17053974700479,58.86000061035156,48.127499961853026,38.4870000076294,40.413499946594236,YAARI.BO,2023-08-21 22:14:56.168973
230,2022-08-25 00:00:00+05:30,62.650001525878906,62.650001525878906,61.099998474121094,62.650001525878906,105028,0.0,0.0,2022-08-25,46.99500007629395,6.9167591374192146,53.91175921371316,40.078240938874735,60.828518351132374,33.16148180145552,140.31956156650386,211.90649964359338,1492889,74392.36390375902,39423.479811287456,56.38176811665465,91.1195231253292,62.13333384195963,63.16666920979817,61.61666615804036,63.683336893717446,60.58333079020182,64.71667226155598,60.06666310628255,,-0.0,5.676450544601778,4.209036866655694,1.4674136779460838,84.06301548670432,51.04418350336032,57.210000610351564,46.99500007629395,37.86800003051758,40.358999977111814,YAARI.BO,2023-08-21 22:14:56.168973
231,2022-08-24 00:00:00+05:30,59.25,59.70000076293945,57.5,59.70000076293945,64624,0.0,0.0,2022-08-24,45.68250007629395,6.247994967790446,51.930495044084395,39.4345051085035,58.17849001187484,33.186510140713054,144.11529916870631,200.47546448279687,1387861,43618.462209351965,30681.258788169558,56.322496592734055,85.5995105025473,58.96666717529297,60.43333435058594,58.233333587646484,61.16666793823242,56.766666412353516,62.63333511352539,56.03333282470703,,-0.0,5.1154625102276015,3.8421834471691727,1.2732790630584288,82.06649505847001,48.95631108963683,54.7,45.68250007629395,37.15900001525879,40.284499969482425,YAARI.BO,2023-08-21 22:14:56.168973
232,2022-08-23 00:00:00+05:30,53.099998474121094,56.900001525878906,53.099998474121094,56.900001525878906,59489,0.0,0.0,2022-08-23,44.43250007629395,5.77921114130951,50.21171121760346,38.65328893498444,55.99092235891297,32.87407779367493,140.08751133454592,183.83445543678903,1323237,38269.35339244553,27446.957932873956,56.30273054838699,77.99049754228083,55.63333384195963,58.16666920979817,54.36666615804036,59.433336893717446,51.83333079020182,61.966672261555985,50.56666310628255,,-0.0,4.6102512002921685,3.523863681404565,1.0863875188876033,79.84064691843881,46.93874784469845,52.30999984741211,44.43250007629395,36.5570000076294,40.25599994659424,YAARI.BO,2023-08-21 22:14:56.168973
233,2022-08-22 00:00:00+05:30,54.349998474121094,55.20000076293945,52.54999923706055,54.20000076293945,43238,0.0,0.0,2022-08-22,43.23999996185303,5.526338606126864,48.76633856797989,37.71366135572617,54.29267717410676,32.1873227495993,160.84800512590024,181.92931450147745,1263748,26495.191790219153,24741.35906798106,56.29949547533642,89.42048646404984,53.983333587646484,55.41666793823242,52.766666412353516,56.63333511352539,51.33333206176758,58.06666946411133,50.11666488647461,,-6.349206349206349,4.169332838944541,3.2522668016826644,0.9170660372618769,77.32011467159401,45.02947037182796,50.029999542236325,43.23999996185303,36.05999996185303,40.274999923706055,YAARI.BO,2023-08-21 22:14:56.168973
234,2022-08-19 00:00:00+05:30,52.599998474121094,52.599998474121094,51.099998474121094,52.599998474121094,14787,0.0,0.0,2022-08-19,42.10499992370605,5.487830696015246,47.5928306197213,36.61716922769081,53.08066131573655,31.12933853167556,176.94674656222907,175.51900602894835,1220510,8793.62582558332,24302.900887421532,56.30779340007485,89.58781010723497,52.099998474121094,53.099998474121094,51.599998474121094,53.599998474121094,50.599998474121094,54.599998474121094,50.099998474121094,,-0.0,3.807561181161013,3.023000292367195,0.784560888793818,75.64445816399183,43.15663974041088,47.859999084472655,42.10499992370605,35.62599994659424,40.37399990081787,YAARI.BO,2023-08-21 22:14:56.168973
235,2022-08-18 00:00:00+05:30,50.0,50.099998474121094,48.0,50.099998474121094,26966,0.0,0.0,2022-08-18,41.035000038146975,5.419678793335075,46.45467883148205,35.6153212448119,51.87435762481712,30.195642451476825,141.74706214874573,157.28389433068818,1205723,15274.127817592851,28180.219652881085,56.31281188132222,89.95602975453967,49.3999989827474,50.799997965494796,48.6999994913737,51.49999745686849,47.300000508626304,52.89999643961589,46.60000101725261,,-0.0,3.4442694934860256,2.82686007016874,0.6174094233172855,72.72016261732746,41.4604893222199,46.32999954223633,41.035000038146975,35.214999961853025,40.42749992370605,YAARI.BO,2023-08-21 22:14:56.168973
236,2022-08-17 00:00:00+05:30,47.75,47.75,47.75,47.75,9725,0.0,0.0,2022-08-17,40.107500076293945,5.373773378780165,45.48127345507411,34.73372669751378,50.855046833854274,29.359953318733616,121.97708716360366,149.61426032454878,1178757,5250.070842531876,31406.742611703143,56.32818474052992,90.39647694356309,47.75,47.75,47.75,47.75,47.75,47.75,47.75,,-10.328626389902261,3.1731722646674925,2.6725077143394187,0.5006645503280738,69.52650049219653,40.00426651535575,45.64000015258789,40.107500076293945,34.86600002288819,40.475499954223636,YAARI.BO,2023-08-21 22:14:56.168973
237,2022-08-16 00:00:00+05:30,45.04999923706055,45.5,45.04999923706055,45.5,3505,0.0,0.0,2022-08-16,39.302500057220456,5.374561791186231,44.67706184840669,33.927938266034225,50.05162363959292,28.553376474847994,64.46963062348557,130.03035901987482,1169032,1803.0243697274577,37945.91055399596,56.33584639449816,92.4204649370731,45.34999974568685,45.650000254313156,45.1999994913737,45.800000508626304,44.8999989827474,46.10000101725261,44.74999872843425,,-22.635125991982434,3.0094465371213417,2.5473415767574004,0.46210496036394133,65.9862710480805,38.85464558505384,45.25999984741211,39.302500057220456,34.58400005340576,40.59249996185303,YAARI.BO,2023-08-21 22:14:56.168973
238,2022-08-12 00:00:00+05:30,43.099998474121094,45.400001525878906,42.79999923706055,43.349998474121094,24272,0.0,0.0,2022-08-12,38.535000038146975,5.536531821752176,44.07153185989915,32.9984682163948,49.60806368165133,27.461936394642624,16.11569632386872,119.55836424730083,1165527,11895.886933490476,46981.63210006308,56.3393356133819,92.83609691227448,43.84999974568685,44.900000254313156,42.299997965494796,46.45000203450521,41.24999745686849,47.500002543131515,39.69999567667644,,-36.91275734809374,2.9758212262914654,2.4318153366664146,0.5440058896250508,62.07712805041224,38.09880840191712,44.9,38.535000038146975,34.346000022888184,40.72349994659424,YAARI.BO,2023-08-21 22:14:56.168973
239,2022-08-11 00:00:00+05:30,48.849998474121094,48.849998474121094,44.349998474121094,44.95000076293945,47157,0.0,0.0,2022-08-11,37.88000011444092,5.7091202444435,43.589120358884415,32.17087986999742,49.29824060332792,26.461759625553917,107.70067873073698,160.56750529568504,1189799,23965.034020502146,55753.06839170623,56.36836510388385,94.28447655258694,46.04999923706055,47.75,43.25,50.54999923706055,41.54999923706055,52.25,38.75,,-22.608684883525118,3.099425013061115,2.2958138642601518,0.8036111488009632,67.43255052192023,37.30763069665523,44.560000610351565,37.88000011444092,34.18200008392334,40.87649997711182,YAARI.BO,2023-08-21 22:14:56.168973
240,2022-08-10 00:00:00+05:30,48.099998474121094,48.099998474121094,45.0,46.650001525878906,161472,0.0,0.0,2022-08-10,37.195000076293944,5.637629758792657,42.8326298350866,31.557370317501288,48.470259593879256,25.919740558708632,157.76549144023213,184.498791281761,1236956,85163.02211739554,63700.07698450725,56.4181602203646,96.53492721549962,46.583333333333336,48.16666666666667,45.06666819254558,49.68333180745443,43.48333485921224,51.266665140787765,41.966669718424484,,-8.454793829487235,3.053138347783168,2.094911077059911,0.9582272707232571,73.70604442226787,35.42068546422397,43.51000061035156,37.195000076293944,33.984000053405765,41.01349998474121,YAARI.BO,2023-08-21 22:14:56.168973
241,2022-08-08 00:00:00+05:30,45.849998474121094,45.849998474121094,43.849998474121094,45.849998474121094,138046,0.0,0.0,2022-08-08,36.44750003814697,5.298944063375088,41.74644410152206,31.14855597477188,47.04538816489715,25.849611911396792,126.38927845480082,181.02059707355144,1075484,71559.17589304458,58334.34070128517,56.56623484786637,95.07854746408547,45.18333180745443,46.516665140787765,44.516665140787765,47.18333180745443,43.18333180745443,48.516665140787765,42.516665140787765,,-0.0,2.780193400466864,1.8553542593790966,0.9248391410877672,72.59180983671233,33.5132583798599,42.48000030517578,36.44750003814697,33.77100002288818,41.14249996185303,YAARI.BO,2023-08-21 22:14:56.168973
242,2022-08-05 00:00:00+05:30,43.70000076293945,43.70000076293945,43.70000076293945,43.70000076293945,6812,0.0,0.0,2022-08-05,35.75000009536743,4.899194430952006,40.64919452631944,30.850805664415425,45.54838895727144,25.95161123346342,97.91553272893991,175.1988993207197,937438,3365.5671618772117,55028.13190334531,56.70693738839174,94.76475515011411,43.70000076293945,43.70000076293945,43.70000076293945,43.70000076293945,43.70000076293945,43.70000076293945,43.70000076293945,,-5.090913933367097,2.467405194220369,1.6241444741071547,0.8432607201132143,69.35060560660521,31.869721479227575,41.86000061035156,35.75000009536743,33.58500003814697,41.29549999237061,YAARI.BO,2023-08-21 22:14:56.168973
243,2022-08-04 00:00:00+05:30,41.650001525878906,41.650001525878906,41.650001525878906,41.650001525878906,10555,0.0,0.0,2022-08-04,35.21500005722046,4.557674294192571,39.77267435141303,30.657325763027885,44.330348645605596,26.099651468835315,57.62220714020838,155.88974523097295,930626,4970.2179906563415,67943.77308871233,56.71537009446891,94.8034156242888,41.650001525878906,41.650001525878906,41.650001525878906,41.650001525878906,41.650001525878906,41.650001525878906,41.650001525878906,,-17.857141087802926,2.2412987775632587,1.413329294078851,0.8279694834844076,65.766248700654,30.568830734093137,41.54000015258789,35.21500005722046,33.432999992370604,41.500499954223635,YAARI.BO,2023-08-21 22:14:56.168973
244,2022-08-03 00:00:00+05:30,41.75,42.04999923706055,39.45000076293945,39.70000076293945,30989,0.0,0.0,2022-08-03,34.84999990463257,4.3002447058661994,39.15024461049877,30.54975519876637,43.450489316364965,26.24951049290017,44.71621236617023,146.41938708501715,920071,13909.139243528036,83687.16186322634,56.73051936747622,94.52863164132741,40.40000025431315,41.349999745686844,38.75000127156575,42.99999872843424,37.800001780192055,43.94999821980794,36.15000279744466,,-30.519482449669532,2.1197488390148536,1.206336923207749,0.9134119158071046,61.82266538052745,29.703385329807737,41.22999954223633,34.84999990463257,33.3179999923706,41.72499992370606,YAARI.BO,2023-08-21 22:14:56.168973
245,2022-08-02 00:00:00+05:30,42.5,44.400001525878906,41.400001525878906,41.5,46311,0.0,0.0,2022-08-02,34.50249986648559,4.166421863951895,38.66892173043749,30.336078002533696,42.835343594389386,26.169656138581804,89.00030086289502,204.01960755897167,951060,21728.734497578684,101131.6675181509,56.78094754756992,95.31894168227262,42.43333435058594,43.46666717529297,40.46666717529297,45.43333435058594,39.43333435058594,46.46666717529297,37.46666717529297,,-18.831176873623054,2.124056207389863,0.9779839442559728,1.1460722631338902,68.59575774369324,28.771367202115773,40.92999954223633,34.50249986648559,33.21799999237061,41.97149990081787,YAARI.BO,2023-08-21 22:14:56.168973
246,2022-08-01 00:00:00+05:30,44.20000076293945,44.20000076293945,41.0,42.75,820296,0.0,0.0,2022-08-01,34.149999904632566,3.8277035536310944,37.97770345826366,30.32229635100147,41.80540701189476,26.494592797370377,116.61672199783304,236.14682588997596,997371,396468.68524506956,120982.40077329395,56.84886765440645,97.43056069845956,42.65000025431315,44.3000005086263,41.099999745686844,45.8500010172526,39.449999491373696,47.50000127156575,37.89999898274739,,-9.53947822473033,1.9201156222293392,0.6914658784725003,1.2286497437568389,73.81020797302486,26.398908824528405,39.90999984741211,34.149999904632566,33.117999992370606,42.194999885559085,YAARI.BO,2023-08-21 22:14:56.168973
247,2022-07-29 00:00:00+05:30,42.099998474121094,42.099998474121094,42.099998474121094,42.099998474121094,78725,0.0,0.0,2022-07-29,33.82499990463257,3.2984244576635215,37.12342436229609,30.526575446969048,40.421848819959614,27.228150989305526,145.41138516164384,252.13532763876105,177075,37471.141822815516,52110.82965535003,58.05371305579577,93.92574723016494,42.099998474121094,42.099998474121094,42.099998474121094,42.099998474121094,42.099998474121094,42.099998474121094,42.099998474121094,,-0.0,1.5068111514976152,0.3843034425332905,1.1225077089643247,72.81227160116298,23.88152508161073,38.3,33.82499990463257,33.0270000076294,42.40499988555908,YAARI.BO,2023-08-21 22:14:56.168973
248,2022-07-28 00:00:00+05:30,40.099998474121094,40.099998474121094,40.099998474121094,40.099998474121094,75872,0.0,0.0,2022-07-28,33.62750005722046,2.8668925783441908,36.49439263556465,30.760607478876267,39.36128521390884,27.89371490053208,156.24490668744755,225.0832399139286,98350,34397.593998887976,55770.75161348366,58.18563817732051,93.06271219804329,40.099998474121094,40.099998474121094,40.099998474121094,40.099998474121094,40.099998474121094,40.099998474121094,40.099998474121094,,-0.0,1.0188410149807154,0.1036765152922093,0.9151644996885061,69.49077396139312,21.590807840138606,36.49000015258789,33.62750005722046,32.9570000076294,42.659499931335446,YAARI.BO,2023-08-21 22:14:56.168973
249,2022-07-27 00:00:00+05:30,38.20000076293945,38.20000076293945,38.20000076293945,38.20000076293945,112008,0.0,0.0,2022-07-27,33.44000005722046,2.523343906435728,35.963343963656186,30.916656150784732,38.48668787009191,28.393312244349005,180.25984306852632,185.08195345338441,22478,48374.2886724922,61114.04101713258,58.33093075395589,92.58523809466814,38.20000076293945,38.20000076293945,38.20000076293945,38.20000076293945,38.20000076293945,38.20000076293945,38.20000076293945,,-0.0,0.5756240823949739,-0.12511460962991724,0.7007386920248911,65.80562909054959,19.60176766432141,34.77000045776367,33.44000005722046,32.92300006866455,42.95249996185303,YAARI.BO,2023-08-21 22:14:56.168973
250,2022-07-26 00:00:00+05:30,36.400001525878906,36.400001525878906,34.04999923706055,36.400001525878906,516820,0.0,0.0,2022-07-26,33.26250009536743,2.2844370150552193,35.54693711042265,30.97806308031221,37.831374125477865,28.69362606525699,182.49535641219114,113.3645557276731,-89530,212687.95294151333,64298.979103292666,58.572544883577585,91.81994059342215,35.61666742960612,37.18333562215169,34.83333333333333,37.96666971842448,33.26666514078776,39.53333791097005,32.48333104451497,,-0.0,0.18657151022513574,-0.30029928263614003,0.48687079286127577,61.740263882384454,18.001929248300748,33.37000045776367,33.26250009536743,32.946000022888185,43.27849998474121,YAARI.BO,2023-08-21 22:14:56.168973
251,2022-07-25 00:00:00+05:30,34.70000076293945,34.70000076293945,33.95000076293945,34.70000076293945,147994,0.0,0.0,2022-07-25,33.01750001907349,2.191087060791145,35.208587079864635,30.826412958282344,37.399674140655776,28.6353258974912,229.9890819978259,75.35675204384846,-606350,58059.831431260645,27201.73564373749,59.872435741760185,75.97257781977622,34.45000076293945,34.95000076293945,34.20000076293945,35.20000076293945,33.70000076293945,35.70000076293945,33.45000076293945,,-12.30768057016226,-0.13708786580036758,-0.422016980851459,0.2849291150510914,57.28679020603083,16.892347425822507,32.4,33.01750001907349,33.03399997711182,43.581999969482425,YAARI.BO,2023-08-21 22:14:56.168973
252,2022-07-22 00:00:00+05:30,31.850000381469727,33.04999923706055,31.600000381469727,33.04999923706055,161793,0.0,0.0,2022-07-22,32.714999961853025,2.3578593430954626,35.07285930494849,30.357140618757562,37.43071864804395,27.9992812756621,132.28433603629972,15.40007566475713,-754344,60455.1578412237,19487.2116968567,60.30224343339625,64.52236758849266,32.56666628519694,33.53333218892415,32.08333333333333,34.01666514078776,31.116667429606117,34.98333104451497,30.63333447774251,,-37.69231942983774,-0.3819685392738208,-0.4932492596142318,0.11128072034041103,52.280665846354324,16.38829669290196,31.789999771118165,32.714999961853025,33.0979999923706,43.87299995422363,YAARI.BO,2023-08-21 22:14:56.168973
253,2022-07-21 00:00:00+05:30,31.25,32.150001525878906,30.950000762939453,31.5,23264,0.0,0.0,2022-07-21,32.44750003814697,2.6080581728022114,35.05555821094918,29.83944186534476,37.66361638375139,27.231383692542547,-2.3922778350794753,-17.751172021439523,-916137,8285.087905981703,9245.225160764949,60.82062584032787,33.79559933842843,31.533334096272785,32.11666742960612,30.916666666666664,32.733334859212235,30.333333333333332,33.31666819254557,29.71666590372721,,-75.24752101294203,-0.527202455198374,-0.5210694396993345,-0.006133015499039551,46.846479457517994,16.64690428964445,31.20999984741211,32.44750003814697,33.13100002288818,44.112499961853025,YAARI.BO,2023-08-21 22:14:56.168973
254,2022-07-20 00:00:00+05:30,32.0,32.20000076293945,30.850000381469727,31.200000762939453,32874,0.0,0.0,2022-07-20,32.23500003814697,2.8511355682838926,35.086135606430865,29.383864469863077,37.93727117471476,26.532728901579187,-25.8008770128314,-23.124161605225407,-939401,11596.030078791939,9485.25947446076,60.901040521424775,52.03867445058328,31.416667302449543,31.98333422342936,30.633333841959633,32.766667683919266,30.066666920979817,33.333334604899086,29.283333460489906,,-78.21781093753187,-0.5525065218579606,-0.5195361858245746,-0.03297033603338595,45.73587912330116,17.420707129559773,30.95999984741211,32.23500003814697,33.16100002288818,44.44899997711182,YAARI.BO,2023-08-21 22:14:56.168973
255,2022-07-19 00:00:00+05:30,31.649999618530273,33.0,30.649999618530273,31.549999237060547,33449,0.0,0.0,2022-07-19,32.035000038146975,3.0601900590064552,35.095190097153434,28.97480997914052,38.155380156159886,25.914619920134065,-14.310321543897558,-16.622662913742033,-906527,11931.214933766158,8957.566823377963,61.01659540672052,56.56666156683551,31.733332951863606,32.81666628519694,30.46666590372721,34.08333333333333,29.38333257039388,35.166666666666664,28.116665522257485,,-74.75247898705797,-0.5469867047364971,-0.5112936018162282,-0.03569310292026895,46.79510429023664,18.2540332648532,30.969999694824217,32.035000038146975,33.175,44.67999996185303,YAARI.BO,2023-08-21 22:14:56.168973
256,2022-07-18 00:00:00+05:30,29.0,31.649999618530273,29.0,31.649999618530273,29305,0.0,0.0,2022-07-18,31.89000005722046,3.151716348795012,35.04171640601547,28.738283708425445,38.19343275481048,25.586567359630436,-77.24869145194059,-44.81747480001687,-873078,10486.187346775961,8214.154795780914,61.13370698906224,55.741212307864515,30.766666412353516,32.53333282470703,29.883333206176758,33.41666603088379,28.116666793823242,35.183332443237305,27.233333587646484,,-73.7623760506471,-0.5661015354984258,-0.502370326086161,-0.06373120941226484,47.08440910157585,19.15146141055381,31.0,31.89000005722046,33.28,45.0325,YAARI.BO,2023-08-21 22:14:56.168973
257,2022-07-15 00:00:00+05:30,30.049999237060547,30.5,29.799999237060547,30.149999618530273,7041,0.0,0.0,2022-07-15,31.67250003814697,3.3150167505691837,34.98751678871616,28.357483287577786,38.302533539285335,25.042466537008604,-112.62941686978482,-63.3589874361501,-902383,2400.069583250455,7646.146658032152,61.236727905339706,58.246421847916025,30.149999618530273,30.5,29.799999237060547,30.850000381469727,29.44999885559082,31.200000762939453,29.099998474121094,,-88.17734851044494,-0.5918455376717198,-0.4864375237330948,-0.10540801393862498,42.09840866365523,20.430139119491542,31.05,31.67250003814697,33.416000022888184,45.46250001907349,YAARI.BO,2023-08-21 22:14:56.168973
258,2022-07-14 00:00:00+05:30,31.549999237060547,31.600000381469727,29.75,30.25,18857,0.0,0.0,2022-07-14,31.655000019073487,3.324387650645453,34.97938766971894,28.330612368428035,38.303775320364394,25.00622471778258,-118.41936557090266,-57.46636342676664,-895342,6449.115541900946,8957.665926727575,61.262848057833494,60.39771322180416,30.53333346048991,31.31666692097982,29.466666539510094,32.38333384195964,28.683333079020183,33.16666730244955,27.616666158040367,,-77.29257081802943,-0.46811103230765383,-0.4600855202484385,-0.008025512059215312,42.345409862114906,21.147432643569324,31.620000076293945,31.655000019073487,33.609000015258786,45.921500053405765,YAARI.BO,2023-08-21 22:14:56.168973
259,2022-07-13 00:00:00+05:30,32.0,32.04999923706055,31.100000381469727,31.25,6745,0.0,0.0,2022-07-13,31.657499980926513,3.323294092288789,34.9807940732153,28.334205888637726,38.30408816550409,25.010911796348935,-103.96672395204145,-38.56357033913716,-876485,2383.0554807519297,9584.803522934233,61.33279343072105,73.63386910575645,31.46666653951009,31.833332697550453,30.883333841959633,32.41666539510091,30.51666768391927,32.783331553141274,29.933334986368813,,-64.08163017454034,-0.31244930115586556,-0.45807914223363466,0.1456298410777691,44.785382672802456,21.919902592576165,32.43999977111817,31.657499980926513,33.80599998474121,46.39400005340576,YAARI.BO,2023-08-21 22:14:56.168973
260,2022-07-12 00:00:00+05:30,31.450000762939453,32.900001525878906,31.149999618530273,31.700000762939453,21619,0.0,0.0,2022-07-12,31.589999961853028,3.3456414308364586,34.93564139268949,28.24435853101657,38.28128282352594,24.89871710018011,-105.54368218643798,-31.710237773140097,-869740,7748.132731932308,11385.24053347981,61.357081631897294,72.68200709018028,31.916667302449543,32.68333498636881,30.93333307902018,33.66666920979817,30.16666539510091,34.433336893717446,29.183331171671547,,-60.408153986740736,-0.2069058832243229,-0.4944866025030769,0.287580719278754,45.89029371515744,23.38434511154255,32.739999771118164,31.589999961853028,33.97,46.832500038146975,YAARI.BO,2023-08-21 22:14:56.168973
261,2022-07-11 00:00:00+05:30,33.0,33.0,31.799999237060547,31.899999618530273,5233,0.0,0.0,2022-07-11,31.364999961853027,3.4862172825441515,34.851217244397176,27.878782679308877,38.33743452694133,24.392565396764724,-81.36431614922057,-28.02198658759911,-848121,1887.311517958017,12294.517483866683,61.43402736878212,72.62183526546102,32.23333295186361,32.66666666666667,31.46666590372722,33.43333371480306,31.033332188924156,33.866667429606125,30.266665140787765,,-58.77551001342618,-0.11296164474957493,-0.5663817823227654,0.45342013757319044,46.36234503658361,24.985279349269852,33.28999977111816,31.364999961853027,34.12799995422363,47.29600006103516,YAARI.BO,2023-08-21 22:14:56.168973
262,2022-07-08 00:00:00+05:30,35.5,35.5,33.0,33.0,10587,0.0,0.0,2022-07-08,31.25,3.5055220119020443,34.755522011902045,27.744477988097955,38.26104402380409,24.23895597619591,-2.6817303103796513,4.363466885348899,-842888,3949.9266484366253,14896.31897534385,61.45258689149404,75.3037845379882,33.833333333333336,34.66666666666667,32.16666666666667,36.333333333333336,31.333333333333336,37.16666666666667,29.66666666666667,,-48.799995239257086,-0.010669868468887955,-0.6797368167160629,0.6690669482471749,48.933027737892424,26.80478256337813,34.15999984741211,31.25,34.365999946594236,47.776000080108645,YAARI.BO,2023-08-21 22:14:56.168973
263,2022-07-07 00:00:00+05:30,32.900001525878906,34.349998474121094,32.20000076293945,34.349998474121094,18731,0.0,0.0,2022-07-07,31.20249996185303,3.486948452137994,34.68944841399102,27.715551509715034,38.17639686612902,24.22860305757704,7.639970434311626,-0.46650723404938554,-832301,7274.277485789658,17632.917057070656,61.48880623335789,73.46000880498518,33.63333257039388,35.06666437784831,32.91666666666667,35.78333028157552,31.483334859212242,37.21666208902995,30.76666895548503,,-38.00000579834073,0.012122896449795917,-0.8470035537778566,0.8591264502276525,52.23360157154009,28.189321059364477,35.19000015258789,31.20249996185303,34.54099994659424,48.243500080108646,YAARI.BO,2023-08-21 22:14:56.168973
264,2022-07-06 00:00:00+05:30,32.75,34.349998474121094,32.75,32.75,46644,0.0,0.0,2022-07-06,31.11000003814697,3.4230104893671456,34.533010527514115,27.686989548779827,37.956021016881266,24.26397905941268,11.502677871574935,-7.18181864509736,-851032,17270.67329232235,20222.576949890903,61.55006621080534,69.72374221335514,33.28333282470703,33.81666564941406,32.21666717529297,34.883331298828125,31.683334350585938,35.416664123535156,30.616668701171875,,-50.79999554443292,-0.0918335329836566,-1.0617851663347697,0.9699516333511131,48.403510994501,30.1731393448589,35.59000015258789,31.11000003814697,34.765999946594235,48.69200006484985,YAARI.BO,2023-08-21 22:14:56.168973
265,2022-07-05 00:00:00+05:30,34.45000076293945,34.45000076293945,34.45000076293945,34.45000076293945,13906,0.0,0.0,2022-07-05,31.075,3.408908715346236,34.48390871534623,27.666091284653763,37.892817430692475,24.257182569307528,41.7777861652398,17.524452701203977,-804388,5416.18685289233,20960.55286428304,61.7128692373445,84.88530856472353,34.45000076293945,34.45000076293945,34.45000076293945,34.45000076293945,34.45000076293945,34.45000076293945,34.45000076293945,,-37.19998736572073,-0.06596224014056418,-1.3042730746725482,1.238310834531984,52.56165820900689,32.05591488209132,35.970000457763675,31.075,35.09599994659424,49.175500049591065,YAARI.BO,2023-08-21 22:14:56.168973
266,2022-07-04 00:00:00+05:30,39.099998474121094,39.099998474121094,36.25,36.25,61698,0.0,0.0,2022-07-04,30.98500003814697,3.3381409398812556,34.32314097802823,27.646859098265715,37.661281917909484,24.30871815838446,102.6459719248632,73.08926936056974,-790482,25286.06644620634,24846.644367130713,61.75889272280996,86.83484887659063,37.199999491373696,38.14999898274739,35.3000005086263,40.04999796549479,34.3500010172526,40.999997456868485,32.450002034505204,-0.09707898665881462,-22.799991271971326,-0.19926403519699676,-1.613850783305544,1.4145867481085472,57.410685508363606,33.25556345640738,35.380000305175784,30.98500003814697,35.43299991607666,49.69400007247925,YAARI.BO,2023-08-21 22:14:56.168973
267,2022-07-01 00:00:00+05:30,38.150001525878906,38.150001525878906,36.95000076293945,38.150001525878906,129295,0.0,0.0,2022-07-01,30.85500011444092,3.16863346341293,34.02363357785385,27.68636665102799,37.19226704126678,24.517733187615057,153.70693692707306,82.96199089123058,-728784,55767.15226089717,24736.788847361808,61.951393947550834,88.63498589911534,37.75000127156576,38.55000178019206,37.35000101725261,38.95000203450521,36.550000508626304,39.750002543131515,36.150000254313156,-0.054511386625461,-0.0,-0.5441842274388975,-1.9674974703326809,1.4233132428937834,63.1180492476796,33.550763024827866,33.86000022888184,30.85500011444092,35.74899990081787,50.20150007247925,YAARI.BO,2023-08-21 22:14:56.168973
268,2022-06-30 00:00:00+05:30,35.849998474121094,36.349998474121094,35.25,36.349998474121094,6224,0.0,0.0,2022-06-30,30.627499961853026,2.7534415450387124,33.38094150689174,27.874058416814314,36.13438305193045,25.120616871775603,191.40927477138223,43.92935714115703,-858079,2557.8563969348547,16979.197993977963,62.33384678666755,83.87154551042208,35.98333231608073,36.716664632161454,35.61666615804036,37.08333079020182,34.88333384195963,37.81666310628255,34.516667683919266,-0.18080299977995146,-0.0,-1.164662741608808,-2.3233257810561265,1.1586630394473185,59.58348479913774,34.18178878703046,31.770000076293947,30.627499961853026,36.01999988555908,50.62950002670288,YAARI.BO,2023-08-21 22:14:56.168973
269,2022-06-29 00:00:00+05:30,32.400001525878906,34.650001525878906,31.600000381469727,34.650001525878906,23662,0.0,0.0,2022-06-29,30.567500114440918,2.6326032547039113,33.20010336914483,27.934896859737005,35.83270662384874,25.302293605033096,193.04182373484673,-5.790009628085549,-864303,9269.512316491275,20584.53339323874,62.35396099339508,83.29091337736928,33.633334477742515,35.666668574015304,32.616667429606125,36.683335622151695,30.583333333333336,38.716669718424484,29.566666285196945,-0.16817045286224236,-0.0,-1.7641438305379396,-2.612991540917956,0.8488477103800163,55.87498163995029,35.509827636218105,29.950000381469728,30.567500114440918,36.38099994659424,51.06350004196167,YAARI.BO,2023-08-21 22:14:56.168973
270,2022-06-28 00:00:00+05:30,29.049999237060547,31.5,28.950000762939453,31.5,56776,0.0,0.0,2022-06-28,30.5875,2.6665508841584695,33.25405088415847,27.92094911584153,35.920601768316935,25.25439823168306,127.68529690375077,-64.59056450955379,-887965,20219.831110299914,23413.288662425606,62.435732713412555,83.02660302919489,30.650000254313152,32.34999974568685,29.800000508626304,33.1999994913737,28.100001017252605,34.8999989827474,27.250001271565758,-0.19244878816164038,-22.834656312317357,-2.337507891453086,-2.8252034685129592,0.4876955770598732,47.60269244728701,37.64251140397656,28.460000228881835,30.5875,36.81399990081787,51.498999996185304,YAARI.BO,2023-08-21 22:14:56.168973
271,2022-06-27 00:00:00+05:30,27.649999618530273,29.799999237060547,27.649999618530273,28.649999618530273,16760,0.0,0.0,2022-06-27,30.8125,2.924932556472302,33.7374325564723,27.887567443527697,36.662365112944606,24.962634887055394,7.710522104426128,-103.99009089943935,-944741,5428.762127459973,24211.65305045703,62.65639178592418,80.34274654223796,28.6999994913737,29.749999364217125,27.59999974568685,30.849999109903973,26.549999872843426,31.899998982747398,25.450000127156578,-0.2598175052499199,-67.71654938726053,-2.725943426872238,-2.9471273627779278,0.22118393590568974,37.807085738297275,39.482478116952684,27.89000015258789,30.8125,37.35099987030029,51.99249998092651,YAARI.BO,2023-08-21 22:14:56.168973
272,2022-06-24 00:00:00+05:30,27.700000762939453,29.950000762939453,26.850000381469727,27.700000762939453,211744,0.0,0.0,2022-06-24,31.207499980926514,3.1428395527736885,34.3503395337002,28.064660428152827,37.49317908647389,24.921820875379137,-43.4782270673035,-118.70269815417609,-961501,66312.14430657384,28907.37578120629,62.728145860230974,78.97960281487217,28.166667302449543,29.48333422342936,26.383333841959633,31.26666768391927,25.066666920979817,32.583334604899086,23.283333460489906,-0.25697083253625586,-84.28570455434105,-2.9012745910615294,-3.0024233467543495,0.10114875569282011,33.987254030711625,40.30617493658259,27.620000076293945,31.207499980926514,37.946999893188476,52.46400001525879,YAARI.BO,2023-08-21 22:14:56.168973
273,2022-06-23 00:00:00+05:30,27.450000762939453,28.450000762939453,26.899999618530273,27.25,17446,0.0,0.0,2022-06-23,31.627499866485596,3.2099955836945746,34.83749545018017,28.417504282791022,38.04749103387475,25.207508699096447,-85.89743115727896,-136.25790066881103,-1173245,5374.827771652603,19556.1836498644,63.68749051480814,73.31125668774982,27.53333346048991,28.166667302449547,26.616666158040367,29.08333460489909,25.98333231608073,29.716668446858726,25.066665013631187,-0.20917343223630977,-91.77215633016448,-2.9882324126008157,-3.027710535677554,0.03947812307673848,32.15439412068511,41.19323305003019,28.039999771118165,31.627499866485596,38.607999877929686,52.96799999237061,YAARI.BO,2023-08-21 22:14:56.168973
274,2022-06-22 00:00:00+05:30,28.950000762939453,28.950000762939453,27.0,27.200000762939453,25515,0.0,0.0,2022-06-22,32.05999994277954,3.1716507434323717,35.231650686211914,28.888349199347168,38.40330142964429,25.7166984559148,-91.04935971361516,-137.57200173503776,-1190691,7846.331751401973,23101.52261941735,63.76989898322878,73.61466348283157,27.71666717529297,28.433334350585938,26.483333587646484,29.666667938232422,25.766666412353516,30.38333511352539,24.53333282470703,-0.18072812559642257,-93.61701695937367,-3.009970269394188,-3.037580066446739,0.027609797052551066,31.95948062943704,41.03939621020985,28.649999618530273,32.05999994277954,39.2939998626709,53.47549999237061,YAARI.BO,2023-08-21 22:14:56.168973
275,2022-06-21 00:00:00+05:30,26.600000381469727,30.0,26.600000381469727,28.649999618530273,61226,0.0,0.0,2022-06-21,32.43499994277954,3.0058321610739767,35.440832103853516,29.429167781705566,38.44666426492749,26.423335620631587,-77.70218497236228,-129.56538614368625,-1165176,19831.82517994417,26915.320336421188,63.89126182209381,71.27734221297207,28.416666666666668,30.23333295186361,26.833333333333336,31.81666628519694,25.016667048136394,33.63333257039388,23.433333714803062,-0.17420411067581945,-78.1914965930491,-2.9872715358904323,-3.044482515709876,0.057210979819443786,34.63928043776272,40.90422580650089,29.189999389648438,32.43499994277954,39.96599983215332,54.03849998474121,YAARI.BO,2023-08-21 22:14:56.168973
276,2022-06-20 00:00:00+05:30,29.799999237060547,30.399999618530273,26.850000381469727,27.299999237060547,15293,0.0,0.0,2022-06-20,32.82749996185303,2.9980904917838385,35.82559045363687,29.82940947006919,38.823680945420705,26.831318978285353,-107.44728764025582,-135.69905538269347,-1226402,4720.168487701278,28686.19412554044,64.17415734818087,68.38212896991222,28.183333079020183,29.51666577657064,25.966666539510094,31.73333231608073,24.633333841959637,33.06666501363119,22.416667302449547,-0.21363452081806478,-93.04813270576466,-3.055751506259867,-3.0587852606647368,0.0030337544048699705,29.53090997571273,40.758657679429696,28.899999618530273,32.82749996185303,40.60899982452393,54.597500019073486,YAARI.BO,2023-08-21 22:14:56.168973
277,2022-06-17 00:00:00+05:30,30.5,31.0,28.600000381469727,29.799999237060547,31102,0.0,0.0,2022-06-17,33.372500038146974,2.9303528103864362,36.30285284853341,30.442147227760536,39.23320565891984,27.5117944173741,-58.39680749844628,-113.57441481847582,-1211109,10478.684095528131,34677.70053500023,64.24824148211924,70.12715155304075,29.799999872843426,30.999999364217125,28.59999974568685,32.1999994913737,27.400000254313152,33.3999989827474,26.200000127156578,-0.21511487605180246,-71.74888137847768,-2.964172771569025,-3.059543699265954,0.09537092769692901,34.115967748744495,40.6691082184295,29.35999984741211,33.372500038146974,41.22399982452393,55.17250005722046,YAARI.BO,2023-08-21 22:14:56.168973
278,2022-06-16 00:00:00+05:30,32.849998474121094,32.849998474121094,29.0,30.299999237060547,457391,0.0,0.0,2022-06-16,33.8125,3.0248476505279966,36.837347650527995,30.787652349472005,39.86219530105599,27.762804698944006,-36.01205406734827,-102.10142318883577,-1180007,156686.79965187705,40727.45464486825,64.38957460451958,73.4835669354316,30.716665903727215,32.43333180745443,28.583333333333336,34.56666437784831,26.86666742960612,36.28333028157552,24.733334859212242,-0.2299361429768396,-67.26457629232283,-3.048224652585006,-3.083386431190186,0.03516177860518033,35.12889386787671,41.065148202228436,29.809999847412108,33.8125,41.777999839782716,55.71800004959106,YAARI.BO,2023-08-21 22:14:56.168973
279,2022-06-15 00:00:00+05:30,27.549999237060547,29.899999618530273,27.149999618530273,29.899999618530273,70799,0.0,0.0,2022-06-15,34.21750011444092,3.071699081132191,37.289199195573104,31.145801033308725,40.3608982767053,28.074101952176534,-118.7349051112328,-126.92608835360416,-1637398,23933.184240029474,11737.618393116045,66.57847080118017,37.00087603995558,28.983332951863606,30.816666285196938,28.066666285196938,31.733332951863606,26.233332951863606,33.56666628519694,25.316666285196938,-0.11338116731563529,-70.85201693999345,-3.158893732785998,-3.0921768758414814,-0.06671685694451668,33.66583209176045,41.61048138703316,30.25,34.21750011444092,42.33999988555908,56.27650007247925,YAARI.BO,2023-08-21 22:14:56.168973
280,2022-06-14 00:00:00+05:30,29.149999618530273,29.899999618530273,26.649999618530273,27.200000762939453,55466,0.0,0.0,2022-06-14,34.69000005722046,3.099303611228759,37.78930366844922,31.5906964459917,40.88860727967798,28.49139283476294,-197.48690683440478,-140.28828435195152,-1708197,17056.815086155668,8688.726931387688,66.94667807172519,18.62002059231709,27.916666666666668,29.183333714803062,25.933333714803062,31.166666666666668,24.666666666666668,32.43333371480306,22.683333714803062,-0.400531064163317,-95.06725414146985,-3.2133277634488877,-3.0754976616053518,-0.13783010184353595,22.744961420972245,40.175059374501814,30.679999923706056,34.69000005722046,42.84999992370606,56.84900009155273,YAARI.BO,2023-08-21 22:14:56.168973
281,2022-06-13 00:00:00+05:30,32.95000076293945,32.95000076293945,29.350000381469727,29.600000381469727,36144,0.0,0.0,2022-06-13,35.369999980926515,2.85151831432281,38.221518295249325,32.518481666603705,41.073036609572135,29.666963352280895,-130.6727277290516,-108.72423842266046,-1652731,12095.67496552756,6596.704892695692,67.26175077184244,21.421953539598903,30.633333841959637,31.916667302449547,28.31666692097982,34.23333422342937,27.03333346048991,35.51666768391927,24.716666539510094,-0.14967952347740782,-97.04141971765368,-2.968424055361389,-3.0410401361444674,0.07261608078307846,26.3217906243067,38.629220284083445,31.770000076293947,35.369999980926515,43.40999992370605,57.45500011444092,YAARI.BO,2023-08-21 22:14:56.168973
282,2022-06-10 00:00:00+05:30,32.0,32.70000076293945,31.799999237060547,32.04999923706055,5589,0.0,0.0,2022-06-10,35.785000038146975,2.556266693228937,38.34126673137591,33.22873334491804,40.89753342460485,30.672466651689103,-89.97226792273783,-92.31324584343726,-1616587,2025.183175989825,5221.962374487725,67.4573058107847,22.97261359992413,32.18333307902018,32.56666692097981,31.666665395100907,33.083334604899086,31.283331553141274,33.46666844685872,30.766663869222,-0.03801484470880221,-93.2432446364852,-2.8462605725082355,-3.0591941563402365,0.212933583832001,30.932879677041,37.52458014158828,32.58000030517578,35.785000038146975,43.95499988555908,58.0445001411438,YAARI.BO,2023-08-21 22:14:56.168973
283,2022-06-09 00:00:00+05:30,32.20000076293945,32.79999923706055,31.549999237060547,32.5,9118,0.0,0.0,2022-06-09,35.91750011444092,2.417386102145164,38.334886216586085,33.500114012295754,40.752272318731244,31.08272791015059,-106.66669706019111,-90.78893489420035,-1610998,3350.311025713261,6021.157174112201,67.48575750528519,21.741282719902472,32.28333282470703,33.016666412353516,31.766666412353516,33.53333282470703,31.03333282470703,34.266666412353516,30.516666412353516,-0.03518809661978151,-87.89808298154708,-2.8880169011103547,-3.1124275522982363,0.22441065118788162,31.885552490928504,36.9953967865641,32.89000015258789,35.91750011444092,44.48999988555908,58.61100011825562,YAARI.BO,2023-08-21 22:14:56.168973
284,2022-06-08 00:00:00+05:30,32.900001525878906,32.900001525878906,31.600000381469727,32.04999923706055,19676,0.0,0.0,2022-06-08,35.94250011444092,2.3825169757566798,38.3250170901976,33.55998313868424,40.70753406595428,31.17746616292756,-148.28713735495654,-91.86674455536775,-1620116,7129.630375876865,6688.868711211935,67.53168171697025,22.73616559863943,32.18333371480306,32.7666670481364,31.46666590372722,33.48333485921224,30.883332570393883,34.06666819254558,30.16666475931804,0.07499482902726301,-94.61079239481886,-2.9420380802751396,-3.1685302150952066,0.22649213482006703,29.88025379225924,36.42550701961498,33.42000045776367,35.94250011444092,45.1219998550415,59.1965001487732,YAARI.BO,2023-08-21 22:14:56.168973
285,2022-06-07 00:00:00+05:30,33.54999923706055,33.599998474121094,32.45000076293945,32.650001525878906,12159,0.0,0.0,2022-06-07,35.93500013351441,2.3956152691769277,38.330615402691336,33.53938486433748,40.726230671868265,31.143769595160553,-164.66466652805428,-86.51926719691865,-1600440,4488.31410119174,6578.678295045703,67.63247319054784,22.722449555057054,32.90000025431315,33.349999745686844,32.200002034505204,34.04999796549479,31.750002543131508,34.499997456868485,31.050004323323563,-0.11584223597591611,-97.3333231608073,-2.9223069681545724,-3.225153248800223,0.30284628064565045,31.01057994242217,35.82556811677443,34.02000045776367,35.93500013351441,45.639999885559085,59.78900018692016,YAARI.BO,2023-08-21 22:14:56.168973
286,2022-06-06 00:00:00+05:30,34.099998474121094,34.5,33.29999923706055,33.650001525878906,5562,0.0,0.0,2022-06-06,36.14250001907349,2.2726793992900154,38.4151794183635,33.869820619783475,40.68785881765352,31.597141220493455,-131.920371260003,-80.38116607124586,-1588281,2116.0126053645736,7101.269343509192,67.69399005109322,36.68109995522033,33.81666692097982,34.33333460489909,33.13333384195964,35.01666768391927,32.61666615804037,35.533335367838546,31.933333079020187,-0.12073562310167663,-92.5714111328125,-2.911858921714831,-3.300864818961635,0.389005897246804,32.93896382384864,35.40954811129504,34.69000015258789,36.14250001907349,46.084999885559085,60.39900018692017,YAARI.BO,2023-08-21 22:14:56.168973
287,2022-06-03 00:00:00+05:30,35.900001525878906,36.0,33.400001525878906,33.599998474121094,11021,0.0,0.0,2022-06-03,36.38249998092651,2.248933931043343,38.63143391196985,34.13356604988317,40.8803678430132,31.884632118839825,-113.22038205776273,-78.46097837472354,-1593843,4186.609338154963,8347.583528045347,67.72139738083723,56.116917496454825,34.333333333333336,35.266665140787765,32.66666666666667,36.93333180745443,31.733334859212242,37.86666361490886,30.066668192545578,-0.13037383634258812,-93.14287458147321,-2.952848030110701,-3.3981162932733358,0.4452682631626348,32.74478812779331,35.19841191799358,35.26999969482422,36.38249998092651,46.60099987030029,60.99750017166138,YAARI.BO,2023-08-21 22:14:56.168973
288,2022-06-02 00:00:00+05:30,34.29999923706055,35.95000076293945,33.54999923706055,35.150001525878906,43432,0.0,0.0,2022-06-02,36.692500019073485,2.272389870587714,38.9648898896612,34.42011014848577,41.23727976024891,32.14772027789806,-95.81319579167567,-76.56854423906773,-1582822,17259.863413735402,9387.827075517944,67.77591494921266,60.266637914736194,34.88333384195963,36.21666844685872,33.81666692097981,37.28333536783854,32.48333231608073,38.616669972737625,31.416665395100907,-0.13896856756342896,-75.42855398995536,-2.9556618451548644,-3.509433359063994,0.5537715139091297,35.722206757101276,34.99842628662599,35.76999969482422,36.692500019073485,47.10099987030029,61.58300020217896,YAARI.BO,2023-08-21 22:14:56.168973
289,2022-06-01 00:00:00+05:30,36.0,36.0,34.5,35.04999923706055,7754,0.0,0.0,2022-06-01,36.93999986648559,2.3632936359566132,39.30329350244221,34.57670623052898,41.66658713839882,32.21341259457237,-92.09296356800313,-76.96542080557572,-1626254,3072.670474406034,7419.81799096358,67.9826453423047,72.99308552043294,35.18333307902018,35.86666615804036,34.36666615804036,36.68333307902018,33.68333307902018,37.36666615804036,32.86666615804036,-0.19434825381338636,-76.57143729073661,-3.0671334415564075,-3.6478762375412765,0.580742795984869,35.37014853380103,34.82173843461126,35.91999969482422,36.93999986648559,47.57099987030029,62.16750017166137,YAARI.BO,2023-08-21 22:14:56.168973
290,2022-05-31 00:00:00+05:30,36.349998474121094,37.79999923706055,35.95000076293945,36.0,10628,0.0,0.0,2022-05-31,37.15999994277954,2.382811042654111,39.542810985433654,34.77718890012543,41.925622028087766,32.39437785747132,-35.71429682315685,-69.5998010264885,-1618500,4325.698283787266,8506.604870102967,68.0199425070542,58.66980818112545,36.583333333333336,37.21666590372722,35.366667429606125,38.43333180745443,34.73333485921224,39.06666437784831,33.51666895548503,-0.23428552184205995,-48.93617021276596,-3.1535304351481557,-3.793061936537493,0.6395315013893375,37.16586037954294,34.872232065924116,35.85,37.15999994277954,48.04299991607666,62.72050016403198,YAARI.BO,2023-08-21 22:14:56.168973
291,2022-05-30 00:00:00+05:30,35.95000076293945,37.25,35.400001525878906,36.54999923706055,12668,0.0,0.0,2022-05-30,37.3399998664856,2.4261511033550764,39.76615096984067,34.913848763130524,42.19230207319575,32.48769765977545,-53.703704609377326,-74.0206527449751,-1607872,5234.769997855662,9551.831516681892,68.06972425786292,41.955275653107854,36.40000025431315,37.39999898274739,35.5500005086263,38.24999872843424,34.550001780192055,39.249997456868485,33.700002034505204,-0.260760689468671,-44.255325642037896,-3.309924684882411,-3.9529448118848274,0.6430201270024165,38.208697293300546,35.31216670655906,35.95,37.3399998664856,48.51399990081787,63.25600019454956,YAARI.BO,2023-08-21 22:14:56.168973
292,2022-05-27 00:00:00+05:30,36.95000076293945,37.5,34.79999923706055,36.099998474121094,12695,0.0,0.0,2022-05-27,37.702499866485596,2.812728027932719,40.51522789441832,34.889771838552875,43.32795592235104,32.077043810620154,-72.06604750988046,-79.38342088817387,-1620540,5181.3396997304835,10631.096896388448,68.12824288096388,38.46974356615819,36.13333257039388,37.46666590372722,34.766665140787765,38.833333333333336,33.43333180745443,40.16666666666667,32.06666437784831,-0.28300409144641325,-48.08511936918218,-3.5141729342544608,-4.113699843635431,0.5995269093809705,36.86276597897218,35.51219349074568,36.28000030517578,37.702499866485596,49.00599994659424,63.79250017166137,YAARI.BO,2023-08-21 22:14:56.168973
293,2022-05-26 00:00:00+05:30,34.70000076293945,36.400001525878906,33.0,35.900001525878906,22304,0.0,0.0,2022-05-26,37.98499994277954,2.9248073348998473,40.909807277679384,35.06019260787969,43.83461461257923,32.135385272979846,-102.74347427622017,-90.69230475759404,-1633235,9052.726530920658,11993.53619555294,68.18794341736687,32.88148389913259,35.1000010172526,37.200002034505204,33.8000005086263,38.50000254313151,31.699999491373696,40.60000356038411,30.39999898274739,-0.29947944299717766,-49.787221056349736,-3.678109285445032,-4.263581570980674,0.5854722855356416,36.29005491188167,35.727606950638965,36.78000030517578,37.98499994277954,49.56799991607666,64.34550020217895,YAARI.BO,2023-08-21 22:14:56.168973
294,2022-05-25 00:00:00+05:30,37.0,37.400001525878906,34.70000076293945,34.70000076293945,11865,0.0,0.0,2022-05-25,38.46999979019165,3.336180830747198,41.80618062093885,35.133818959444454,45.14236145168604,31.797638128697255,-60.01165164092242,-91.37715334062129,-1655539,4654.782625862589,12728.73861171101,68.2940299143199,34.0355875076269,35.6000010172526,36.50000127156575,33.8000005086263,38.300001780192055,32.90000025431315,39.200002034505204,31.099999745686844,-0.38465789524947924,-64.92537143475303,-3.8125718949387277,-4.409949642364584,0.5973777474258561,32.898911505840545,35.45030569242936,37.28000030517578,38.46999979019165,50.13199985504151,64.89200021743774,YAARI.BO,2023-08-21 22:14:56.168973
295,2022-05-24 00:00:00+05:30,38.900001525878906,38.95000076293945,36.29999923706055,36.5,16164,0.0,0.0,2022-05-24,39.19749975204468,3.9926401774259315,43.19013992947061,35.204859574618744,47.182780106896544,31.212219397192815,4.248260785537981,-84.48625903722628,-1643674,6670.277222793338,14747.227608173116,68.35285012471883,32.36412077160958,37.25,38.20000076293945,35.54999923706055,39.900001525878906,34.599998474121094,40.85000228881836,32.89999771118164,-0.3859668028395361,-51.49254283705266,-3.8087766471837625,-4.559294079221047,0.7505174320372845,35.533308008544125,35.51153961296349,38.20999984741211,39.19749975204468,50.724999809265135,65.45500020980835,YAARI.BO,2023-08-21 22:14:56.168973
296,2022-05-23 00:00:00+05:30,39.349998474121094,39.400001525878906,38.099998474121094,38.20000076293945,14911,0.0,0.0,2022-05-23,39.93749971389771,4.763481290772202,44.70098100466991,35.1740184231255,49.46446229544211,30.410537132353305,44.88572510859254,-79.6468097827558,-1627510,6439.799107166733,16766.46520451806,68.42901084496711,39.52367033592149,38.56666692097982,39.033335367838546,37.733332316080734,39.86666997273763,37.26666386922201,40.33333841959636,36.43332926432292,-0.38102774430617736,-47.43588740381949,-3.923481495038537,-4.746923437230368,0.8234419421918311,38.217101469287705,35.94072012648078,39.06999969482422,39.93749971389771,51.271999778747556,66.00600019454956,YAARI.BO,2023-08-21 22:14:56.168973
297,2022-05-20 00:00:00+05:30,39.95000076293945,39.95000076293945,38.45000076293945,38.599998474121094,9982,0.0,0.0,2022-05-20,40.62999963760376,5.454244823749574,46.084244461353336,35.175754813854184,51.53848928510291,29.72150999010461,58.09449807408432,-81.14362167152996,-1612599,4356.192177079936,19348.13172885589,68.49583347531325,33.34633519105938,39.0,39.54999923706055,38.04999923706055,40.5,37.5,41.04999923706055,36.54999923706055,-0.38032742528226904,-44.87179926082897,-4.178316087580903,-4.952783922778326,0.7744678351974228,38.858346710880994,36.84300956555822,39.00999984741211,40.62999963760376,51.78299976348877,66.5510001564026,YAARI.BO,2023-08-21 22:14:56.168973
298,2022-05-19 00:00:00+05:30,38.900001525878906,39.099998474121094,37.70000076293945,38.400001525878906,16608,0.0,0.0,2022-05-19,41.284999752044676,5.960706698403358,47.24570645044803,35.32429305364132,53.2064131488514,29.36358635523796,32.16375077840197,-90.67714972398214,-1622581,7210.257177453427,23096.116616799878,68.54013965255977,41.51548112617091,38.40000025431315,39.099999745686844,37.700002034505204,39.79999796549479,37.00000254313151,40.499997456868485,36.30000432332356,-0.38377017377176054,-48.62383908368863,-4.480667483110146,-5.146400881577682,0.6657333984675358,38.37829787455282,37.901942480356524,38.23000030517578,41.284999752044676,52.3619998550415,67.05650018692016,YAARI.BO,2023-08-21 22:14:56.168973
299,2022-05-18 00:00:00+05:30,41.75,41.75,39.20000076293945,39.349998474121094,35301,0.0,0.0,2022-05-18,42.08499975204468,6.593260192308502,48.67825994435319,35.491739559736175,55.271520136661685,28.898479367427676,68.08227457343631,-83.36580591131683,-1605973,15704.854087759864,27067.58147663649,68.61464214400252,35.12660835484043,40.09999974568685,40.99999872843425,38.4499994913737,42.6499989827474,37.550000508626304,43.549997965494796,35.900000254313156,-0.36576713691767915,-44.67457023714775,-4.780183320618271,-5.312834231194565,0.5326509105762947,39.75502937094101,38.711702560516606,37.15,42.08499975204468,52.9819998550415,67.55300020217895,YAARI.BO,2023-08-21 22:14:56.168973
300,2022-05-17 00:00:00+05:30,37.599998474121094,41.650001525878906,37.599998474121094,40.79999923706055,87934,0.0,0.0,2022-05-17,42.93249979019165,7.2771139861525915,50.20961377634424,35.65538580403906,57.486727762496834,28.378271817886464,60.228711381592,-89.587506323066,-1570672,40561.98142110826,29908.26332385564,68.76921253170214,26.90947755065443,40.016666412353516,42.43333435058594,38.383331298828125,44.06666946411133,35.9666633605957,46.48333740234375,34.33332824707031,-0.3542493323513358,-50.797271700804004,-5.184787640503018,-5.445996958838639,0.261209318335621,41.88452548575307,39.92285319108283,35.660000228881835,42.93249979019165,53.61099994659424,68.09850023269654,YAARI.BO,2023-08-21 22:14:56.168973
301,2022-05-16 00:00:00+05:30,37.0,38.150001525878906,35.5,37.900001525878906,17761,0.0,0.0,2022-05-16,43.809999752044675,8.026020036109255,51.83601978815393,35.783979715935416,59.862039824263185,27.757959679826165,-13.13504028362306,-119.02001645862661,-1658606,7610.423406741711,27244.83379954248,69.14210620024416,20.19329859301301,37.18333435058594,38.866668701171875,36.21666717529297,39.833335876464844,34.53333282470703,41.51667022705078,33.56666564941406,-0.4161502581314954,-64.00910591667346,-5.767049494273692,-5.511299288422544,-0.2557502058511485,35.46463111444925,41.191492630436365,34.86000022888184,43.809999752044675,54.12999996185303,68.70100027084351,YAARI.BO,2023-08-21 22:14:56.168973
302,2022-05-13 00:00:00+05:30,33.95000076293945,36.0,33.54999923706055,34.70000076293945,46257,0.0,0.0,2022-05-13,44.83749971389771,8.52923573399188,53.36673544788959,36.308263979905824,61.895971181881464,27.779028245913945,-77.69555541277087,-149.1792744036593,-1676367,18147.17909182686,32153.436397742673,69.22646428339218,18.780925830878772,34.75,35.95000076293945,33.5,37.20000076293945,32.29999923706055,38.400001525878906,31.049999237060547,-0.4368905276485795,-79.52069452420588,-6.139535737101987,-5.447361736959756,-0.6921740001422307,27.227613197915645,41.231234121002124,34.97000007629394,44.83749971389771,54.64799991607666,69.33650022506714,YAARI.BO,2023-08-21 22:14:56.168973
303,2022-05-12 00:00:00+05:30,31.799999237060547,33.79999923706055,30.0,33.0,100710,0.0,0.0,2022-05-12,46.13999967575073,8.881435514825473,55.0214351905762,37.25856416092526,63.902870705401675,28.377128646099784,-153.69880046455532,-184.37245710708058,-1722624,37574.11096288397,35655.00072422162,69.47098374846624,20.312090246992057,32.266666412353516,34.53333282470703,30.733333587646484,36.06666564941406,28.46666717529297,38.33333206176758,26.933334350585938,-0.4512629850103699,-87.75510204081633,-6.208256143507782,-5.274318236924198,-0.9339379065835844,22.337753209429422,40.33701288256757,35.989999771118164,46.13999967575073,55.09399990081787,69.99350023269653,YAARI.BO,2023-08-21 22:14:56.168973
304,2022-05-11 00:00:00+05:30,37.849998474121094,37.900001525878906,31.0,31.899999618530273,163858,0.0,0.0,2022-05-11,47.56749963760376,8.952422228692882,56.51992186629664,38.61507740891088,65.47234409498952,29.662655180217996,-186.7102153814536,-191.8932271198942,-1823334,59096.32920113983,35175.22316455604,70.04213680399462,20.360917577517924,33.60000038146973,36.20000076293945,29.299999237060547,40.50000190734863,26.69999885559082,43.10000228881836,22.39999771118164,-0.5130111152028338,-96.17021438923288,-6.034750283487718,-5.040833760278301,-0.9939165232094167,19.07039848060883,38.31985508346532,37.409999465942384,47.56749963760376,55.73699993133545,70.68450021743774,YAARI.BO,2023-08-21 22:14:56.168973
305,2022-05-10 00:00:00+05:30,38.29999923706055,39.29999923706055,35.849998474121094,36.79999923706055,29492,0.0,0.0,2022-05-10,49.01249961853027,8.616506195606258,57.62900581413653,40.395993422924015,66.24551200974278,31.779487227317755,-113.03538815095541,-176.80961874435226,-1659476,12270.272639291012,29194.946655410087,71.03941050120378,19.09975297474689,37.31666564941406,38.78333282470703,35.33333206176758,40.766666412353516,33.86666488647461,42.233333587646484,31.883331298828125,-0.48179135818821395,-95.44364192492714,-5.612841223870504,-4.7923546294759465,-0.8204865943945574,23.08827443137679,36.24869635759558,38.91999969482422,49.01249961853027,56.18499992370605,71.40600025177002,YAARI.BO,2023-08-21 22:14:56.168973
306,2022-05-09 00:00:00+05:30,39.70000076293945,39.70000076293945,37.70000076293945,38.45000076293945,67849,0.0,0.0,2022-05-09,50.21249961853027,8.496560861681669,58.709060480211946,41.7159387568486,67.20562134189362,33.219377895166936,-95.43503097966489,-182.46300045328687,-1629984,29494.564067551673,33426.115159439854,71.2013007873257,19.07774229846453,38.61666742960612,39.53333409627278,37.53333409627278,40.61666742960612,36.61666742960612,41.53333409627278,35.53333409627278,-0.4579472277262264,-96.36803833835833,-5.470202447490529,-4.587232980877308,-0.8829694666132211,24.71654952308164,34.593662095078045,39.47999954223633,50.21249961853027,56.785,72.12000022888184,YAARI.BO,2023-08-21 22:14:56.168973
307,2022-05-06 00:00:00+05:30,43.400001525878906,43.400001525878906,39.04999923706055,39.79999923706055,27406,0.0,0.0,2022-05-06,51.19249954223633,8.193390812055277,59.385890354291604,42.99910873018105,67.57928116634687,34.80571791812577,-71.2838484644704,-179.36034202382933,-1562135,12331.925570660618,34409.0029324119,71.56147468977844,21.96552593697696,40.75,42.45000076293945,38.099998474121094,45.10000228881836,36.39999771118164,46.80000305175781,33.749996185302734,-0.4723819539187035,-91.63089910929287,-5.367199884863474,-4.366490614224002,-1.0007092706394722,26.115831710760162,33.079451869787626,40.54999923706055,51.19249954223633,57.50900001525879,72.78400020599365,YAARI.BO,2023-08-21 22:14:56.168973
308,2022-05-05 00:00:00+05:30,41.95000076293945,42.5,39.650001525878906,40.099998474121094,38634,0.0,0.0,2022-05-05,52.077499580383304,7.846663402374897,59.924162982758205,44.2308361780084,67.77082638513309,36.38417277563351,-84.43105387416328,-199.10192518048297,-1534729,17515.244708891798,39928.272272849725,71.70319106495619,21.074905304539556,40.75,41.849998474121094,39.0,43.599998474121094,37.900001525878906,44.69999694824219,36.150001525878906,-0.47662426745738007,-90.34334890428157,-5.286958576604945,-4.116313296564133,-1.1706452800408123,26.424525192199354,31.65709860794951,40.939999389648435,52.077499580383304,58.23400009155274,73.43400024414062,YAARI.BO,2023-08-21 22:14:56.168973
309,2022-05-04 00:00:00+05:30,45.599998474121094,45.599998474121094,38.599998474121094,39.45000076293945,57827,0.0,0.0,2022-05-04,52.99249973297119,7.432508243374578,60.42500797634577,45.55999148959661,67.85751621972034,38.127483246222035,-97.40146910269621,-212.3300119737355,-1573363,25791.69330501415,45531.5291638392,71.90323004893176,22.97484300098374,41.21666590372721,43.83333333333333,36.83333333333333,48.21666590372721,34.21666590372721,50.83333333333333,29.83333333333333,-0.43992891973879505,-93.61276609223374,-5.1336653329146955,-3.823651976553929,-1.3100133563607663,24.63219980910965,29.681516915759136,42.039999389648436,52.99249973297119,58.98200012207031,73.98600028991699,YAARI.BO,2023-08-21 22:14:56.168973
310,2022-04-29 00:00:00+05:30,43.900001525878906,44.599998474121094,37.849998474121094,39.599998474121094,129054,0.0,0.0,2022-04-29,53.78999977111816,6.724965495045293,60.51496526616346,47.065034276072865,67.23993076120874,40.340068781027576,-130.42930742122968,-242.39550441277578,-1515536,57778.83978978237,50466.48812854546,72.21364084343759,18.575495079482295,40.68333180745443,43.516665140787765,36.766665140787765,47.43333180745443,33.93333180745443,50.266665140787765,30.016665140787765,-0.4511579801470567,-93.01397290697257,-4.795605794317396,-3.4961486374637376,-1.2994571568536584,24.76145654622016,27.55396740109258,43.99999923706055,53.78999977111816,59.695000076293944,74.5215002822876,YAARI.BO,2023-08-21 22:14:56.168973
311,2022-04-28 00:00:00+05:30,44.0,46.349998474121094,42.75,43.79999923706055,103106,0.0,0.0,2022-04-28,54.569999885559085,5.838808546897075,60.40880843245616,48.73119133866201,66.24761697935324,42.89238279176493,-113.16908295075648,-216.37081569650283,-1386482,51057.579165084586,48638.40021323624,72.9250016016028,25.690011453465686,44.29999923706055,45.849998474121094,42.25,47.89999771118164,40.70000076293945,49.44999694824219,38.650001525878906,-0.4639835929632242,-81.52866830129014,-4.304898950633927,-3.1712843482503223,-1.1336146023836045,28.673503917188697,24.804671088141976,46.33999938964844,54.569999885559085,60.46400016784668,75.0615002822876,YAARI.BO,2023-08-21 22:14:56.168973
312,2022-04-27 00:00:00+05:30,46.900001525878906,46.900001525878906,39.45000076293945,41.75,160149,0.0,0.0,2022-04-27,55.22249984741211,5.273730205311444,60.496230052723554,49.948769642100665,65.769960258035,44.67503943678922,-173.43012473876348,-262.9616460724448,-1489588,75593.22759403306,48033.60547527415,73.44154149002303,24.132727490006417,42.70000076293945,45.95000076293945,38.5,50.150001525878906,35.25,53.400001525878906,31.049999237060547,-0.506099339389407,-90.39666319919456,-4.025056188773611,-2.8878806976544213,-1.1371754911191898,23.172192307908787,22.431288139919904,47.98999938964844,55.22249984741211,61.186000213623046,75.55050025939941,YAARI.BO,2023-08-21 22:14:56.168973
313,2022-04-26 00:00:00+05:30,51.95000076293945,51.95000076293945,44.900001525878906,45.599998474121094,178142,0.0,0.0,2022-04-26,56.07499980926514,4.262365919083338,60.33736572834847,51.8126338901818,64.59973164743181,47.550267971098464,-126.29362827784243,-211.6793110544967,-1329439,91840.30761392038,41143.69994558442,74.33928658503572,32.18336311247175,47.483333587646484,50.06666564941406,43.016666412353516,54.53333282470703,40.43333435058594,57.11666488647461,35.96666717529297,-0.607161622129982,-96.21623271220439,-3.4038930886696335,-2.6035868248746237,-0.8003062637950098,26.773331957317907,19.875337272603826,49.97999954223633,56.07499980926514,61.946000213623044,76.02050025939941,YAARI.BO,2023-08-21 22:14:56.168973
314,2022-04-25 00:00:00+05:30,51.900001525878906,51.900001525878906,48.650001525878906,49.25,36781,0.0,0.0,2022-04-25,56.999999809265134,3.8576646326008643,60.857664441866,53.14233517666427,64.71532907446687,49.2846705440634,-108.4249041254464,-186.72070308309597,-1151297,20480.093979652764,28469.548028500423,75.274332085136,46.65986592165701,49.93333435058594,51.21666717529297,47.96666717529297,53.18333435058594,46.68333435058594,54.46666717529297,44.71666717529297,-0.5289763149050907,-95.93221373477225,-2.9362084679776785,-2.4035102589258712,-0.5326982090518073,31.01675862239462,17.97291878359787,51.74000015258789,56.999999809265134,62.618000183105465,76.46800025939942,YAARI.BO,2023-08-21 22:14:56.168973
315,2022-04-22 00:00:00+05:30,52.95000076293945,52.95000076293945,50.70000076293945,51.29999923706055,11176,0.0,0.0,2022-04-22,57.43499984741211,3.4012803784162426,60.836280225828354,54.03371946899586,64.23756060424459,50.632439090579624,-103.92729981409013,-167.63303803481548,-1114516,6481.953773371868,30466.91154071233,75.45033537984807,52.867274969512984,51.65000025431315,52.599999745686844,50.349999745686844,53.90000025431315,49.40000025431315,54.849999745686844,48.099999745686844,-0.48030189605476253,-95.27560284978894,-2.652412271034727,-2.270335706662919,-0.38207656437180804,33.811594035137375,16.73125209106876,53.15,57.43499984741211,63.25500015258789,76.90750022888183,YAARI.BO,2023-08-21 22:14:56.168973
316,2022-04-21 00:00:00+05:30,52.5,54.5,51.25,52.04999923706055,47206,0.0,0.0,2022-04-21,57.61499996185303,3.1451335777554816,60.76013353960851,54.46986638409755,63.90526711736399,51.32473280634207,-114.52475089676064,-157.78844305538155,-1103340,27779.223841267874,36463.15098254745,75.50006562766852,58.51769953436177,52.59999974568685,53.9499994913737,50.6999994913737,55.84999974568685,49.34999974568685,57.1999994913737,47.4499994913737,-0.49975761017159936,-91.164671432025,-2.4507729396434996,-2.1748165655699667,-0.2759563740735329,34.879296544694,15.933206549859,54.55999984741211,57.61499996185303,63.955000228881836,77.33550022125245,YAARI.BO,2023-08-21 22:14:56.168973
317,2022-04-20 00:00:00+05:30,54.04999923706055,54.150001525878906,50.95000076293945,51.70000076293945,60042,0.0,0.0,2022-04-20,57.98500003814697,2.8801081207817987,60.86510815892877,55.10489191736517,63.74521627971057,52.224783796583374,-174.24771751255514,-165.0471757878376,-1150546,35095.212582368564,38634.13276786734,75.70581866206547,50.838870340714244,52.26666768391927,53.58333460489909,50.38333384195964,55.466668446858726,49.06666692097982,56.783335367838546,47.18333307902019,-0.42342128825349673,-93.9759039836161,-2.229344205670742,-2.1058274720515833,-0.12351673361915871,33.97583508262346,15.22642002507914,55.84000015258789,57.98500003814697,64.65400024414062,77.72550025939941,YAARI.BO,2023-08-21 22:14:56.168973
318,2022-04-19 00:00:00+05:30,56.70000076293945,56.70000076293945,52.75,54.400001525878906,156822,0.0,0.0,2022-04-19,58.329999923706055,2.471968549947363,60.80196847365342,55.85803137375869,63.27393702360078,53.38606282381133,-179.65191423120376,-123.41721878665786,-1090504,96451.29828872114,39518.86281424203,75.9767445814062,46.090963724748086,54.61666742960612,56.483334859212235,52.53333409627278,58.56666819254557,50.666666666666664,60.43333562215169,48.58333333333333,-0.38428214563796725,-84.50703014577515,-1.8776008373653497,-2.0749482886467936,0.19734745128144393,37.724964430637606,14.307906857805147,57.65,58.329999923706055,65.23900016784668,78.07600025177003,YAARI.BO,2023-08-21 22:14:56.168973
319,2022-04-18 00:00:00+05:30,58.349998474121094,58.349998474121094,55.400001525878906,56.29999923706055,20421,0.0,0.0,2022-04-18,58.54249992370605,2.292508742394144,60.835008666100194,56.24999118131191,63.12751740849434,53.957482438917765,-131.9478097812447,-90.42206356157867,-933682,12998.330402349007,25285.753945622248,76.63208359550339,30.4090947037498,56.68333307902018,57.966664632161454,55.016667683919266,59.63333002726237,53.73333613077799,60.91666158040364,52.06667073567708,-0.41093823402553603,-85.44601863864399,-1.6647234055461908,-2.124285151467155,0.459561745920964,40.656501880024024,13.793213312297777,59.07999954223633,58.54249992370605,65.7460001373291,78.35850025177002,YAARI.BO,2023-08-21 22:14:56.168973
320,2022-04-13 00:00:00+05:30,59.25,61.150001525878906,58.099998474121094,58.349998474121094,18454,0.0,0.0,2022-04-13,58.660000038146975,2.2309185277547594,60.890918565901735,56.429081510392216,63.121837093656495,54.198162982637456,-10.401580280043964,-54.77416489376033,-913261,12174.006885172992,28357.609831440557,76.71281697054177,37.03986408249279,59.199999491373696,60.3000005086263,57.249997456868485,62.25000254313151,56.14999643961588,63.35000356038411,54.19999440511067,-0.4133288074065885,-73.33334463614004,-1.5540736893100657,-2.2391755879473956,0.6851018986373298,44.08901821128283,14.03461983193148,59.97999954223633,58.660000038146975,66.18400009155273,78.64350028991699,YAARI.BO,2023-08-21 22:14:56.168973
321,2022-04-12 00:00:00+05:30,60.5,60.54999923706055,58.04999923706055,58.45000076293945,34316,0.0,0.0,2022-04-12,58.72000007629394,2.2382670644581673,60.95826714075211,56.48173301183577,63.19653420521028,54.24346594737761,-4.123732573963934,-59.36876622334736,-894807,22676.88293256512,32403.51056800745,76.77894494573914,39.20545601185543,59.016666412353516,59.983333587646484,57.483333587646484,61.516666412353516,56.516666412353516,62.483333587646484,54.983333587646484,-0.4148120874335416,-68.77192447060033,-1.5907558155165944,-2.410451062606728,0.8196952470901335,44.258272044357966,14.962077205266842,60.46999969482422,58.72000007629394,66.63400009155274,78.91900032043458,YAARI.BO,2023-08-21 22:14:56.168973
322,2022-04-11 00:00:00+05:30,62.900001525878906,62.900001525878906,60.400001525878906,60.75,12428,0.0,0.0,2022-04-11,58.85500011444092,2.3016522302891476,61.15665234473007,56.55334788415177,63.45830457501921,54.251695653862626,91.82318153387727,-32.186194796155874,-860491,8535.90758676679,34835.167476868024,76.90251337816122,37.622533372766824,61.3500010172526,62.3000005086263,59.8000005086263,63.8500010172526,58.8500010172526,64.8000005086263,57.3000005086263,-0.4115084351116924,-52.63157894736842,-1.6234664022780194,-2.6153748743792615,0.9919084721012421,48.21100448236014,16.038530570832556,60.38999938964844,58.85500011444092,66.9810001373291,79.22350032806396,YAARI.BO,2023-08-21 22:14:56.168973
323,2022-04-08 00:00:00+05:30,60.099998474121094,62.0,60.099998474121094,61.54999923706055,19433,0.0,0.0,2022-04-08,59.027499961853025,2.565328535794177,61.592828497647204,56.462171426058845,64.15815703344138,53.89684289026467,93.08804316927935,-36.62639885760635,-848063,13522.907591209005,41409.98244939333,76.94204789666897,41.28896592151115,61.21666590372721,62.33333333333333,60.43333180745442,63.11666742960612,59.316664377848305,64.23333485921223,58.533330281575516,-0.35515859625523577,-47.017549213610195,-1.8672629662167566,-2.8633519924045716,0.996089026187815,49.642989106548,16.41194296711869,59.73999938964844,59.027499961853025,67.32800010681153,79.49750034332276,YAARI.BO,2023-08-21 22:14:56.168973
324,2022-04-07 00:00:00+05:30,62.04999923706055,63.0,60.0,60.79999923706055,45293,0.0,0.0,2022-04-07,59.15499992370606,2.7537478116457086,61.90874773535177,56.40125211206035,64.66249554699748,53.64750430041464,75.46026364495297,-38.636919423260956,-867496,31134.13748397999,48381.75116393941,77.00118181742684,39.75163776068507,61.266666412353516,62.53333282470703,59.53333282470703,64.26666641235352,58.266666412353516,65.53333282470703,56.53333282470703,-0.3648903029589735,-52.28070710834704,-2.229892386330384,-3.112374248951525,0.882481862621141,48.30634430539516,17.12582556352969,59.10999984741211,59.15499992370606,67.65700012207031,79.79750038146973,YAARI.BO,2023-08-21 22:14:56.168973
325,2022-04-06 00:00:00+05:30,58.099998474121094,63.400001525878906,57.95000076293945,60.79999923706055,59857,0.0,0.0,2022-04-06,59.33249988555908,2.9711886303158765,62.30368851587496,56.3613112552432,65.27487714619083,53.39012262492733,77.76896290183865,-46.69484719689613,-822203,41145.344035029484,52693.65458392926,77.14756275260342,39.30165771869184,60.71666717529297,63.483333587646484,58.03333282470703,66.16666793823242,55.266666412353516,68.93333435058594,52.58333206176758,-0.3654590573280716,-52.28070710834704,-2.586518047137531,-3.33299471460681,0.7464766674692789,48.30634430539516,17.89462220581846,58.03000030517578,59.33249988555908,68.1110001373291,80.10050037384033,YAARI.BO,2023-08-21 22:14:56.168973
326,2022-04-05 00:00:00+05:30,57.95000076293945,60.25,57.45000076293945,58.04999923706055,34847,0.0,0.0,2022-04-05,59.48499984741211,3.124776960841808,62.60977680825392,56.360222886570305,65.73455376909573,53.2354459257285,11.456499054654193,-68.55505833301262,-882060,22870.19099161258,55580.7322211542,77.34511937165065,35.59096454055202,58.583333333333336,59.71666590372722,56.91666666666667,61.38333257039388,55.78333409627279,62.516665140787765,54.116667429606125,-0.3772696654250725,-71.57895272238213,-3.003917293971867,-3.5196138814741293,0.5156965875022625,43.570893756487855,18.722557051360216,56.91000061035156,59.48499984741211,68.58600021362305,80.41250038146973,YAARI.BO,2023-08-21 22:14:56.168973
327,2022-04-04 00:00:00+05:30,59.599998474121094,60.349998474121094,56.900001525878906,57.5,58115,0.0,0.0,2022-04-04,59.76999988555908,3.2446465151736184,63.0146464007327,56.52535337038546,66.25929291590631,53.28070685521185,-4.348457258989454,-73.10122536099496,-916907,37779.67908755716,63758.3675285396,77.48183013968479,33.20745597331192,58.25,59.599998474121094,56.150001525878906,61.69999694824219,54.80000305175781,63.04999542236328,52.70000457763672,-0.3811139624184438,-75.43859649122807,-3.221967582813221,-3.6485380283496944,0.4265704455364734,42.59427610387914,19.663931121697555,56.67000045776367,59.76999988555908,69.12100028991699,80.77050037384033,YAARI.BO,2023-08-21 22:14:56.168973
328,2022-04-01 00:00:00+05:30,57.099998474121094,59.5,55.650001525878906,58.400001525878906,43304,0.0,0.0,2022-04-01,60.27250003814697,3.6299362824532895,63.90243632060026,56.642563755693686,67.53237260305355,53.01262747324039,-21.816849486769605,-78.78159729506721,-858792,28591.902242308886,70253.03963878521,77.72076285518165,29.411142878678604,57.8500010172526,60.0500005086263,56.200002034505204,61.699999491373696,54.00000254313151,63.89999898274739,52.35000356038411,-0.3751510969956833,-69.1227963096217,-3.3981537461978775,-3.7551806397338128,0.3570268935359353,43.7446566993761,20.677718582060844,56.93000030517578,60.27250003814697,69.65800025939942,81.14500034332275,YAARI.BO,2023-08-21 22:14:56.168973
329,2022-03-31 00:00:00+05:30,55.5,59.5,55.20000076293945,55.400001525878906,70518,0.0,0.0,2022-03-31,60.82250003814697,4.130167217265056,64.95266725541202,56.692332820881916,69.08283447267708,52.56216560361686,-74.11989381291252,-91.20368759168957,-902096,44168.427839381264,80668.3239879043,77.89445944472094,24.50672264406846,56.70000076293945,58.20000076293945,53.900001525878906,61.0,52.400001525878906,62.5,49.60000228881836,-0.4059697822720883,-90.17542788856908,-3.660874761016352,-3.8444373631177964,0.18356260210144448,38.61295896544699,21.480194072864453,58.06999969482422,60.82250003814697,70.21300025939941,81.51350032806397,YAARI.BO,2023-08-21 22:14:56.168973
330,2022-03-30 00:00:00+05:30,58.0,58.70000076293945,54.75,55.20000076293945,61410,0.0,0.0,2022-03-30,61.59250011444092,4.486215246555185,66.0787153609961,57.10628486788573,70.56493060755129,52.62006962133054,-112.19872658975142,-98.56706332080832,-972614,38324.84074403893,89793.29802503505,78.22866956836249,20.485488343271115,56.21666717529297,57.68333435058594,53.733333587646484,60.16666793823242,52.266666412353516,61.63333511352539,49.78333282470703,-0.3699470892356687,-91.57894201445998,-3.6463149275488362,-3.890328013643157,0.24401308609432082,38.26433480778086,22.344398447576033,58.57999954223633,61.59250011444092,70.84800025939941,81.90800029754638,YAARI.BO,2023-08-21 22:14:56.168973
331,2022-03-29 00:00:00+05:30,61.79999923706055,61.79999923706055,56.45000076293945,56.849998474121094,123873,0.0,0.0,2022-03-29,62.170000076293945,4.361687568879557,66.5316876451735,57.808312507414385,70.89337521405307,53.44662493853483,-38.02975314443497,-85.18977576276615,-911204,79617.63825843472,102660.41234528407,78.53053111398013,24.303813963892225,58.36666615804037,60.28333155314128,54.93333307902019,63.71666463216146,53.01666768391927,65.63333002726237,49.58333460489909,-0.33657222116516067,-80.00001070792214,-3.552729687932775,-3.951331285166737,0.39860159723396205,40.00478661076871,23.024845584839554,58.51999969482422,62.170000076293945,71.50000030517577,82.318500289917,YAARI.BO,2023-08-21 22:14:56.168973
332,2022-03-28 00:00:00+05:30,65.4000015258789,65.4000015258789,58.0,58.79999923706055,513061,0.0,0.0,2022-03-28,62.51750011444092,4.188966743649236,66.70646685809015,58.32853337079168,70.8954336017394,54.13956662714245,48.02825819878237,-70.10106835905594,-787331,341073.91124296765,108421.1058669964,79.11935327998388,24.722071926748967,60.733333587646484,63.46666717529297,56.06666564941406,68.13333511352539,53.33333206176758,70.86666870117188,48.666664123535156,-0.2732104391078709,-66.31579482764529,-3.541582758950824,-4.050981684475227,0.5093989255244029,42.10654823389047,24.169008731378042,59.04000015258789,62.51750011444092,72.13400039672851,82.7195002746582,YAARI.BO,2023-08-21 22:14:56.168973
333,2022-03-25 00:00:00+05:30,58.400001525878906,68.25,57.29999923706055,64.0999984741211,99863,0.0,0.0,2022-03-25,62.42750015258789,4.2911316142496725,66.71863176683756,58.13636853833822,71.00976338108724,53.845236924088546,108.36563607966386,-53.46453151332992,-274270,72371.03864872851,50257.904523003584,81.69473885767586,37.676706673980064,63.21666590372721,69.13333257039388,58.18333180745442,74.16666666666666,52.26666514078776,80.08333333333333,47.23333104451497,-0.07884111492825101,-32.66667683919271,-3.665696496847488,-4.178331415856327,0.5126349190088391,48.543139560679684,25.791427830752173,59.0,62.42750015258789,72.73200035095215,83.0740002822876,YAARI.BO,2023-08-21 22:14:56.168973
334,2022-03-24 00:00:00+05:30,56.900001525878906,58.95000076293945,54.0,57.95000076293945,63927,0.0,0.0,2022-03-24,62.48000030517578,4.319003526990993,66.79900383216678,58.16099677818478,71.11800735915776,53.84199325119379,-90.77737695494126,-105.91343708591906,-374133,41883.20889304511,44729.62099157235,82.13977903241377,29.179935791742594,56.96666717529297,59.93333435058594,54.983333587646484,61.91666793823242,52.016666412353516,64.88333511352539,50.03333282470703,0.07507444775601467,-74.51612411006805,-4.291028457397722,-4.306490145608537,0.015461688210814728,38.396387785880364,27.53864839930893,57.91000061035156,62.48000030517578,73.27100044250489,83.38500026702881,YAARI.BO,2023-08-21 22:14:56.168973
335,2022-03-23 00:00:00+05:30,59.45000076293945,59.650001525878906,54.45000076293945,54.900001525878906,91304,0.0,0.0,2022-03-23,62.29750022888184,4.5891601910417865,66.88666041992363,57.70834003784005,71.47582061096541,53.11917984679826,-120.54335128765295,-116.15794470652405,-438060,56671.45180629047,45441.224016204156,82.53790227700391,27.80643559291039,56.333334604899086,58.21666844685872,53.016667683919266,61.53333536783854,51.13333384195963,63.41666920979817,47.81666692097981,-0.038947482474913975,-97.78869428832097,-4.420945685979795,-4.31035556766124,-0.11059011831855514,32.24356605450947,26.248108357539746,58.050000762939455,62.29750022888184,73.93800048828125,83.78050025939942,YAARI.BO,2023-08-21 22:14:56.168973
336,2022-03-22 00:00:00+05:30,58.0,59.599998474121094,57.599998474121094,59.45000076293945,94857,0.0,0.0,2022-03-22,62.89250030517578,4.344485171577579,67.23698547675336,58.5480151335982,71.58147064833094,54.203529962020625,-75.94938452003423,-101.81264354264421,-346756,63756.34728026091,42633.667068682575,83.20321664058102,35.51365315106324,58.88333257039388,60.16666666666667,58.16666666666667,60.88333257039388,56.88333257039388,62.16666666666667,56.16666666666667,0.006169808048626697,-86.47886754879642,-4.21991636913603,-4.282708038081601,0.06279166894557164,37.420942581498856,24.936701694251095,58.98000030517578,62.89250030517578,74.71300048828125,84.21200027465821,YAARI.BO,2023-08-21 22:14:56.168973
337,2022-03-21 00:00:00+05:30,57.04999923706055,59.29999923706055,57.04999923706055,58.599998474121094,74815,0.0,0.0,2022-03-21,63.65250034332276,4.991848657730146,68.6443490010529,58.66065168559261,73.63619765878305,53.66880302786247,-109.06558643498336,-111.82950864987944,-441613,49566.5238791,37352.99701578799,83.81250568269782,31.738924101682855,58.31666564941406,59.58333206176758,57.33333206176758,60.56666564941406,56.06666564941406,61.83333206176758,55.08333206176758,-0.06328468055518434,-91.26761180875283,-4.346705784264202,-4.298405955317994,-0.04829982894620777,35.62791442959795,24.11346639367195,59.32000045776367,63.65250034332276,75.39400047302246,84.56100025177003,YAARI.BO,2023-08-21 22:14:56.168973
338,2022-03-17 00:00:00+05:30,58.95000076293945,61.0,58.04999923706055,58.650001525878906,36181,0.0,0.0,2022-03-17,64.52500057220459,5.555450963225953,70.08045153543054,58.96954960897864,75.63590249865649,53.41409864575269,-110.72423745125654,-111.15990576110148,-366798,23991.133730050355,34299.61529995998,84.33311585272155,40.71519256732282,59.233333587646484,60.41666793823242,57.46666717529297,62.18333435058594,56.28333282470703,63.366668701171875,54.516666412353516,-0.12659311877551196,-95.84569336584617,-4.359463131487637,-4.286330998081442,-0.07313213340619473,35.683760819735724,23.100790053854748,60.44000015258789,64.52500057220459,76.06500053405762,84.9465002822876,YAARI.BO,2023-08-21 22:14:56.168973
339,2022-03-16 00:00:00+05:30,59.95000076293945,60.75,57.95000076293945,58.650001525878906,37941,0.0,0.0,2022-03-16,65.46750049591064,6.080454220068386,71.54795471597903,59.38704627584225,77.6284089360474,53.30659205577387,-146.83364049120917,-119.12113467312719,-330617,25158.16602227248,36876.73569243738,84.59217254508167,34.11474046924049,59.11666742960612,60.28333409627278,57.483334859212235,61.916666666666664,56.31666819254557,63.08333333333333,54.68333562215169,-0.1072425280436884,-85.90424949090033,-4.314668473083358,-4.2680479647298935,-0.046620508353464984,35.683760819735724,22.197739618129184,61.529999542236325,65.46750049591064,76.76400047302246,85.34550029754638,YAARI.BO,2023-08-21 22:14:56.168973
340,2022-03-15 00:00:00+05:30,61.79999923706055,62.95000076293945,59.04999923706055,59.54999923706055,30835,0.0,0.0,2022-03-15,66.29000034332276,6.2206919230927165,72.51069226641548,60.069308420230044,78.73138418950819,53.84861649713733,-128.91530725130127,-115.7613920150638,-292676,20760.025888403987,39806.37810997861,84.86950442262939,50.82732443275141,60.516666412353516,61.983333587646484,58.08333206176758,64.41666793823242,56.61666488647461,65.88333511352539,54.18333053588867,-0.08436453530114439,-81.11702840001071,-4.191943971443294,-4.256392837641527,0.06444886619823276,36.57352446618651,21.130784900065716,62.66999893188476,66.29000034332276,77.39800041198731,85.74700031280517,YAARI.BO,2023-08-21 22:14:56.168973
341,2022-03-14 00:00:00+05:30,64.94999694824219,64.94999694824219,59.900001525878906,61.150001525878906,41815,0.0,0.0,2022-03-14,67.21500053405762,6.533318225878723,73.74831875993635,60.6816823081789,80.28163698581507,54.148364082300176,-119.22711277393184,-111.17888507857624,-261841,28908.845698444562,44567.966165372265,85.09141274056356,46.256487534018355,62.0,64.0999984741211,59.05000305175781,67.04999542236328,56.95000457763672,69.14999389648438,54.00000762939453,-0.06991507071116745,-63.93442652241693,-4.059941255725889,-4.272505054191085,0.21256379846519646,38.14359231212735,20.17176789268136,63.529998779296875,67.21500053405762,77.99800048828125,86.15950035095214,YAARI.BO,2023-08-21 22:14:56.168973
342,2022-03-11 00:00:00+05:30,63.45000076293945,64.8499984741211,63.04999923706055,64.19999694824219,136501,0.0,0.0,2022-03-11,68.15250053405762,6.949243071104874,75.1017436051625,61.20325746295275,82.05098667626737,54.254014391847875,-63.590852238635634,-101.13946400689218,-220026,99077.03884444469,48482.746282104185,85.37938380910983,46.018258017141626,64.03333155314128,65.01666386922201,63.21666463216147,65.83333079020183,62.233332316080734,66.81666310628256,61.41666539510092,-0.05874435389268554,-49.64873520911596,-3.9869995003239893,-4.325646003807384,0.3386465034833943,41.28042174835534,19.284625653581486,64.0499984741211,68.15250053405762,78.57900039672852,86.58950035095215,YAARI.BO,2023-08-21 22:14:56.168973
343,2022-03-10 00:00:00+05:30,65.05000305175781,66.69999694824219,62.849998474121094,64.0999984741211,28616,0.0,0.0,2022-03-10,68.93000068664551,7.342512066494933,76.27251275314045,61.58748862015058,83.61502481963538,54.24497655365565,-26.98622724741327,-103.57481522563562,-356527,20738.107627169367,35834.17314151906,86.24497434958462,52.012011228774575,64.5499979654948,66.2499974568685,62.399998982747405,68.39999643961589,60.6999994913737,70.09999593098959,58.55000050862631,-0.0856945738283874,-54.09483896140924,-4.133581203559984,-4.410307629678232,0.2767264261182474,41.133035681097596,18.90080475604408,64.71999969482422,68.93000068664551,79.12300048828125,86.93950035095214,YAARI.BO,2023-08-21 22:14:56.168973
344,2022-03-09 00:00:00+05:30,66.0,66.75,63.5,64.3499984741211,50039,0.0,0.0,2022-03-09,69.68500061035157,7.591825900720449,77.27682651107202,62.093174709631114,84.86865241179247,54.50134880891066,-11.555144801739747,-108.05251147685614,-327911,36404.85793946132,39608.18952010648,86.4363490082626,57.6165675146431,64.86666615804036,66.23333231608072,62.98333231608072,68.11666615804036,61.61666615804036,69.48333231608072,59.73333231608072,-0.07979663925325252,-58.79017997438312,-4.248771849591705,-4.479489236207793,0.23071738661608787,41.37411365418623,18.487459174080723,65.78000030517578,69.68500061035157,79.65200057983398,87.29250038146972,YAARI.BO,2023-08-21 22:14:56.168973
345,2022-03-08 00:00:00+05:30,64.3499984741211,66.69999694824219,62.400001525878906,63.849998474121094,89761,0.0,0.0,2022-03-08,70.52250061035156,7.89034184125867,78.41284245161023,62.63215876909289,86.30318429286889,54.741816927834215,-6.4931167223162145,-119.96094730360257,-377950,64796.38112807737,40409.02241526777,86.77522892141847,56.47631523649375,64.31666564941406,66.23332977294922,61.93333435058594,68.61666107177734,60.01667022705078,70.5333251953125,57.633338928222656,-0.07658393029307456,-60.754719968791456,-4.3564966638355,-4.537168582861815,0.18067191902631485,40.7289728144618,18.15730251786499,67.07000122070312,70.52250061035156,80.18500061035157,87.65650039672852,YAARI.BO,2023-08-21 22:14:56.168973
346,2022-03-07 00:00:00+05:30,69.0,69.0,63.20000076293945,63.75,31407,0.0,0.0,2022-03-07,71.6450008392334,8.466962284824637,80.11196312405804,63.178038554408765,88.57892540888268,54.711076269584126,5.338394486922083,-119.37755897559444,-467711,22636.476190854068,34312.18273706537,87.42406567710161,60.07396141450583,65.31666692097981,67.43333307902017,61.633333841959626,71.11666615804036,59.516667683919266,73.23333231608072,55.83333460489908,-0.05906819063695296,-61.13207275564413,-4.379167120498593,-4.582336562618393,0.20316944211980026,40.607594433131744,17.788412968001754,67.6500015258789,71.6450008392334,80.74000061035156,88.03850044250488,YAARI.BO,2023-08-21 22:14:56.168973
347,2022-03-04 00:00:00+05:30,69.05000305175781,69.5,67.3499984741211,67.55000305175781,12526,0.0,0.0,2022-03-04,72.8075008392334,8.910420842727861,81.71792168196126,63.89707999650554,90.62834252468912,54.98665915377768,31.981136194347357,-101.48387942407285,-436304,9566.2110505379,37231.109373618194,87.66085141868604,61.898883683437255,68.13333384195964,68.91666920979819,66.76666768391928,70.28333536783855,65.98333231608073,71.06667073567709,64.61666615804037,-0.0009608309767400847,-47.09191932537252,-4.33199282331293,-4.633128923148343,0.30113609983541245,43.77044570204263,17.518140204670043,67.66000137329101,72.8075008392334,81.3190005493164,88.42000045776368,YAARI.BO,2023-08-21 22:14:56.168973
348,2022-03-03 00:00:00+05:30,73.0,74.80000305175781,69.0,69.4000015258789,37834,0.0,0.0,2022-03-03,73.47750053405761,8.997652794433858,82.47515332849147,64.47984773962375,91.47280612292533,55.482194945189896,51.760090506800246,-80.28730184440926,-423778,29685.469172673424,44147.33395438827,87.74139574011711,63.67784518211731,71.06666819254558,73.13333638509116,67.33333333333334,76.86667124430339,65.26666514078777,78.93333943684897,61.53333028157553,0.006261509698463366,-47.272718101402866,-4.580201897569353,-4.7084129481071955,0.12821105053784265,45.36788166307332,17.923818972862946,65.55000076293945,73.47750053405761,81.75100051879883,88.77000045776367,YAARI.BO,2023-08-21 22:14:56.168973
349,2022-03-02 00:00:00+05:30,66.94999694824219,74.80000305175781,64.9000015258789,70.80000305175781,43327,0.0,0.0,2022-03-02,73.99500045776367,9.048290005189754,83.04329046295342,64.94671045257391,92.09158046814318,55.898420447384154,29.689399776955636,-92.22632902159238,-385944,34681.196586343955,47762.800149816976,87.96598676056526,59.78819680542149,70.16666920979817,75.43333689371744,65.53333536783853,80.06667073567708,60.266667683919266,85.33333841959634,55.633333841959626,0.0505496999975002,-42.644613299990986,-5.010784548461558,-4.740465710741656,-0.27031883771990195,46.561995402969686,18.660269700046797,64.70000076293945,73.99500045776367,82.1240005493164,89.1130004119873,YAARI.BO,2023-08-21 22:14:56.168973
350,2022-02-28 00:00:00+05:30,63.04999923706055,69.5,61.349998474121094,66.75,45313,0.0,0.0,2022-02-28,74.3650001525879,9.062053560457683,83.42705371304558,65.30294659213021,92.48910727350327,56.24089303167253,-21.543778381123868,-135.93045157790453,-429271,34196.07523299196,51033.20104068522,88.21012637258514,54.892868151216504,65.86666615804036,70.38333384195963,62.23333231608072,74.01666768391927,57.716664632161454,78.53333536783853,54.08333079020181,-0.004295408006031898,-56.0330548288714,-5.624018781342514,-4.67288600131168,-0.951132780030834,42.49629547473013,19.453370483167866,61.4,74.3650001525879,82.58600051879883,89.41100036621094,YAARI.BO,2023-08-21 22:14:56.168973
351,2022-02-25 00:00:00+05:30,59.79999923706055,66.44999694824219,58.650001525878906,63.79999923706055,59256,0.0,0.0,2022-02-25,75.07000007629395,8.986603942528001,84.05660401882196,66.08339613376594,93.04320796134995,57.09679219123795,-57.21257454226713,-171.69521335472265,-474584,42742.03375047591,55242.48249260853,88.53414825065556,49.74926761356104,62.96666590372721,67.28333028157552,59.483334859212235,70.76666132609049,55.16667048136393,75.0833257039388,51.683339436848954,-0.007755726001337376,-70.17291571596974,-5.925068085292082,-4.435102806303971,-1.4899652789881115,39.376634190777075,19.13953100129728,61.41000061035156,75.07000007629395,83.27200057983399,89.75300033569336,YAARI.BO,2023-08-21 22:14:56.168973
352,2022-02-24 00:00:00+05:30,59.150001525878906,63.0,56.0,57.0,73901,0.0,0.0,2022-02-24,75.67000026702881,8.586225010928427,84.25622527795724,67.08377525610038,92.84245028888566,58.49755024517196,-110.23188283520523,-226.28757858372649,-533840,47624.16218583842,58367.594678141686,89.03235472847582,47.75542066501459,58.666666666666664,61.33333333333333,54.33333333333333,65.66666666666666,51.666666666666664,68.33333333333333,47.33333333333333,-0.0434550591666807,-90.13888996324432,-5.93019828437302,-4.062611486556943,-1.8675867978160774,31.412080129069693,18.032382215075774,63.58000106811524,75.67000026702881,84.02500053405761,90.10150035858155,YAARI.BO,2023-08-21 22:14:56.168973
353,2022-02-23 00:00:00+05:30,56.0,65.1500015258789,56.0,65.1500015258789,214389,0.0,0.0,2022-02-23,76.72500019073486,7.383542949883761,84.10854314061862,69.3414572408511,91.49208609050238,61.95791429096734,-117.31743187073832,-214.7460510831759,-459939,157913.44442108803,61053.45280121749,89.85776213579678,56.289127298426635,62.1000010172526,68.2000020345052,59.0500005086263,71.2500025431315,52.949999491373696,77.35000356038411,49.89999898274739,0.013358293989266638,-67.49999443689923,-5.177218110086216,-3.5957147871029225,-1.581503322983293,36.791463499568806,15.88563503845788,67.3900016784668,76.72500019073486,84.89300056457519,90.51450038909913,YAARI.BO,2023-08-21 22:14:56.168973
354,2022-02-22 00:00:00+05:30,66.05000305175781,66.05000305175781,53.45000076293945,54.29999923706055,129542,0.0,0.0,2022-02-22,77.36750011444092,6.864118491898936,84.23161860633985,70.50338162254198,91.09573709823879,63.639263130643045,-236.7557268054678,-282.31691836157563,-674328,79526.63362197085,36838.45489624985,91.85397856740767,40.12422949809141,57.93333435058594,62.41666793823242,49.81666564941406,70.5333366394043,45.33333206176758,75.01667022705078,37.2166633605957,-0.34750176973543023,-97.63889287724949,-4.937384277978538,-3.2003389563570988,-1.737045321621439,19.816529469462637,13.57375346363861,69.86000137329101,77.36750011444092,85.63200050354004,90.8510004043579,YAARI.BO,2023-08-21 22:14:56.168973
355,2022-02-21 00:00:00+05:30,72.5,73.94999694824219,63.25,66.80000305175781,42899,0.0,0.0,2022-02-21,78.82750015258789,4.341187605133961,83.16868775772186,74.48631254745392,87.50987536285581,70.14512494231997,-214.15660009150017,-199.7366030736612,-544786,32398.569019671497,26166.410214819596,93.78139164451889,47.89476675140259,68.0,72.75,62.05000305175781,78.69999694824219,57.30000305175781,83.44999694824219,51.350006103515625,-0.23762859894709434,-86.45036845320705,-3.4869546117906935,-2.7660776259517386,-0.720876985838955,27.804670001819318,11.084034844602474,74.02000122070312,78.82750015258789,86.62700057983399,91.3020004272461,YAARI.BO,2023-08-21 22:14:56.168973
356,2022-02-18 00:00:00+05:30,76.0,76.6500015258789,73.55000305175781,74.6500015258789,19713,0.0,0.0,2022-02-18,79.71500015258789,3.4823276740296283,83.19732782661752,76.23267247855826,86.67965550064714,72.75034480452864,-103.93024999134619,-129.82898528978615,-501887,16637.37174508626,24608.370513606616,94.24790552607652,46.478615906637096,74.9500020345052,76.3500010172526,73.2500025431315,78.0500005086263,71.85000356038411,79.44999949137369,70.15000406901041,-0.23294487747009074,-86.04650028077951,-2.808193451046293,-2.5858583794919996,-0.22233507155429333,36.349193254391125,9.517069001911022,76.27000122070312,79.71500015258789,87.45500045776367,91.63400039672851,YAARI.BO,2023-08-21 22:14:56.168973
357,2022-02-17 00:00:00+05:30,79.05000305175781,79.9000015258789,75.55000305175781,76.05000305175781,63018,0.0,0.0,2022-02-17,80.22250022888184,3.444732297322936,83.66723252620477,76.77776793155891,87.11196482352771,73.33303563423597,-66.80603453159573,-108.87533366888661,-482174,54183.37204827814,26601.120205736705,94.40486220424445,53.43892875430666,77.16666920979817,78.78333536783853,74.43333689371744,81.51666768391927,72.81667073567708,83.13333384195963,70.08333841959634,-0.21833857338141865,-77.90695508148816,-2.6697310048014202,-2.530274611603426,-0.1394563931979942,38.298241643546646,9.696695851295303,77.32000122070312,80.22250022888184,88.05900039672852,91.88950035095215,YAARI.BO,2023-08-21 22:14:56.168973
358,2022-02-16 00:00:00+05:30,75.1500015258789,79.94999694824219,74.05000305175781,77.5,22107,0.0,0.0,2022-02-16,80.6375,3.4154405146640063,84.05294051466402,77.22205948533599,87.46838102932801,73.80661897067199,-80.99689212092392,-115.74675482614013,-419156,19370.181561482223,19705.557245101343,94.88713965192231,43.03460637081532,77.16666666666667,80.28333028157553,74.38333638509116,83.06666056315105,71.2666727701823,86.1833241780599,68.48334248860678,-0.19213792080034486,-69.47673877037204,-2.5898855836759793,-2.495410513303927,-0.09447507037205227,40.38060215305486,10.377096464186266,78.06000061035157,80.6375,88.63400039672851,92.14550033569336,YAARI.BO,2023-08-21 22:14:56.168973
359,2022-02-15 00:00:00+05:30,76.6500015258789,76.6500015258789,72.25,75.0999984741211,31409,0.0,0.0,2022-02-15,81.07000007629395,3.542539118960109,84.61253919525406,77.52746095733384,88.15507831421417,73.98492183837374,-155.25458239196945,-157.70001616961574,-441263,26668.354250526027,19789.401166006122,95.04889583450752,36.11052845062219,74.66666666666667,77.08333333333334,72.68333180745444,79.06666819254558,70.26666514078777,81.48333485921225,68.28333028157553,-0.29164812014234465,-83.43023848959253,-2.5912212881425916,-2.471791745710914,-0.11942954243167758,34.9440622285383,11.109835585761148,78.4,81.07000007629395,88.99000045776367,92.36300033569336,YAARI.BO,2023-08-21 22:14:56.168973
360,2022-02-11 00:00:00+05:30,79.5,80.0999984741211,77.5999984741211,78.05000305175781,5916,0.0,0.0,2022-02-11,81.67250022888183,3.4981758750099536,85.17067610389178,78.17432435387188,88.66885197890174,74.67614847886192,-82.17489224863058,-114.7007725887647,-409854,5220.393826857848,18069.662894876143,95.31610700255297,35.46962080948613,78.58333333333333,79.56666819254556,77.06666819254556,81.08333333333333,76.08333333333333,82.06666819254556,74.56666819254556,-0.3283626253786779,-82.60867882615645,-2.3173066793710007,-2.4419343601029944,0.1246276807319937,39.00348726476309,11.065293928139614,79.6,81.67250022888183,89.34800048828124,92.60950035095215,YAARI.BO,2023-08-21 22:14:56.168973
361,2022-02-10 00:00:00+05:30,83.69999694824219,83.69999694824219,78.55000305175781,79.9000015258789,13153,0.0,0.0,2022-02-10,82.16000022888184,3.643148830653977,85.80314905953581,78.51685139822787,89.4462978901898,74.87370256757389,-24.453403296396026,-91.18789366405554,-403938,11881.568754432505,21281.980161880714,95.35977881410486,33.91307845433168,80.71666717529297,82.88333129882812,77.73333740234375,85.86666107177734,75.5666732788086,88.0333251953125,72.58334350585938,-0.3283047815355515,-69.20288833492832,-2.2220330223114217,-2.473091280285993,0.25105825797457104,41.83344392178204,11.504602204923406,81.25,82.16000022888184,89.65900039672852,92.838500289917,YAARI.BO,2023-08-21 22:14:56.168973
362,2022-02-09 00:00:00+05:30,79.94999694824219,80.0,77.05000305175781,79.75,20306,0.0,0.0,2022-02-09,82.59250030517578,3.867282129150683,86.45978243432646,78.7252181760251,90.32706456347714,74.85793604687441,-58.1781985367286,-119.38895798281153,-417091,18308.689156288125,23632.083013742766,95.44720788715546,35.26600992370449,78.93333435058594,80.81666564941406,77.86666870117188,81.88333129882812,75.98333740234375,83.76666259765625,74.91667175292969,-0.3202453551048801,-70.28985627432216,-2.2485835228863067,-2.5358558447796353,0.28727232189332863,41.51394934643326,11.711339362475178,82.66999969482421,82.59250030517578,89.91500030517578,93.10150024414062,YAARI.BO,2023-08-21 22:14:56.168973
363,2022-02-08 00:00:00+05:30,81.25,83.4000015258789,76.05000305175781,79.19999694824219,26160,0.0,0.0,2022-02-08,83.0400001525879,4.035227348020138,87.07522750060804,79.00477280456775,91.11045484862817,74.96954545654762,-38.647328038714726,-118.04822079392092,-437397,23424.21697740025,24962.931478106424,95.58546356754859,36.04227735677901,79.5500005086263,83.04999796549478,75.69999949137369,86.89999898274739,72.2000020345052,90.39999643961588,68.3500010172526,-0.3908021501836381,-74.27538695693758,-2.2337338843632466,-2.6076739252529673,0.37394004088972066,40.3993262076997,12.344236665485447,82.90999908447266,83.0400001525879,90.09500030517579,93.42150024414063,YAARI.BO,2023-08-21 22:14:56.168973
364,2022-02-07 00:00:00+05:30,86.30000305175781,88.1500015258789,79.9000015258789,81.0999984741211,26430,0.0,0.0,2022-02-07,83.63250045776367,4.302823582477964,87.93532404024164,79.3296768752857,92.2381476227196,75.02685329280774,53.61061003812472,-78.6062176632142,-411237,24233.725648688313,25347.61010328297,95.77352025200892,34.475033728191406,83.0500005086263,86.19999949137369,77.94999949137369,91.3000005086263,74.8000005086263,94.44999949137369,69.69999949137369,-0.39030581111576507,-60.50725539074952,-2.126710427151309,-2.701158935475397,0.574448508324088,43.02991183359659,13.025818376419583,83.01999969482422,83.63250045776367,90.31800033569336,93.75750030517578,YAARI.BO,2023-08-21 22:14:56.168973
365,2022-02-04 00:00:00+05:30,87.25,89.44999694824219,84.80000305175781,86.30000305175781,21166,0.0,0.0,2022-02-04,84.1425006866455,4.582268743521369,88.72476943016687,79.56023194312414,93.30703817368824,74.97796319960277,142.82745545542534,-35.18952926649714,-384807,20651.508508953164,25626.081216931627,95.94566311860797,30.79662551260064,86.85000101725261,88.8999989827474,84.25000508626303,91.49999491373698,82.20000712076823,93.54999287923178,79.60001118977866,-0.40200598168953716,-22.826050299840833,-2.1445864477066436,-2.844771062556419,0.7001846148497752,51.5624190490518,13.273450197140303,82.43999938964843,84.1425006866455,90.56000030517578,94.04250030517578,YAARI.BO,2023-08-21 22:14:56.168973
366,2022-02-03 00:00:00+05:30,81.94999694824219,88.25,80.75,87.0,43718,0.0,0.0,2022-02-03,84.51000061035157,5.036619489683245,89.54662010003481,79.47338112066832,94.58323958971806,74.43676163098507,117.12316081027295,-57.14892104688275,-363641,43001.3129590683,26869.72439392624,96.03714345028457,24.5892649341327,85.33333333333333,89.91666666666666,82.41666666666666,92.83333333333333,77.83333333333333,97.41666666666666,74.91666666666666,-0.38030985129753797,-17.753606963317527,-2.647101099886328,-3.019817216268862,0.3727161163825343,52.87295767688201,11.898380267618137,81.3499984741211,84.51000061035157,90.71600021362305,94.25350028991699,YAARI.BO,2023-08-21 22:14:56.168973
367,2022-02-02 00:00:00+05:30,80.0,83.5,80.0,80.94999694824219,7332,0.0,0.0,2022-02-02,84.83500061035156,5.402195819921238,90.23719643027279,79.43280479043032,95.63939225019404,74.03060897050908,16.466606787038444,-104.13422935135192,-407359,6710.292799352175,22836.827252640724,96.21771127778494,15.440551948878195,81.48333231608073,82.96666463216147,79.46666463216147,84.98333231608073,77.98333231608073,86.46666463216147,75.96666463216147,-0.4624562148469528,-64.54851836617631,-3.3193036328086123,-3.1129962453644953,-0.20630738744411703,40.79660438245625,10.662452660232754,79.10999908447266,84.83500061035156,90.7970002746582,94.47750030517578,YAARI.BO,2023-08-21 22:14:56.168973
368,2022-02-01 00:00:00+05:30,79.0,80.69999694824219,77.75,79.75,24258,0.0,0.0,2022-02-01,85.3950008392334,5.556573412451641,90.95157425168505,79.83842742678176,96.50814766413669,74.28185401433012,-43.812023659937545,-132.68655333318216,-414691,21871.96796775521,26868.46086596286,96.2690450462094,12.918059542087875,79.39999898274739,81.04999796549478,78.1000010172526,82.34999593098958,76.4500020345052,83.99999491373697,75.15000406901041,-0.4698362787460707,-73.20261633458844,-3.5338004595161863,-3.0614193985034657,-0.4723810610127206,37.86402390926894,10.466174251020453,78.53999938964844,85.3950008392334,90.91300033569335,94.71000030517578,YAARI.BO,2023-08-21 22:14:56.168973
369,2022-01-31 00:00:00+05:30,80.94999694824219,83.0,77.94999694824219,78.19999694824219,47604,0.0,0.0,2022-01-31,86.08750076293946,5.677747341008421,91.76524810394788,80.40975342193103,97.4429954449563,74.73200608092262,-47.72771276247225,-137.4783702723391,-438949,42087.425473880714,28117.58409051477,96.45487031322767,20.26264991418269,79.71666463216145,81.48333231608072,76.43332926432291,84.76666768391927,74.66666158040364,86.53333536783853,71.3833262125651,-0.4861112823192737,-88.02818793244438,-3.6366974479055614,-2.9433241332502855,-0.6933733146552759,33.939269725403975,11.09756771730041,78.18999938964843,86.08750076293946,90.97100036621094,94.90500030517578,YAARI.BO,2023-08-21 22:14:56.168973
370,2022-01-28 00:00:00+05:30,75.80000305175781,83.3499984741211,75.80000305175781,80.8499984741211,34271,0.0,0.0,2022-01-28,86.6950008392334,5.434173185331096,92.12917402456449,81.26082765390231,97.5633472098956,75.8266544685712,-55.2268378139099,-143.43152930155122,-391345,31326.2904839667,24625.12374467328,96.86695049610996,21.123378095550876,80.0,84.19999694824219,76.6500015258789,87.54999542236328,72.45000457763672,91.74999237060547,69.10000610351562,-0.43013697564900577,-75.58686354090663,-3.5606834817626947,-2.7699808045864662,-0.7907026771762284,37.721885418588066,11.711111380249603,79.25,86.6950008392334,91.10300048828125,95.14650032043457,YAARI.BO,2023-08-21 22:14:56.168973
371,2022-01-27 00:00:00+05:30,78.19999694824219,78.30000305175781,75.6500015258789,75.80000305175781,13648,0.0,0.0,2022-01-27,87.13000106811523,5.287905798578017,92.41790686669326,81.84209526953721,97.70581266527127,76.5541894709592,-141.4839004995697,-197.4583496431345,-425616,11696.082276359533,22949.832059849927,97.13154566343056,21.148404360034405,76.58333587646484,77.51667022705078,74.86666870117188,79.23333740234375,73.93333435058594,80.16667175292969,72.21666717529297,-0.4847699337337068,-99.29741669040058,-3.670397819601746,-2.5723051352924093,-1.0980926843093366,22.421958389412637,12.371850709579501,79.99000091552735,87.13000106811523,91.2040005493164,95.34200035095215,YAARI.BO,2023-08-21 22:14:56.168973
372,2022-01-25 00:00:00+05:30,78.1500015258789,79.5,77.0,78.0999984741211,27928,0.0,0.0,2022-01-25,87.85000076293946,4.599571120741705,92.44957188368116,83.25042964219776,97.04914300442287,78.65085852145604,-170.7161518730677,-194.32382110459184,-411968,24659.998107875577,25763.26950572252,97.27281018183368,21.167812794802614,78.1999994913737,79.3999989827474,76.8999989827474,80.6999994913737,75.6999994913737,81.8999989827474,74.3999989827474,-0.4744517053041173,-94.50000762939453,-3.257905296608371,-2.2977819642150754,-0.9601233323932954,25.021648597964784,11.885072641245854,81.79000091552734,87.85000076293946,91.46600051879882,95.601000289917,YAARI.BO,2023-08-21 22:14:56.168973
373,2022-01-24 00:00:00+05:30,83.0,83.55000305175781,77.0,78.0,35767,0.0,0.0,2022-01-24,88.51500091552734,4.043581607583291,92.55858252311063,84.47141930794405,96.60216413069392,80.42783770036075,-181.15944087167816,-190.5024015460593,-439896,31541.27864619946,26039.087355184256,97.53619634999339,22.264545013307995,79.51666768391927,82.03333536783853,75.48333231608072,86.06667073567708,72.96666463216145,88.58333841959634,68.93332926432291,-0.4946773022069947,-95.0,-2.906942368666151,-2.057751131116752,-0.8491912375493991,24.669026833114316,11.731231839923135,83.04000091552734,88.51500091552734,91.66700057983398,95.79250030517578,YAARI.BO,2023-08-21 22:14:56.168973
374,2022-01-21 00:00:00+05:30,86.0999984741211,86.0999984741211,83.0,83.5,20843,0.0,0.0,2022-01-21,89.14250106811524,3.214779625233384,92.35728069334863,85.92772144288185,95.572060318582,82.71294181764847,-99.1104468893107,-135.09957602135455,-404129,19676.546750119323,24663.53953243045,97.88605980200232,26.400285404217172,84.1999994913737,85.3999989827474,82.30000050862631,87.2999979654948,81.10000101725261,88.4999974568685,79.20000203450522,-0.4693148525974284,-91.83675375942386,-2.4037105525817424,-1.8454533217294016,-0.5582572308523408,32.46727550797581,11.565557130806361,84.67000122070313,89.14250106811524,91.93800064086913,95.97650032043457,YAARI.BO,2023-08-21 22:14:56.168973
375,2022-01-20 00:00:00+05:30,89.0,89.0,82.30000305175781,84.55000305175781,19653,0.0,0.0,2022-01-20,89.51750106811524,2.9483388428755894,92.46583991099082,86.56916222523965,95.41417875386642,83.62082338236405,-84.1855623320618,-126.11396484313782,-383286,18786.44734095967,25910.287728008232,98.03777681242403,30.70573454957642,85.28333536783855,88.26666768391928,81.56667073567709,91.98333231608073,78.58333841959636,94.96666463216147,74.8666737874349,-0.44594292459668905,-84.69387437342935,-2.2646681433133296,-1.705889014016316,-0.5587791292970135,34.39470536621941,11.578448887608255,85.4000015258789,89.51750106811524,92.09000061035157,96.11500030517578,YAARI.BO,2023-08-21 22:14:56.168973
376,2022-01-19 00:00:00+05:30,84.3499984741211,85.55000305175781,83.30000305175781,84.80000305175781,11312,0.0,0.0,2022-01-19,89.8700008392334,2.7370457935760073,92.6070466328094,87.1329550456574,95.34409242638542,84.39590925208138,-118.99032289459264,-144.68628584730402,-363633,10845.19692050196,27691.24782477037,98.17324632010316,28.489968325763172,84.55000305175781,85.80000305175781,83.55000305175781,86.80000305175781,82.30000305175781,88.05000305175781,81.30000305175781,-0.468674938537991,-89.05109245157561,-2.155747963160792,-1.5661942316920625,-0.5895537314687294,34.85213911306822,11.592332318010298,86.05000152587891,89.8700008392334,92.2390005493164,96.256000289917,YAARI.BO,2023-08-21 22:14:56.168973
377,2022-01-18 00:00:00+05:30,86.9000015258789,86.94999694824219,84.0,84.3499984741211,40141,0.0,0.0,2022-01-18,90.26500053405762,2.5289947980247023,92.79399533208232,87.73600573603292,95.32299013010703,85.20701093800821,-128.66131950966536,-141.12042351168495,-374945,38280.309842531686,31902.76055083747,98.25100816577294,28.048186651457954,85.0999984741211,86.19999694824219,83.25,88.04999542236328,82.1500015258789,89.14999389648438,80.30000305175781,-0.48345469870529856,-97.30770404522235,-2.0082554906448706,-1.41880579882488,-0.5894496918199907,33.37102834325407,12.199723619452135,86.80000152587891,90.26500053405762,92.42000045776368,96.38750022888183,YAARI.BO,2023-08-21 22:14:56.168973
378,2022-01-17 00:00:00+05:30,87.94999694824219,89.0,85.94999694824219,86.1500015258789,67353,0.0,0.0,2022-01-17,90.5050006866455,2.1352240241720306,92.64022471081753,88.36977666247347,94.77544873498957,86.23455263830144,-112.13051035430318,-109.52506475150976,-334804,65601.5969810368,30308.37322791391,98.54388149764677,31.05316288598476,87.03333282470703,88.11666870117188,85.06666564941406,90.08333587646484,83.98332977294922,91.16667175292969,82.01666259765625,-0.452622240435456,-98.19000432217163,-1.7446736849951918,-1.2714433758698822,-0.4732303091253096,36.44887373849314,13.099493283429942,87.67000122070313,90.5050006866455,92.6320004272461,96.47900024414062,YAARI.BO,2023-08-21 22:14:56.168973
379,2022-01-14 00:00:00+05:30,87.94999694824219,89.44999694824219,86.0,87.1500015258789,34709,0.0,0.0,2022-01-14,90.60000076293946,1.9668963855959267,92.56689714853539,88.63310437734353,94.5337935341313,86.66620799174761,-138.63220492547774,-99.05187924819809,-267451,34198.86384769224,21485.06728963319,98.99807427745169,41.38194233935155,87.53333282470703,89.06666564941406,85.61666870117188,90.98332977294922,84.08333587646484,92.51666259765625,82.16667175292969,-0.3721181363326159,-89.54544067382812,-1.5580476785411577,-1.1531357985885546,-0.404911879952603,38.26972892922074,13.42769699876204,88.6500015258789,90.60000076293946,92.81400039672852,96.53350021362304,YAARI.BO,2023-08-21 22:14:56.168973
380,2022-01-13 00:00:00+05:30,89.3499984741211,90.5999984741211,87.05000305175781,87.80000305175781,7275,0.0,0.0,2022-01-13,90.93750076293945,1.9223660276558272,92.85986679059528,89.01513473528362,94.7822328182511,87.0927687076278,-132.61179941733656,-81.68300709619423,-232742,7221.538092028524,18306.618150118422,99.22613259440729,44.969754271138605,88.48333485921223,89.91666666666666,86.36667124430338,92.03333028157552,84.93333943684895,93.46666208902994,82.8166758219401,-0.3987075097126314,-92.46230924590888,-1.3939879024213582,-1.0519078286004038,-0.3420800738209544,39.459522997881756,13.762401733791819,89.4800018310547,90.93750076293945,92.96800033569336,96.54650016784667,YAARI.BO,2023-08-21 22:14:56.168973
381,2022-01-12 00:00:00+05:30,90.0,90.94999694824219,87.05000305175781,88.55000305175781,26056,0.0,0.0,2022-01-12,91.60000076293946,2.8456339354315,94.44563469837095,88.75436682750797,97.29126863380246,85.90873289207646,-137.26433641079893,-74.84959528043024,-225467,26085.460250119922,21077.88816464089,99.27241798629325,40.62597616624786,88.85000101725261,90.6499989827474,86.75000508626303,92.74999491373698,84.95000712076823,94.54999287923178,82.85001118977866,-0.4001348638489724,-84.92461849181775,-1.226835946870878,-0.9663878101451651,-0.260448136725713,40.81922712045725,13.739795668423207,90.6500015258789,91.60000076293946,93.1370002746582,,YAARI.BO,2023-08-21 22:14:56.168973
382,2022-01-11 00:00:00+05:30,96.94999694824219,96.94999694824219,88.19999694824219,88.69999694824219,29146,0.0,0.0,2022-01-11,92.24500045776367,3.5037909100145272,95.7487913677782,88.74120954774914,99.25258227779273,85.2374186377346,-34.64435340128565,-36.70974721131468,-199411,29228.37987847825,19825.99514327113,99.43027330978569,39.89531033506593,91.28333028157552,94.36666361490884,85.61666361490884,100.03333028157552,82.53333028157552,103.11666361490884,76.86666361490884,-0.4139674514049535,-92.22225613064236,-1.0681060045847204,-0.9012757759637366,-0.16683022862098373,41.08212726153922,13.715450674949318,91.64000091552734,92.24500045776367,93.3050001525879,,YAARI.BO,2023-08-21 22:14:56.168973
383,2022-01-10 00:00:00+05:30,92.94999694824219,93.6500015258789,89.05000305175781,91.05000305175781,25988,0.0,0.0,2022-01-10,92.8300006866455,3.84123713119611,96.67123781784161,88.9887635554494,100.51247494903772,85.14752642425329,-38.737333502339986,-36.0674773992966,-170265,26751.922678908635,17475.398959469352,99.60993695232591,36.142079485023956,91.25000254313152,93.45000203450522,88.85000356038412,95.85000101725261,86.65000406901042,98.05000050862631,84.25000508626303,-0.3674292592413596,-68.22912982767897,-0.8634722803329709,-0.8595682188084907,-0.0039040615244801957,45.32926816116772,13.293933067774649,92.33000183105469,92.8300006866455,93.41600021362305,,YAARI.BO,2023-08-21 22:14:56.168973
384,2022-01-07 00:00:00+05:30,94.94999694824219,97.0,91.0,91.30000305175781,29563,0.0,0.0,2022-01-07,93.38250045776367,4.3347208901915675,97.71722134795523,89.0477795675721,102.05194223814681,84.71305867738053,67.40135869123574,-7.553087876969039,-144277,30515.56905986704,15156.268029609531,99.7396686964193,41.024522534869924,93.10000101725261,95.20000203450522,89.20000203450522,99.10000101725261,87.10000101725261,101.20000203450522,83.20000203450522,-0.41204934531462745,-65.62496274709109,-0.8198361847760651,-0.8585922034273705,0.0387560186513054,45.79696877750301,13.68804383330417,92.84000091552734,93.38250045776367,93.49900009155273,,YAARI.BO,2023-08-21 22:14:56.168973
385,2022-01-06 00:00:00+05:30,93.55000305175781,93.94999694824219,91.0,93.6500015258789,10924,0.0,0.0,2022-01-06,94.02000045776367,4.9115170229522915,98.93151748071597,89.10848343481138,103.84303450366825,84.1969664118591,70.31250119400373,-10.568764213341503,-114714,11566.225573386313,11316.442772045153,99.88772588906974,27.804760161234242,92.86666615804036,94.73333231608072,91.78333536783853,95.81666310628255,89.91666920979817,97.68332926432291,88.83333841959634,-0.37970872481912904,-33.90554876295769,-0.7761682111497805,-0.8682812080901969,0.09211299694041641,50.32966305825348,13.439146794737328,92.65,94.02000045776367,93.62300003051757,,YAARI.BO,2023-08-21 22:14:56.168973
386,2022-01-05 00:00:00+05:30,91.80000305175781,95.5999984741211,90.5999984741211,93.5,5731,0.0,0.0,2022-01-05,94.74750022888183,5.8430672946623465,100.59056752354418,88.90443293421949,106.43363481820653,83.06136563955714,98.45637894064552,-4.853751211737243,-125638,6058.208236158098,11253.997071709862,99.9284252961728,27.572572237699234,93.23333231608073,95.86666615804037,90.86666615804037,98.23333231608073,88.23333231608073,100.86666615804037,85.86666615804037,-0.3892348043610714,-50.1650013773196,-0.9399390914409622,-0.8913094573253009,-0.048629634115661347,50.03656652411533,14.022188955203825,91.83000030517579,94.74750022888183,93.71100006103515,,YAARI.BO,2023-08-21 22:14:56.168973
387,2022-01-04 00:00:00+05:30,92.05000305175781,95.94999694824219,92.0,92.1500015258789,8236,0.0,0.0,2022-01-04,95.31500015258788,6.252369502394475,101.56736965498236,89.06263065019341,107.81973915737683,82.81026114779894,103.51526168309248,-3.171493309714396,-131369,8580.525028296464,12552.944280597803,99.95050556588079,33.789875572332406,93.36666615804036,94.73333231608072,90.78333536783853,97.31666310628255,89.41666920979817,98.68332926432291,86.83333841959634,-0.4591011543016915,-67.62399956335166,-1.1206010668189919,-0.8791520487963855,-0.24144901802260632,47.44485511450316,14.650080512629284,91.16999969482421,95.31500015258788,93.72800003051758,,YAARI.BO,2023-08-21 22:14:56.168973
388,2022-01-03 00:00:00+05:30,91.55000305175781,94.5,90.5,93.5999984741211,11540,0.0,0.0,2022-01-03,95.94750022888184,6.5481909926769495,102.49569122155879,89.39930923620489,109.04388221423574,82.85111824352794,102.0053935890913,-11.422314482092983,-123133,12211.916559176576,13546.049093673138,99.98920079354012,32.7174248890108,92.86666615804036,95.23333231608072,91.23333231608072,96.86666615804036,88.86666615804036,99.23333231608072,87.23333231608072,-0.17839869595350816,-60.052214536166716,-1.2019699421347099,-0.8187897942907338,-0.383180147843976,50.033326031618394,14.873162800854066,91.01999969482422,95.94750022888184,93.82800003051757,,YAARI.BO,2023-08-21 22:14:56.168973
389,2021-12-31 00:00:00+05:30,90.44999694824219,91.0999984741211,89.05000305175781,90.3499984741211,8595,0.0,0.0,2021-12-31,96.03250045776367,6.527114650612292,102.55961510837597,89.50538580715138,109.08672975898826,82.9782711565391,-54.7960638239363,-53.10905437668164,-134673,8779.629888958441,13879.582227297276,100.0339206099128,27.083530522804836,90.16666666666667,91.28333028157553,89.23333485921225,92.21666208902995,88.11667124430339,93.33332570393881,87.18333943684897,-0.12747280177208348,-77.02349255725731,-1.4307378237349866,-0.7229947573297397,-0.7077430664052469,43.632872582048485,15.497224337436773,90.41000061035156,96.03250045776367,93.92700012207031,,YAARI.BO,2023-08-21 22:14:56.168973
390,2021-12-30 00:00:00+05:30,91.55000305175781,92.55000305175781,88.0,89.55000305175781,15553,0.0,0.0,2021-12-30,96.16500053405761,6.431891726350369,102.59689226040798,89.73310880770724,109.02878398675836,83.30121708135687,-69.17667319662337,-57.39154999885348,-143268,15746.424482965085,15154.570311881984,100.0846681109018,21.96513837682582,90.03333536783855,92.06667073567709,87.51666768391928,94.58333841959636,85.48333231608073,96.6166737874349,82.96666463216147,-0.14049159093857622,-82.04486007197886,-1.3818764323939092,-0.5460589907284279,-0.8358174416654813,41.932736824081616,16.20243057218749,90.54000091552734,96.16500053405761,94.09600021362304,,YAARI.BO,2023-08-21 22:14:56.168973
391,2021-12-29 00:00:00+05:30,90.69999694824219,92.69999694824219,89.5999984741211,90.19999694824219,7113,0.0,0.0,2021-12-29,96.36750030517578,6.274494373174541,102.64199467835033,90.09300593200123,108.91648905152486,83.8185115588267,-48.45160842891698,-47.696514626196745,-127715,7253.732056862404,15006.606769111208,100.18552146042681,21.076385060888,90.83333079020183,92.06666310628256,88.96666463216147,93.93332926432292,87.73333231608073,95.16666158040366,85.86666615804037,-0.12293217941256694,-81.79871996110481,-1.2195940953321411,-0.3371046303120575,-0.8824894650200836,42.90917913889144,16.961883440380575,90.95,96.36750030517578,94.32100021362305,,YAARI.BO,2023-08-21 22:14:56.168973
392,2021-12-28 00:00:00+05:30,90.5999984741211,92.80000305175781,90.4000015258789,91.4000015258789,4559,0.0,0.0,2021-12-28,96.49250030517578,6.169177614545227,102.661677919721,90.32332269063056,108.83085553426623,84.15414507608533,-42.26951534148242,-39.14171752929646,-120602,4711.052813267086,16944.825447173407,100.22943361752004,27.85647645287048,91.53333536783855,92.66666920979819,90.26666768391928,93.93333689371745,89.13333384195964,95.06667073567709,87.86666615804037,-0.07642607367336722,-77.33886118056697,-1.0573593794245113,-0.11648226405703657,-0.9408771153674748,44.69327749556431,18.215005436081903,91.45,96.49250030517578,94.60000030517578,,YAARI.BO,2023-08-21 22:14:56.168973
393,2021-12-27 00:00:00+05:30,91.94999694824219,91.94999694824219,89.80000305175781,90.55000305175781,15533,0.0,0.0,2021-12-27,96.36000022888183,6.311134430139121,102.67113465902095,90.04886579874271,108.98226908916007,83.73773136860359,-61.918463642468254,-52.34797322993336,-125161,15901.789100411102,20003.268605649988,100.25439043865747,44.94553052945033,90.76666768391927,91.73333231608072,89.58333841959634,92.91666158040364,88.61667378743489,93.8833262125651,87.43334452311197,-0.08240733640600499,-82.30766883263222,-0.9518114533793636,0.11873701478483212,-1.0705484681641957,43.138236261155676,19.447326632355022,91.0,96.36000022888183,94.75600021362305,,YAARI.BO,2023-08-21 22:14:56.168973
394,2021-12-24 00:00:00+05:30,91.94999694824219,93.0,89.9000015258789,91.0,29045,0.0,0.0,2021-12-24,96.35,6.320975906968071,102.67097590696807,90.02902409303192,108.99195181393614,83.70804818606385,-66.2531405306722,-46.48649316361619,-109628,29882.36394792239,21028.63848195971,100.34875589606713,60.15202517855405,91.3000005086263,92.69999949137369,89.6000010172526,94.39999898274739,88.2000020345052,95.79999796549478,86.5000025431315,-0.087278666772345,-80.57691133939304,-0.71854476722811,0.38637413182588104,-1.104918899053991,43.74285276025576,20.891648781953464,90.5,96.35,94.93300018310546,,YAARI.BO,2023-08-21 22:14:56.168973
395,2021-12-23 00:00:00+05:30,91.0,94.9000015258789,91.0,91.5999984741211,29144,0.0,0.0,2021-12-23,96.4599998474121,6.241617586434228,102.70161743384634,90.21838226097788,108.94323502028057,83.97676467454365,-63.630602217832404,-30.380323065045964,-80583,30181.91574491442,18815.207115469042,100.52189060894644,74.42031984458085,92.5,94.0,90.0999984741211,96.4000015258789,88.5999984741211,97.9000015258789,86.19999694824219,-0.0940134501600407,-78.26922490046574,-0.4533235614185003,0.6626038565893788,-1.115927418007879,44.515321977311366,22.47160959798798,91.08000030517579,96.4599998474121,95.12800018310547,,YAARI.BO,2023-08-21 22:14:56.168973
396,2021-12-22 00:00:00+05:30,89.94999694824219,97.5999984741211,89.94999694824219,92.69999694824219,15161,0.0,0.0,2021-12-22,96.5849998474121,6.163711736078483,102.74871158349059,90.42128811133362,108.91242331956907,84.25757637525514,-68.42322114964207,-18.094602330052577,-51439,15889.482218464107,15973.529958107698,100.69082238734374,81.02315652930378,93.41666412353516,96.88333129882812,89.23332977294922,101.06666564941406,85.76666259765625,104.53333282470703,81.58332824707031,-0.039148582816928595,-74.03846153846153,-0.16598226792542903,0.9415857110913486,-1.1075679790167776,45.895060457261565,23.9673207909635,92.97000122070312,96.5849998474121,95.33700027465821,,YAARI.BO,2023-08-21 22:14:56.168973
397,2021-12-21 00:00:00+05:30,90.25,91.3499984741211,88.19999694824219,89.1500015258789,9756,0.0,0.0,2021-12-21,96.50250015258788,6.229143402090664,102.73164355467856,90.27335675049721,108.96078695676921,84.04421334840656,-140.07714976518096,-77.13614763417974,-66600,9833.210230582816,15994.541893018593,100.770314437071,80.6769875359963,89.56666564941406,90.93333435058594,87.78333282470703,92.71666717529297,86.41666412353516,94.08333587646484,84.63333129882812,-0.026524799747591487,-87.69229008601262,0.09608336065493006,1.218477705845543,-1.1223943451906129,40.35503120458066,25.578086691090984,94.72000122070312,96.50250015258788,95.52100036621094,,YAARI.BO,2023-08-21 22:14:56.168973
398,2021-12-20 00:00:00+05:30,94.69999694824219,94.69999694824219,85.94999694824219,88.05000305175781,13395,0.0,0.0,2021-12-20,96.38250007629395,6.39903917852081,102.78153925481476,89.98346089777314,109.18057843333557,83.58442171925233,-225.68073271363627,-81.14862804246442,-76356,13334.424325288057,17534.874808627537,100.84518013101808,81.6218517490057,89.56666564941406,93.18333435058594,84.43333435058594,98.31666564941406,80.81666564941406,101.93333435058594,75.68333435058594,-0.004497235336500628,-91.92305344801683,0.7797717318631925,1.499076292143196,-0.7193045602800034,38.5444590523626,26.2921425196254,96.97000122070312,96.38250007629395,95.78900039672851,,YAARI.BO,2023-08-21 22:14:56.168973
399,2021-12-17 00:00:00+05:30,101.05000305175781,101.0999984741211,93.75,93.9000015258789,11940,0.0,0.0,2021-12-17,96.1125,6.866008396463789,102.97850839646378,89.24649160353621,109.84451679292758,82.38048320707242,-132.6949596982605,17.74895368590854,-62961,12675.704430776408,18584.987429462406,100.95937353596908,83.29803665064027,96.25,98.75,91.4000015258789,103.5999984741211,88.9000015258789,106.0999984741211,84.05000305175781,-0.016050556828405733,-73.52341665172382,1.7516184851514254,1.6789024322131967,0.07271605293822869,45.341435846724224,27.06112571958554,99.78000030517578,96.1125,96.10200027465821,,YAARI.BO,2023-08-21 22:14:56.168973
400,2021-12-16 00:00:00+05:30,103.94999694824219,105.0999984741211,99.8499984741211,101.05000305175781,12182,0.0,0.0,2021-12-16,95.65750007629394,7.307661062202075,102.96516113849601,88.34983901409187,110.27282220069809,81.0421779518898,3.7664747349712595,103.78027963571162,-51021,13917.367774436954,20062.308179133906,101.01598327546986,84.38445168138576,102.0,104.1500015258789,98.9000015258789,107.25,96.75,109.4000015258789,93.6500015258789,0.02298206786540892,-44.39916875322618,2.3932009409986534,1.6607234189786393,0.7324775220200141,56.686239109065475,28.638801645415505,101.81000061035157,95.65750007629394,96.23600021362304,,YAARI.BO,2023-08-21 22:14:56.168973
401,2021-12-15 00:00:00+05:30,104.4000015258789,104.4000015258789,100.0,101.44999694824219,4909,0.0,0.0,2021-12-15,94.9,7.501893992816674,102.40189399281668,87.39810600718333,109.90378798563336,79.89621201436665,16.26337563615272,102.67291579722851,-38839,5630.503699286085,21598.543280308142,101.01570264252236,85.88056634714098,101.9499994913737,103.8999989827474,99.4999974568685,106.35000101725261,97.5499979654948,108.30000050862631,95.09999593098959,0.028534718146756427,-42.76986540875382,2.4741934661483356,1.4776040384736358,0.9965894276746998,57.432740299128376,28.311653622988075,103.23999938964843,94.9,96.23400009155273,,YAARI.BO,2023-08-21 22:14:56.168973
402,2021-12-14 00:00:00+05:30,101.94999694824219,103.5,99.5999984741211,100.4000015258789,5564,0.0,0.0,2021-12-14,94.27250022888184,7.449875514756937,101.72237574363878,86.8226247141249,109.17225125839572,79.37274919936796,16.514993878516606,91.1526606897152,-43748,6315.722190661893,25590.553175563655,101.01425416471828,86.61966156148006,101.16666666666667,102.73333485921225,98.83333333333334,105.06666819254558,97.26666514078777,106.63333638509116,94.93333180745444,0.03332296368211104,-47.04683330344765,2.5010073234491017,1.228456681554961,1.2725506418941408,56.021040225747676,28.099000086089976,103.91999969482421,94.27250022888184,96.17800018310547,,YAARI.BO,2023-08-21 22:14:56.168973
403,2021-12-13 00:00:00+05:30,105.80000305175781,106.0,101.94999694824219,102.0999984741211,9587,0.0,0.0,2021-12-13,93.66000022888184,7.423107065975222,101.08310729485706,86.23689316290663,108.50621436083229,78.8137860969314,50.11317315018028,125.948772122444,-38184,11066.50897844775,30409.260921789093,101.0165850112908,88.01503087200828,103.3499984741211,104.75,100.69999694824219,107.4000015258789,99.29999542236328,108.80000305175781,96.64999389648438,0.015553134089038233,-40.12220085853235,2.600851775931332,0.9103190210814254,1.6905327548499067,58.96075161045448,28.0469531207983,104.8,93.66000022888184,96.13600021362305,,YAARI.BO,2023-08-21 22:14:56.168973
404,2021-12-10 00:00:00+05:30,108.19999694824219,109.30000305175781,103.25,104.05000305175781,19775,0.0,0.0,2021-12-10,93.13250045776367,7.162038996950401,100.29453945471407,85.97046146081327,107.45657845166447,78.80842246386287,86.37338333434732,163.10649913702633,-28597,23262.734667504148,35244.94890762443,101.0094547516513,90.60433426314994,105.53333536783855,107.81667073567709,101.76666768391928,111.58333841959636,99.48333231608073,113.8666737874349,95.71666463216147,0.03443275470650342,-25.079345703125,2.5218521440410626,0.4876858323689486,2.034166311672114,62.45132002553627,27.118653454552344,103.44000091552735,93.13250045776367,96.07000030517578,,YAARI.BO,2023-08-21 22:14:56.168973
405,2021-12-09 00:00:00+05:30,110.0,110.0,103.4000015258789,108.19999694824219,12550,0.0,0.0,2021-12-09,92.48500022888183,6.693104541944358,99.1781047708262,85.79189568693747,105.87120931277055,79.09879114499311,137.0974452491623,196.26446903293737,-8822,15352.289525742319,38240.5024676545,100.9676107908219,92.51011560036952,107.1999994913737,110.9999974568685,104.3999989827474,113.7999979654948,100.60000101725261,117.59999593098959,97.80000050862631,0.05133005997444437,-11.904761904761905,2.190452889595491,-0.020855745549079985,2.211308635144571,70.72578068428072,25.60834100810616,101.23000030517578,92.48500022888183,95.97700027465821,,YAARI.BO,2023-08-21 22:14:56.168973
406,2021-12-08 00:00:00+05:30,107.0,111.94999694824219,103.6500015258789,104.8499984741211,55252,0.0,0.0,2021-12-08,91.67500038146973,5.578659658182766,97.2536600396525,86.09634072328696,102.83231969783526,80.5176810651042,216.04820034146618,197.58549166332415,-21372,65496.577903582,43962.555703132544,100.90388731374722,86.83086091669988,106.81666564941406,109.98332977294922,101.68333435058594,115.11666107177734,98.51667022705078,118.2833251953125,93.38333892822266,0.019804174434790583,-22.53967769562252,1.3242612196349768,-0.5736829043352227,1.8979441239701995,67.49786658673631,23.9242584633562,98.31000061035157,91.67500038146973,95.81300033569336,,YAARI.BO,2023-08-21 22:14:56.168973
407,2021-12-07 00:00:00+05:30,95.69999694824219,104.80000305175781,94.80000305175781,104.80000305175781,66105,0.0,0.0,2021-12-07,91.12500038146973,4.681472271887337,95.80647265335708,86.44352810958239,100.4879449252444,81.76205583769506,247.6706093649454,113.91511711945138,-76624,78324.52731219823,38579.05015302018,100.74463957808409,82.65938041749672,101.46666971842448,108.13333638509116,98.13333638509116,111.46666971842448,91.46666971842448,118.13333638509116,88.13333638509116,0.11229767715125796,-0.0,0.5251329279756902,-1.0481689353277726,1.5733018633034628,67.44812115311802,22.02033353428544,95.88000030517578,91.12500038146973,95.72000030517579,,YAARI.BO,2023-08-21 22:14:56.168973
408,2021-12-06 00:00:00+05:30,92.0,97.6500015258789,91.94999694824219,95.30000305175781,85872,0.0,0.0,2021-12-06,90.63250007629395,3.5480256904963388,94.1805257667903,87.0844743857976,97.72855145728663,83.53644869530127,96.96972583389287,3.2588310283459716,-142729,92522.35324382539,28642.68086322566,100.53890276267316,74.95551247015787,94.96666717529297,97.98333740234375,92.28333282470703,100.66667175292969,89.26666259765625,103.68334197998047,86.58332824707031,-0.06949058785761804,-17.72851195130714,-0.5010262133549617,-1.4414944011536381,0.9404681877986765,55.40661887664857,21.02799667933022,92.66999969482421,90.63250007629395,95.6570002746582,,YAARI.BO,2023-08-21 22:14:56.168973
409,2021-12-03 00:00:00+05:30,93.69999694824219,95.55000305175781,92.69999694824219,93.0,3244,0.0,0.0,2021-12-03,90.62999992370605,3.544579525299087,94.17457944900514,87.08542039840697,97.71915897430422,83.54084087310788,73.6988558768357,-19.297645384588808,-228601,3410.8763189278493,12672.762768075725,100.9085157326134,57.14194768666997,93.75,94.80000305175781,91.94999694824219,96.60000610351562,90.89999389648438,97.65000915527344,89.09999084472656,-0.15499637420044893,-30.470908975632437,-0.8716235047047434,-1.6766114481033072,0.8049879433985638,51.36177385092224,21.61779966556117,91.67999877929688,90.62999992370605,95.73600021362304,,YAARI.BO,2023-08-21 22:14:56.168973
410,2021-12-02 00:00:00+05:30,92.05000305175781,95.05000305175781,90.5,93.5999984741211,9144,0.0,0.0,2021-12-02,90.72249984741211,3.6327255165869747,94.35522536399908,87.08977433082514,97.98795088058606,83.45704881423816,68.32511887205433,-32.606895604627546,-225357,9676.409446890006,14988.234380362694,100.92965015645031,56.81790207876209,93.0500005086263,95.6000010172526,91.04999796549478,97.60000356038411,88.49999745686848,100.15000406901041,86.49999491373697,-0.1527668796776914,-27.146818268275673,-1.1063784710369475,-1.8778584339529478,0.7714799629160003,52.51564935925925,22.914938779251326,91.71999816894531,90.72249984741211,95.87100021362305,,YAARI.BO,2023-08-21 22:14:56.168973
411,2021-12-01 00:00:00+05:30,89.69999694824219,93.1500015258789,88.05000305175781,92.69999694824219,17455,0.0,0.0,2021-12-01,90.85499992370606,3.788204220333993,94.64320414404006,87.06679570337207,98.43140836437405,83.27859148303807,43.98149107965328,-61.81542774415812,-234501,18293.708338717173,16316.190613730865,100.98528129301677,50.23086512489262,91.3000005086263,94.54999796549478,89.44999949137369,96.39999898274739,86.2000020345052,99.64999643961588,84.3500010172526,-0.18218921629984844,-32.13297546336412,-1.4492634144584997,-2.0707284246819477,0.621465010223448,50.98179939148365,24.476360277050528,91.81999816894532,90.85499992370606,96.01800018310547,,YAARI.BO,2023-08-21 22:14:56.168973
412,2021-11-30 00:00:00+05:30,90.0,93.69999694824219,87.4000015258789,88.75,6047,0.0,0.0,2021-11-30,91.06749992370605,4.009864040172663,95.07736396387871,87.0576358835334,99.08722800405138,83.04777184336072,23.146654444443424,-85.82420506183604,-251956,6067.510101939752,15821.811182484289,101.10708594542207,43.1742381341662,89.9499994913737,92.4999974568685,86.20000203450522,96.24999491373698,83.65000406901042,98.79999287923178,79.90000661214194,-0.23157152642344414,-54.016611365893866,-1.7776649960713797,-2.2260946772378096,0.4484296811664299,43.55054685687535,25.915864794507964,91.48999938964843,91.06749992370605,96.28800018310547,,YAARI.BO,2023-08-21 22:14:56.168973
413,2021-11-29 00:00:00+05:30,94.0,96.0,89.5999984741211,90.3499984741211,8024,0.0,0.0,2021-11-29,91.34249992370606,4.031103960272452,95.3736038839785,87.31139596343361,99.40470784425096,83.28029200316115,70.22346470881656,-58.875086132202746,-245909,8196.36419185603,18260.386452620423,101.17034317537546,42.32903965837043,91.98333231608073,94.36666615804037,87.96666463216147,98.38333384195964,85.58333079020183,100.76666768391928,81.56666310628256,-0.21773378262052392,-45.152355390240295,-1.7821693670810959,-2.338202097529417,0.556032730448321,46.184056639785666,27.466100428692894,91.08999938964844,91.34249992370606,96.74800018310548,,YAARI.BO,2023-08-21 22:14:56.168973
414,2021-11-26 00:00:00+05:30,93.69999694824219,98.5,90.1500015258789,93.19999694824219,48780,0.0,0.0,2021-11-26,91.5849998474121,4.113298609317735,95.69829845672984,87.47170123809437,99.81159706604758,83.35840262877663,114.44099565626684,-31.031448259942778,-237885,51399.61569241866,20776.392017811522,101.24434565388822,43.06224284850457,93.9499994913737,97.7499974568685,89.3999989827474,102.2999979654948,85.60000101725261,106.09999593098959,81.05000050862631,-0.20726194308452267,-29.362892829215717,-1.918509368066367,-2.477210280141497,0.5587009120751301,51.316688829405784,29.340919620553287,89.55,91.5849998474121,97.19700027465821,,YAARI.BO,2023-08-21 22:14:56.168973
415,2021-11-25 00:00:00+05:30,95.5999984741211,95.5999984741211,92.0,94.0999984741211,25839,0.0,0.0,2021-11-25,91.8,4.309840596613011,96.10984059661301,87.49015940338698,100.41968119322601,83.18031880677398,125.97713593609024,-33.769394826457145,-189105,27489.54148631133,13120.586099159733,101.59331705062586,23.766381793369618,93.89999898274739,95.79999796549478,92.19999949137369,97.49999745686848,90.3000005086263,99.39999643961588,88.6000010172526,-0.19106811031686663,-21.32566729695264,-2.3446792286266174,-2.616885508160279,0.2722062795336617,53.045343723959604,31.183086000622144,87.87000122070313,91.8,97.52500030517578,,YAARI.BO,2023-08-21 22:14:56.168973
416,2021-11-24 00:00:00+05:30,89.94999694824219,91.05000305175781,88.4000015258789,91.05000305175781,1659,0.0,0.0,2021-11-24,91.99750022888183,4.506791435120962,96.50429166400279,87.49070879376087,101.01108309912375,82.98391735863991,42.43383696577884,-94.5416456917324,-214944,1707.7666509277144,9528.347252371832,101.76955652485466,6.723572368537489,90.16666920979817,91.93333689371744,89.28333536783853,92.81667073567708,87.51666768391927,94.58333841959634,86.63333384195963,-0.20122562074119485,-39.25499528464192,-2.943416863580069,-2.6849370780436943,-0.2584797855363745,47.477777151493434,33.10451168032371,86.2300018310547,91.99750022888183,97.79100036621094,,YAARI.BO,2023-08-21 22:14:56.168973
417,2021-11-23 00:00:00+05:30,82.6500015258789,86.75,80.44999694824219,86.75,5555,0.0,0.0,2021-11-23,92.1625,4.530622185445272,96.69312218544526,87.63187781455473,101.22374437089054,83.10125562910945,-90.23426697059989,-189.51889502769248,-216603,5448.233653212995,11483.49240273286,101.78576837890925,9.630240026150133,84.64999898274739,88.8500010172526,82.54999796549478,90.9500020345052,78.34999593098958,95.15000406901041,76.24999491373697,-0.23301209250567378,-66.92912313640554,-3.365006909710729,-2.6203171316596006,-0.7446897780511286,37.82673110318049,33.397499959259655,85.80000152587891,92.1625,98.15800033569336,,YAARI.BO,2023-08-21 22:14:56.168973
418,2021-11-22 00:00:00+05:30,83.0,87.0,82.0,82.6500015258789,16073,0.0,0.0,2021-11-22,92.68250007629395,4.473172805394282,97.15567288168823,88.20932727089966,101.62884568708252,83.73615446550538,-123.11386289134016,-222.7227132509692,-222158,15019.033582361832,12992.307090112825,101.86229704597007,12.653596722740701,83.88333384195964,85.76666768391928,80.76666768391928,88.88333384195964,78.88333384195964,90.76666768391928,75.76666768391928,-0.2832806712748804,-94.92956886828786,-3.430299821103233,-2.4341446871468184,-0.9961551339564148,25.746377280098628,31.36794000701632,86.08000183105469,92.68250007629395,98.5070002746582,,YAARI.BO,2023-08-21 22:14:56.168973
419,2021-11-18 00:00:00+05:30,86.5,86.75,81.75,84.80000305175781,24787,0.0,0.0,2021-11-18,93.4775001525879,3.9822784113746468,97.45977856396254,89.49522174121324,101.44205697533718,85.5129433298386,-148.04824951533288,-240.51726112979603,-206085,23764.135083847425,12485.625467050571,102.14946371920317,12.92366315877689,84.43333435058594,87.11666870117188,82.11666870117188,89.43333435058594,79.43333435058594,92.11666870117188,77.11666870117188,-0.2315159727283308,-82.81688421544894,-3.0581325651907605,-2.1851059036577145,-0.873026661533046,28.436841561492912,29.447342065916118,87.86000213623046,93.4775001525879,98.83900024414062,,YAARI.BO,2023-08-21 22:14:56.168973
420,2021-11-17 00:00:00+05:30,88.9000015258789,89.80000305175781,85.0999984741211,85.9000015258789,6578,0.0,0.0,2021-11-17,94.1775001525879,3.5875689375006394,97.76506909008853,90.58993121508726,101.35263802758918,87.00236227758661,-140.04051152497223,-222.33761139928933,-181298,6388.357597885261,9665.998062851357,102.55881457129881,15.080790869604101,86.93333435058594,88.76667022705078,84.06666564941406,91.63333892822266,82.23332977294922,93.4666748046875,79.36666107177734,-0.2855421660384221,-94.4444238403719,-2.7470529322879855,-1.966849238274453,-0.7802036940135326,29.92235438734265,27.222673895070294,89.12000122070313,94.1775001525879,99.19000015258788,,YAARI.BO,2023-08-21 22:14:56.168973
421,2021-11-16 00:00:00+05:30,89.05000305175781,91.4000015258789,86.0999984741211,88.9000015258789,10104,0.0,0.0,2021-11-16,94.92250022888183,3.3148979948254356,98.23739822370726,91.6076022340564,101.5522962185327,88.29270423923096,-124.70022517142566,-205.68412335120698,-174720,10155.405838432098,10485.408179092881,102.66378127731488,17.98267288719704,88.8000005086263,91.5000025431315,86.19999949137369,94.10000356038411,83.49999745686848,96.80000559488931,80.89999643961588,-0.3183194885584946,-79.25923665364583,-2.415487904548826,-1.7717983147710696,-0.6436895897777561,34.484424025779276,25.44484321412827,90.34000091552734,94.92250022888183,99.48000015258789,,YAARI.BO,2023-08-21 22:14:56.168973
422,2021-11-15 00:00:00+05:30,91.75,91.8499984741211,87.25,88.1500015258789,17863,0.0,0.0,2021-11-15,95.68500022888183,3.59846890075464,99.28346912963647,92.0865313281272,102.88193803039111,88.48806242737255,-155.53403700360448,-215.61225034779343,-184824,17802.41415020272,10567.908764258076,102.79829558445502,26.5586732746159,89.08333333333333,90.91666666666666,86.31666819254556,93.68333180745442,84.48333485921223,95.51666514078775,81.71666971842447,0.013828581927561935,-92.71253735160516,-2.2498404386623463,-1.6108759173266307,-0.6389645213357156,32.0805274546577,23.746148465727337,91.33000030517579,95.68500022888183,99.73600006103516,,YAARI.BO,2023-08-21 22:14:56.168973
423,2021-11-12 00:00:00+05:30,92.4000015258789,92.80000305175781,90.94999694824219,91.55000305175781,1829,0.0,0.0,2021-11-12,96.2375,3.207757592769312,99.44525759276931,93.02974240723069,102.65301518553862,89.82198481446137,-121.64003822691546,-165.58904101589366,-166961,1893.1030114070873,8759.282417771914,103.05583764578415,27.824596782679222,91.76666768391927,92.58333841959634,90.73333231608072,93.61667378743489,89.91666158040364,94.43334452311197,88.8833262125651,0.01750780886066462,-83.85413231120623,-1.9298093582673346,-1.4511347869927018,-0.47867457127463275,37.940685967326665,22.17599717505056,92.68999938964843,96.2375,99.91800003051758,,YAARI.BO,2023-08-21 22:14:56.168973
424,2021-11-11 00:00:00+05:30,92.5,93.9000015258789,90.0,91.0999984741211,16589,0.0,0.0,2021-11-11,96.62999992370605,3.081798271725849,99.7117981954319,93.54820165198021,102.79359646715776,90.46640338025435,-166.32263535985697,-169.48935953451183,-168790,17086.01387031736,10475.82726936312,103.07658778774504,24.844753035080757,91.66666666666667,93.33333333333334,89.43333180745444,95.56666819254558,87.76666514078777,97.23333485921225,85.53333028157553,-0.028457578176179707,-88.94473556280413,-1.825681695639588,-1.3314661441740436,-0.4942155514655444,36.515456551294406,21.50487587437755,93.42999877929688,96.62999992370605,100.015,,YAARI.BO,2023-08-21 22:14:56.168973
425,2021-11-10 00:00:00+05:30,93.94999694824219,94.5999984741211,91.69999694824219,92.0,10327,0.0,0.0,2021-11-10,97.1125,2.921692815803283,100.03419281580328,94.19080718419671,102.95588563160656,91.26911436839343,-162.01234363067297,-152.15846482265556,-152201,10741.481433356694,8823.28061912456,103.27574919932336,23.937286381046476,92.76666514078777,93.83333333333334,90.93333180745444,95.66666666666667,89.86666361490886,96.73333485921225,88.03333028157553,-0.0004633383187871588,-96.64801230931852,-1.6203862571195486,-1.2079122563076574,-0.41247400081189123,38.14223831058303,20.782129858268153,94.17999877929688,97.1125,100.14,,YAARI.BO,2023-08-21 22:14:56.168973
426,2021-11-09 00:00:00+05:30,94.8499984741211,95.9000015258789,93.0,93.8499984741211,9597,0.0,0.0,2021-11-09,97.6150001525879,2.8597077634787786,100.47470791606668,94.75529238910912,103.33441567954546,91.89558462563033,-110.52630258069233,-126.44985661445345,-141874,10182.910869778607,8343.730415566526,103.3936972268638,23.299085575329983,94.25,95.5,92.5999984741211,97.1500015258789,91.3499984741211,98.4000015258789,89.69999694824219,-0.0127533361351098,-82.75862976146315,-1.4216310920612045,-1.1047937561046846,-0.31683733595651997,41.687095396244544,20.555623217807288,95.02999877929688,97.6150001525879,100.27300003051758,,YAARI.BO,2023-08-21 22:14:56.168973
427,2021-11-08 00:00:00+05:30,96.0999984741211,96.30000305175781,94.0,94.94999694824219,4464,0.0,0.0,2021-11-08,98.01750030517579,2.868398719174702,100.8858990243505,95.14910158600108,103.75429774352519,92.28070286682639,-71.11111739044624,-113.51323821494982,-132277,4792.049756937573,7883.935302013505,103.48738128674377,36.28748337376317,95.08333333333333,96.16666666666666,93.86666361490884,97.38333638509114,92.78333028157552,98.46666971842447,91.56666056315103,-0.022699780700940392,-80.95239426023666,-1.327821206338399,-1.0255844221155546,-0.3022367842228444,43.941893145584956,20.77865015593138,95.64999847412109,98.01750030517579,100.355,,YAARI.BO,2023-08-21 22:14:56.168973
428,2021-11-04 00:00:00+05:30,95.0,97.80000305175781,93.19999694824219,95.25,3733,0.0,0.0,2021-11-04,98.39750061035156,2.943078523331434,101.340579133683,95.45442208702012,104.28365765701443,92.51134356368868,-64.52764397250776,-112.298744416996,-127813,4019.9916593334183,8656.906688282488,103.52654195033986,60.5808986551779,95.41666666666667,97.63333638509116,93.03333028157553,100.0166727701823,90.81666056315105,102.23334248860678,88.4333241780599,-0.05011161580671957,-78.75456995092036,-1.2959308053061704,-0.9500252260598434,-0.34590557924632703,44.55215832543619,21.400623055708476,95.50999908447265,98.39750061035156,100.32600006103516,,YAARI.BO,2023-08-21 22:14:56.168973
429,2021-11-03 00:00:00+05:30,97.9000015258789,97.9000015258789,93.5,94.8499984741211,6478,0.0,0.0,2021-11-03,98.82000045776367,3.071191244926199,101.89119170268987,95.74880921283747,104.96238294761606,92.67761796791127,-78.51852856545479,-118.15914672351906,-131546,6946.730484059867,9816.135445519754,103.5584115799281,56.570480942580566,95.41666666666667,97.33333333333334,92.93333180745444,99.81666819254558,91.01666514078777,101.73333485921225,88.53333028157553,-0.009294993852836048,-81.68498373234411,-1.2650118680924862,-0.8635488312482615,-0.4014630368442247,43.58207056801998,22.070440024699195,95.4999984741211,98.82000045776367,100.25300003051758,,YAARI.BO,2023-08-21 22:14:56.168973
430,2021-11-02 00:00:00+05:30,96.8499984741211,99.5,95.5,96.25,5422,0.0,0.0,2021-11-02,99.10750045776368,2.946598840263716,102.0540992980274,96.16090161749996,105.00069813829111,93.21430277723624,4.70921268171155,-89.66258800780457,-125068,5900.141526351643,10533.486685884724,103.61699325653204,54.52936156827575,97.08333333333333,98.66666666666666,94.66666666666666,101.08333333333333,93.08333333333333,102.66666666666666,90.66666666666666,-0.04189672803055237,-71.428563443858,-1.1668653229279045,-0.7631830720372054,-0.4036822508906991,46.209563812533396,22.898152604411102,96.02999877929688,99.10750045776368,100.125,,YAARI.BO,2023-08-21 22:14:56.168973
431,2021-11-01 00:00:00+05:30,95.0,97.80000305175781,94.75,96.94999694824219,9210,0.0,0.0,2021-11-01,99.34250030517578,2.8936539973304014,102.23615430250618,96.44884630784537,105.12980829983658,93.55519231051497,-43.4174003948584,-106.20687400399999,-119646,10095.076344839325,11691.822975767993,103.65870744408888,52.34740926394439,96.5,98.25,95.19999694824219,99.55000305175781,93.44999694824219,101.30000305175781,92.14999389648438,-0.014818257662206158,-66.30038124611194,-1.1614071642745358,-0.6622625093145305,-0.4991446549600054,47.540265388730575,24.531161572605846,96.38999938964844,99.34250030517578,,,YAARI.BO,2023-08-21 22:14:56.168973
432,2021-10-29 00:00:00+05:30,95.0,96.6500015258789,92.3499984741211,94.25,11511,0.0,0.0,2021-10-29,99.42750053405761,2.8442223721011017,102.27172290615871,96.58327816195651,105.11594527825982,93.73905578985541,-127.9425604442575,-158.1542546054828,-128856,12265.820095334224,12091.009633500158,103.72385978622707,43.62983258330197,94.41666666666667,96.48333485921225,92.18333180745444,98.71666971842448,90.11666361490886,100.78333791097006,87.88332875569662,-0.03845871846541492,-86.08057645798272,-1.2057610823516711,-0.5374763455745291,-0.6682847367771421,41.50728949996569,25.555792980531447,95.86999969482422,99.42750053405761,,,YAARI.BO,2023-08-21 22:14:56.168973
433,2021-10-28 00:00:00+05:30,97.0,99.05000305175781,94.6500015258789,95.19999694824219,3539,0.0,0.0,2021-10-28,99.6300006866455,2.5889139126354572,102.21891459928096,97.04108677401004,104.80782851191641,94.45217286137459,-89.34775611306729,-119.24057249919043,-117345,3809.0763236202088,12047.30701804164,103.84026570015598,43.55384719301225,96.3000005086263,97.94999949137369,93.54999796549478,100.7000020345052,91.89999898274739,102.3500010172526,89.14999643961588,-0.06016603436444556,-83.07694655198317,-0.9783696404061004,-0.3704051613802436,-0.6079644790258568,43.12774616296044,26.123314935200508,96.45,99.6300006866455,,,YAARI.BO,2023-08-21 22:14:56.168973
434,2021-10-27 00:00:00+05:30,98.0,99.5999984741211,96.0,97.5,2518,0.0,0.0,2021-10-27,99.81000099182128,2.3815407490474425,102.19154174086873,97.42846024277384,104.57308248991617,95.04691949372639,-52.63872549231047,-89.12270663804098,-113806,2775.6360482822943,14106.864691646997,103.873028917892,46.77733370455905,97.6999994913737,99.3999989827474,95.80000050862631,101.2999979654948,94.10000101725261,102.9999974568685,92.20000203450522,-0.04496038766615004,-65.38461538461539,-0.7659762112965183,-0.21841404162377942,-0.5475621696727389,47.277130918146206,27.56317994939581,97.12000122070313,99.81000099182128,,,YAARI.BO,2023-08-21 22:14:56.168973
435,2021-10-26 00:00:00+05:30,94.55000305175781,98.80000305175781,94.55000305175781,98.05000305175781,8887,0.0,0.0,2021-10-26,99.90500106811524,2.321688191789898,102.22668925990514,97.58331287632534,104.54837745169503,95.26162468453545,-85.47169926932673,-102.63755410935373,-111288,9851.559154161041,16939.671852488173,103.89026956802839,50.86391809214353,97.13333638509114,99.71666971842447,95.46666971842447,101.38333638509114,92.88333638509114,103.96666971842447,91.21666971842447,-0.03243136444456119,-61.15382267878606,-0.7089580122869563,-0.08152349920559467,-0.6274345130813617,48.309195610019344,29.664444125977067,97.38000183105468,99.90500106811524,,,YAARI.BO,2023-08-21 22:14:56.168973
436,2021-10-25 00:00:00+05:30,97.94999694824219,98.80000305175781,93.0,94.3499984741211,11848,0.0,0.0,2021-10-25,100.00250091552735,2.28026277213254,102.2827636876599,97.7222381433948,104.56302645979243,95.44197537126227,-174.50980392156802,-144.82276233534526,-120175,12638.313402944692,18711.700027069954,103.9465693077277,52.225497835306136,95.38333384195964,97.76666768391928,91.96666463216147,101.18333689371745,89.58333079020183,103.56667073567709,86.16666158040366,-0.05187141138335238,-89.61539635291466,-0.679382618466235,0.07533512906474576,-0.7547177475309808,40.14723755538231,31.5847341843055,97.93000183105468,100.00250091552735,,,YAARI.BO,2023-08-21 22:14:56.168973
437,2021-10-22 00:00:00+05:30,98.94999694824219,99.94999694824219,96.5,97.1500015258789,6670,0.0,0.0,2021-10-22,100.2950008392334,1.8520183103416177,102.14701914957502,98.44298252889178,103.99903745991664,96.59096421855016,-128.96545461825173,-88.65983074891939,-108327,7326.065941605326,20230.046683101267,104.07150809796224,58.482423818648314,97.86666615804036,99.23333231608072,95.78333536783853,101.31666310628255,94.41666920979817,102.68332926432291,92.33333841959634,-0.04166368879264106,-92.18749875823637,-0.2668290858759832,0.26401456594749095,-0.5308436518234741,45.157786877232176,33.65273886250535,99.89000244140625,100.2950008392334,,,YAARI.BO,2023-08-21 22:14:56.168973
438,2021-10-21 00:00:00+05:30,98.94999694824219,100.6500015258789,97.0,98.55000305175781,19303,0.0,0.0,2021-10-21,100.5200008392334,1.7183524973033055,102.2383533365367,98.8016483419301,103.95670583384002,97.08329584462679,-117.48357249978429,-63.205811311820035,-101657,21507.187954130124,23456.041868475255,104.12261239753573,61.39845395126274,98.73333485921223,100.46666971842447,96.81666819254556,102.38333638509114,95.08333333333333,104.11667124430338,93.16666666666666,0.0021348865281113714,-77.6041472123698,-0.01035055931041029,0.3967254789033594,-0.4070760382137697,47.935397251110665,35.12695331906255,100.30000152587891,100.5200008392334,,,YAARI.BO,2023-08-21 22:14:56.168973
439,2021-10-20 00:00:00+05:30,100.80000305175781,101.05000305175781,97.0,98.80000305175781,12601,0.0,0.0,2021-10-20,100.55500068664551,1.6828778899536019,102.23787857659912,98.87212279669191,103.92075646655272,97.18924490673831,-144.33752082987746,-50.5436899982309,-82354,14075.510247713379,23943.255347061535,104.24428555860771,68.24544771856704,98.9500020345052,100.90000406901041,96.8500010172526,103.00000508626302,94.89999898274739,104.95000712076822,92.79999796549478,-0.046206673367182115,-74.99998013178191,0.18029756396060748,0.4984944884568018,-0.3181969244961943,48.42933758890586,36.47288628911721,100.47000122070312,100.55500068664551,,,YAARI.BO,2023-08-21 22:14:56.168973
440,2021-10-19 00:00:00+05:30,103.0999984741211,106.0,100.25,100.80000305175781,16547,0.0,0.0,2021-10-19,100.60250053405761,1.6436859501926562,102.24618648425027,98.95881458386495,103.88987243444292,97.3151286336723,43.76866630416825,25.37239988893697,-69753,18857.407665864073,26410.19162189857,104.3230067626712,66.0909429568612,102.35000101725261,104.45000203450522,98.70000203450522,108.10000101725261,96.60000101725261,110.20000203450522,92.95000203450522,0.01022018194641739,-54.1666434870789,0.3970319405127185,0.5780437195808503,-0.18101177906813182,52.443702143683254,37.9223525645607,100.86000061035156,100.60250053405761,,,YAARI.BO,2023-08-21 22:14:56.168973
441,2021-10-18 00:00:00+05:30,96.4000015258789,104.1500015258789,96.4000015258789,104.1500015258789,64108,0.0,0.0,2021-10-18,100.61000022888183,1.6449762141821873,102.25497644306402,98.96502401469964,103.8999526572462,97.32004780051746,-0.47204607921839103,,-53206,75487.26430966526,28298.387610907193,104.39119411737147,60.71860975066747,101.56666819254558,106.73333485921225,98.98333485921225,109.31666819254558,93.81666819254558,114.48333485921225,91.23333485921225,-0.01696708441177224,-17.5532048727474,0.4715322871512342,0.6232966643478832,-0.15176437719664904,60.205751300000266,37.83865281403102,101.11000061035156,100.61000022888183,,,YAARI.BO,2023-08-21 22:14:56.168973
442,2021-10-14 00:00:00+05:30,100.0999984741211,101.0,99.0,99.19999694824219,12589,0.0,0.0,2021-10-14,100.7125,1.9183232568465838,102.63082325684658,98.79417674315343,104.54914651369317,96.87585348630684,-90.23785235930052,,-117314,14119.036796713415,16501.168436217675,104.410746498141,44.99505636586047,99.73333231608073,100.46666463216147,98.46666463216147,101.73333231608073,97.73333231608073,102.46666463216147,96.46666463216147,-0.29664417120304654,-74.15735923555194,0.22984678596967,0.6612377586470454,-0.43139097267737536,50.06518524820427,38.24715277889123,100.66000061035156,100.7125,,,YAARI.BO,2023-08-21 22:14:56.168973
443,2021-10-13 00:00:00+05:30,100.94999694824219,103.25,99.19999694824219,99.4000015258789,13199,0.0,0.0,2021-10-13,101.34000015258789,3.0914391996360275,104.43143935222392,98.24856095295186,107.52287855185995,95.15712175331583,-31.64448412180984,,-104725,14833.020524667743,17096.701346093738,104.49503804482414,42.50649020395913,100.61666615804036,102.03333536783853,97.98333231608072,104.66666920979817,96.56666310628255,106.08333841959634,93.93332926432291,-0.26271672653977973,-71.91011717547862,0.40443403019430946,0.7690855018163891,-0.36465147162207967,50.5484553085507,39.735430069501966,101.33000183105469,101.34000015258789,,,YAARI.BO,2023-08-21 22:14:56.168973
444,2021-10-12 00:00:00+05:30,99.80000305175781,102.19999694824219,99.5,100.75,3382,0.0,0.0,2021-10-12,102.01000022888184,3.9747426259514413,105.98474285483327,98.0352576029304,109.95948548078472,94.06051497697895,-9.50181086870067,,-91526,3852.306520704426,17662.621551450233,104.58294229304128,48.94887715387273,100.81666564941406,102.13333129882812,99.43333435058594,103.51666259765625,98.11666870117188,104.83332824707031,96.73333740234375,-0.1898921496848402,-56.74159759494094,0.6021333991662772,0.860248369721909,-0.2581149705556318,53.80371320872552,41.227961088045234,102.19000091552735,102.01000022888184,,,YAARI.BO,2023-08-21 22:14:56.168973
445,2021-10-11 00:00:00+05:30,102.94999694824219,103.4000015258789,101.5,102.05000305175781,26839,0.0,0.0,2021-10-11,102.45250015258789,4.305916059054883,106.75841621164277,98.14658409353301,111.06433227069765,93.84066803447813,60.7192630616461,,-88144,30965.744786954,21115.200309136682,104.59996198039694,57.732492486226846,102.31666819254558,103.13333638509116,101.23333485921225,104.21666971842448,100.41666666666667,105.03333791097006,99.33333333333334,-0.1761249143689625,-42.13482423678207,0.7131708718507781,0.9247771123608168,-0.21160624051003873,57.09126079097405,43.217842239695436,102.16000061035156,102.45250015258789,,,YAARI.BO,2023-08-21 22:14:56.168973
446,2021-10-08 00:00:00+05:30,103.75,105.05000305175781,101.0999984741211,101.9000015258789,10947,0.0,0.0,2021-10-08,102.72000007629394,4.443576030179872,107.16357610647381,98.27642404611407,111.60715213665368,93.8328480159342,90.90913191908109,,-114983,12611.63770708265,18652.56418968235,104.69309958171341,56.194755329940854,102.68333435058594,104.26667022705078,100.31666564941406,106.63333892822266,98.73332977294922,108.2166748046875,96.36666107177734,-0.1893723795957424,-43.82023435095723,0.7164962617532495,0.9776786724883264,-0.26118241073507686,56.808498610169785,44.25947420980318,101.93999938964843,102.72000007629394,,,YAARI.BO,2023-08-21 22:14:56.168973
447,2021-10-07 00:00:00+05:30,104.44999694824219,105.80000305175781,102.25,102.55000305175781,9617,0.0,0.0,2021-10-07,103.09500007629394,4.680865375050397,107.77586545134434,98.41413470124354,112.45673082639473,93.73326932619315,163.19456310185868,,-104036,11150.066855580086,20162.795810332274,104.73533973856267,53.27676274318916,103.53333536783855,104.81667073567709,101.26666768391928,107.08333841959636,99.98333231608073,108.3666737874349,97.71666463216147,-0.1641502180479807,-36.5168476718778,0.7246706421050533,1.0429742751720956,-0.31830363306704235,58.355880864191825,45.38123171607306,101.28999938964844,103.09500007629394,,,YAARI.BO,2023-08-21 22:14:56.168973
448,2021-10-06 00:00:00+05:30,98.0999984741211,105.5999984741211,98.0999984741211,103.69999694824219,20290,0.0,0.0,2021-10-06,103.17749977111816,4.68529269357517,107.86279246469333,98.492207077543,112.5480851582685,93.80691438396782,155.4076109332887,,-94419,23788.275982768693,22415.978049020323,104.76476435184942,43.95597473360594,102.46666463216145,106.83333079020181,99.33333079020181,109.96666463216145,94.96666463216145,114.33333079020181,91.83333079020181,-0.12478826142332644,-54.05407077296616,0.660141166035487,1.122550183438856,-0.46240901740336904,61.089583456686476,45.93524437404713,100.43999938964843,103.17749977111816,,,YAARI.BO,2023-08-21 22:14:56.168973
449,2021-10-05 00:00:00+05:30,101.5,103.0,100.30000305175781,100.5999984741211,15238,0.0,0.0,2021-10-05,102.95499992370605,4.764172830258932,107.71917275396498,98.19082709344713,112.48334558422391,93.4266542631882,113.78477564064666,,-114709,17331.17953238236,22072.903565583227,104.79589624169702,27.976500312723914,101.3000005086263,102.29999796549478,99.6000010172526,103.99999745686848,98.60000356038411,104.99999491373697,96.90000406901041,-0.15169115328972813,-81.99514465966396,0.4542647687466683,1.2381524377896982,-0.7838876690430299,55.920919028127145,46.58276591880591,99.46000061035156,102.95499992370605,,,YAARI.BO,2023-08-21 22:14:56.168973
450,2021-10-04 00:00:00+05:30,98.6500015258789,102.5,98.6500015258789,100.94999694824219,20938,0.0,0.0,2021-10-04,103.04249992370606,4.734622656566722,107.77712258027279,98.30787726713933,112.5117452368395,93.57325461057262,89.18129721458828,,-99471,23897.01649553648,23258.334573883443,104.8900991129708,36.42269878246025,100.6999994913737,102.7499974568685,98.8999989827474,104.5499979654948,96.85000101725261,106.59999593098959,95.05000050862631,-0.13081198512766937,-80.29198868844553,0.4891006739305368,1.4341243550504557,-0.9450236811199189,56.710686105449795,47.99311306308193,99.22000122070312,103.04249992370606,,,YAARI.BO,2023-08-21 22:14:56.168973
451,2021-10-01 00:00:00+05:30,99.69999694824219,99.8499984741211,98.05000305175781,98.6500015258789,9008,0.0,0.0,2021-10-01,103.01500015258789,4.748991508639029,107.76399166122691,98.26600864394887,112.51298316986595,93.51701713530983,-71.86760845561108,,-120409,10046.797562526966,23098.664093470183,105.01551792251792,46.00501982782401,98.85000101725261,99.6499989827474,97.85000356038412,100.64999643961589,97.05000559488933,101.44999440511069,96.05000813802084,-0.1444340565017894,-91.48418301789214,0.4918210259353799,1.6703802753304353,-1.1785592493950554,52.6282513780536,49.662139986971354,99.03000183105469,103.01500015258789,,,YAARI.BO,2023-08-21 22:14:56.168973
452,2021-09-30 00:00:00+05:30,99.69999694824219,100.5,97.6500015258789,98.30000305175781,14780,0.0,0.0,2021-09-30,103.16749992370606,4.6493711144957,107.81687103820175,98.51812880921037,112.46624215269746,93.86875769471466,-72.46906687680239,,-129417,16425.936633498713,26361.63072620598,105.1039012992424,48.76293678186143,98.81666819254558,99.98333485921225,97.13333638509116,101.66666666666667,95.96666971842448,102.83333333333334,94.28333791097006,-0.12852232446051584,-93.18733898911057,0.7143667678116685,1.9650200876791992,-1.2506533198675307,51.988458021163666,52.336229816542634,99.34000091552734,103.16749992370606,,,YAARI.BO,2023-08-21 22:14:56.168973
453,2021-09-29 00:00:00+05:30,99.69999694824219,100.5,96.9000015258789,98.80000305175781,20990,0.0,0.0,2021-09-29,103.11499977111816,4.712723749673704,107.82772352079186,98.40227602144446,112.54044727046558,93.68955227177075,-68.76595486127619,,-114637,23446.151900603436,28845.554249382796,105.26251808733217,48.3678412955516,98.73333485921223,100.56666819254556,96.96666971842447,102.33333333333333,95.13333638509114,104.16666666666666,93.36667124430338,-0.11606460142393665,-90.75424842279403,1.0229385633044217,2.277683417646082,-1.2547448543416602,52.93686736611237,55.21601886377324,100.01000061035157,103.11499977111816,,,YAARI.BO,2023-08-21 22:14:56.168973
454,2021-09-28 00:00:00+05:30,100.5,100.5,97.5,99.4000015258789,12287,0.0,0.0,2021-09-28,102.99499969482422,4.856734564950413,107.85173425977463,98.1382651298738,112.70846882472505,93.28153056492339,-65.29516192650291,,-93647,13808.116007772755,30195.404836577636,105.48380351850881,51.61910453167803,99.13333384195964,100.76666768391928,97.76666768391928,102.13333384195964,96.13333384195964,103.76666768391928,94.76666768391928,-0.12349751311976875,-88.26404946683769,1.3532624747564483,2.591369631231497,-1.2381071564750488,54.03527312642538,58.3173301454062,100.1,102.99499969482422,,,YAARI.BO,2023-08-21 22:14:56.168973
455,2021-09-27 00:00:00+05:30,100.0,102.5999984741211,97.75,100.0,10109,0.0,0.0,2021-09-27,102.89249954223632,4.957192771883712,107.84969231412003,97.93530677035261,112.80688508600375,92.9781139984689,-61.026767214253844,,-81360,11429.056358153895,34292.227043778854,105.60824156237567,52.27535793659791,100.11666615804036,102.48333231608072,97.63333384195963,104.96666463216145,95.26666768391927,107.33333079020181,92.78333536783853,-0.13560234240431354,-85.33007116043667,1.6965824438648127,2.900896420350259,-1.2043139764854462,55.09683804163772,61.40230930257182,100.16999969482421,102.89249954223632,,,YAARI.BO,2023-08-21 22:14:56.168973
456,2021-09-24 00:00:00+05:30,101.25,102.0,98.8499984741211,100.19999694824219,24282,0.0,0.0,2021-09-24,102.82499961853027,5.007586635862256,107.83258625439252,97.81741298266802,112.84017289025478,92.80982634680576,-70.02612177947714,,-71251,27507.70389874581,40008.019715185095,105.70423416987825,53.89597313096314,100.3499984741211,101.8499984741211,98.69999694824219,103.5,97.19999694824219,105.0,95.54999542236328,-0.13545594193693808,-84.3520908274891,2.0513394872588293,3.20197491447162,-1.1506354272127908,55.43392261596589,64.62198530293611,100.35999908447266,102.82499961853027,,,YAARI.BO,2023-08-21 22:14:56.168973
457,2021-09-23 00:00:00+05:30,100.0,102.0,98.9000015258789,101.6500015258789,14097,0.0,0.0,2021-09-23,102.71249961853027,5.0941888534308095,107.80668847196108,97.61831076509947,112.90087732539189,92.52412191166866,-80.49128762108585,,-46969,16200.792775027821,43133.09866929491,105.94023710144869,55.49256446022028,100.85000101725261,102.80000050862631,99.70000203450522,103.9499994913737,97.75000254313152,105.8999989827474,96.60000356038412,-0.11787143842524735,-77.2616028371652,2.4547584344703495,3.4896337712748173,-1.0348753368044679,57.81518611067337,67.64487575177438,101.55999908447265,102.71249961853027,,,YAARI.BO,2023-08-21 22:14:56.168973
458,2021-09-22 00:00:00+05:30,101.0,103.4000015258789,97.94999694824219,99.25,39838,0.0,0.0,2021-09-22,102.30499954223633,5.4939419372848945,107.79894147952123,96.81105760495143,113.29288341680612,91.31711566766654,-98.20031462396506,,-61066,44702.33619469422,49866.175142861684,106.04975648465195,55.03926758818655,100.1999994913737,102.45000203450522,96.9999974568685,105.65000406901042,94.74999491373698,107.90000661214194,91.54999287923178,-0.1218460298092416,-88.99755337032751,2.791260144322848,3.748352605475934,-0.9570924611530858,54.833169819039064,70.88058875224476,103.57999877929687,102.30499954223633,,,YAARI.BO,2023-08-21 22:14:56.168973
459,2021-09-21 00:00:00+05:30,99.8499984741211,100.5,97.0,99.75,34647,0.0,0.0,2021-09-21,101.92249946594238,5.9640257584113305,107.8865252243537,95.95847370753106,113.85055098276504,89.99444794911972,-116.8084442480023,,-21228,39073.35635096009,51157.13487990355,106.57843533512379,51.12653892969947,99.08333333333333,101.16666666666666,97.66666666666666,102.58333333333333,95.58333333333333,104.66666666666666,94.16666666666666,-0.08204153823232481,-75.80298974262963,3.416156269420213,3.987625720764205,-0.571469451343992,55.59341079455992,74.36520275275132,106.28999938964844,101.92249946594238,,,YAARI.BO,2023-08-21 22:14:56.168973
460,2021-09-20 00:00:00+05:30,103.9000015258789,105.6500015258789,100.9000015258789,100.94999694824219,24746,0.0,0.0,2021-09-20,101.3574993133545,6.673697501165989,108.03119681452048,94.6838018121885,114.70489431568647,88.01010431102252,-73.01099129904016,,13419,28243.17366503705,54178.07951213941,107.0736509416052,54.83421082507283,102.5,104.0999984741211,99.3499984741211,107.25,97.75,108.8499984741211,94.5999984741211,-0.1373023535174286,-70.66381618091762,4.115210304288496,4.130493083600203,-0.01528277931170674,57.36591975980023,78.76971456972356,108.25999908447265,101.3574993133545,,,YAARI.BO,2023-08-21 22:14:56.168973
461,2021-09-17 00:00:00+05:30,111.69999694824219,111.69999694824219,106.19999694824219,106.19999694824219,41637,0.0,0.0,2021-09-17,,,,,,,23.37475708038999,,38165,49992.64472017416,60661.805973915,107.40817106151769,56.96076673718387,108.03333028157552,109.86666361490884,104.36666361490884,113.53333028157552,102.53333028157552,115.36666361490884,98.86666361490884,,-48.17987466880747,4.829678114568921,4.13431377842813,0.6953643361407913,65.9019684002162,82.01977000353824,109.55,,,,YAARI.BO,2023-08-21 22:14:56.168973
462,2021-09-16 00:00:00+05:30,113.19999694824219,117.44999694824219,108.0,111.75,108399,0.0,0.0,2021-09-16,,,,,,,95.65002604845169,,79802,136954.08330074276,63329.0962873502,107.5304605163343,63.71539858770313,112.39999898274739,116.79999796549478,107.3500010172526,121.84999593098958,102.9500020345052,126.24999491373697,97.90000406901041,,-24.41112342923499,5.15419102144962,3.960472694392931,1.193718327056689,77.17463007626621,82.74204571446388,110.19000091552735,,,,YAARI.BO,2023-08-21 22:14:56.168973
463,2021-09-15 00:00:00+05:30,110.0,114.5999984741211,110.0,112.80000305175781,61928,0.0,0.0,2021-09-15,,,,,,,121.02083439753541,,188201,78976.58371969096,44922.84953400205,106.02070553136974,91.41563367089974,112.46666717529297,114.93333435058594,110.33333587646484,117.06666564941406,107.86666870117188,119.53333282470703,105.73333740234375,,-9.389670016197238,4.944980866503343,3.662043112628759,1.282937753874584,79.56554862067279,82.3113326803525,108.68000030517578,,,,YAARI.BO,2023-08-21 22:14:56.168973
464,2021-09-14 00:00:00+05:30,108.5,112.75,107.0,109.5999984741211,93935,0.0,0.0,2021-09-14,,,,,,,123.58546851327336,,126273,116396.56542544594,36409.41598757982,104.27890328666848,89.58900380136753,109.78333282470703,112.56666564941406,106.81666564941406,115.53333282470703,104.03333282470703,118.31666564941406,101.06666564941406,,-19.47566923637203,4.498795127171661,3.3413086741601123,1.1574864530115487,77.6018324868041,81.9860258013805,105.96999969482422,,,,YAARI.BO,2023-08-21 22:14:56.168973
465,2021-09-13 00:00:00+05:30,113.4000015258789,114.80000305175781,105.55000305175781,107.4000015258789,34969,0.0,0.0,2021-09-13,,,,,,,164.02808658264007,,32338,42460.9472350366,16412.628628113293,100.88087018968854,79.20409412079414,109.25000254313152,112.95000203450522,103.70000203450522,118.50000254313152,100.00000254313152,122.20000203450522,94.45000203450522,,-25.34246700613983,4.174530576473785,3.0519370609072247,1.1225935155665603,76.13793103448276,81.7419974735576,104.51999969482422,,,,YAARI.BO,2023-08-21 22:14:56.168973
466,2021-09-09 00:00:00+05:30,109.4000015258789,109.4000015258789,105.8499984741211,109.4000015258789,9440,0.0,0.0,2021-09-09,,,,,,,223.20121968752989,,67307,11675.930469603267,9900.548976382463,98.84775146096806,71.51464783110012,108.21666717529297,110.58333587646484,107.03333282470703,111.76667022705078,104.66666412353516,114.13333892822266,103.48332977294922,,-0.0,3.9127895924302862,2.7712886820155846,1.1415009104147016,,81.47919773590216,103.11999969482422,,,,YAARI.BO,2023-08-21 22:14:56.168973
467,2021-09-08 00:00:00+05:30,101.9000015258789,104.19999694824219,100.05000305175781,104.19999694824219,15700,0.0,0.0,2021-09-08,,,,,,,119.33862178573158,,57867,18495.647354795237,9456.703603077262,97.87768474743315,,102.81666564941406,105.58332824707031,101.43333435058594,106.96665954589844,98.66667175292969,109.73332214355469,97.28334045410156,,,3.3214274296408064,2.485913454411909,0.8355139752288974,,81.59399264111221,101.57999877929687,,,,YAARI.BO,2023-08-21 22:14:56.168973
468,2021-09-07 00:00:00+05:30,103.0,103.0,99.05000305175781,99.25,5070,0.0,0.0,2021-09-07,,,,,,,65.26658858143837,,42167,5689.061813020224,7196.9676651477685,96.73659123285394,,100.43333435058594,101.81666564941406,97.86666870117188,104.38333129882812,96.48333740234375,105.76666259765625,93.91667175292969,,,3.0261016655390875,2.2770349606046847,0.7490667049344029,,82.41437085736666,100.18999938964843,,,,YAARI.BO,2023-08-21 22:14:56.168973
469,2021-09-06 00:00:00+05:30,100.5999984741211,104.6500015258789,98.5,102.3499984741211,7628,0.0,0.0,2021-09-06,,,,,,,108.73265967761492,,47237,8826.74748782014,7573.9441281796535,96.58103155110985,,101.83333333333333,105.16666666666666,99.01666514078775,107.98333485921223,95.68333180745442,111.31666819254556,92.86666361490884,,,3.089644869045756,2.089768284371084,0.9998765846746722,,83.53802502439027,99.61999969482422,,,,YAARI.BO,2023-08-21 22:14:56.168973
470,2021-09-03 00:00:00+05:30,102.0,102.0,99.5,100.4000015258789,8340,0.0,0.0,2021-09-03,,,,,,,91.97302140154127,,39609,9466.772658181204,7260.743288269532,95.98867360190162,,100.63333384195964,101.76666768391928,99.26666768391928,103.13333384195964,98.13333384195964,104.26666768391928,96.76666768391928,,,2.8188837439772954,1.839799138202416,0.9790846057748794,,84.74811412733877,98.61999969482422,,,,YAARI.BO,2023-08-21 22:14:56.168973
471,2021-09-02 00:00:00+05:30,99.19999694824219,102.0999984741211,99.0,101.69999694824219,8699,0.0,0.0,2021-09-02,,,,,,,,,47949,10002.128931337862,6709.235945791614,95.430811088657,,100.93333180745442,102.86666361490884,99.76666514078775,104.03333028157552,97.83333333333333,105.96666208902994,96.66666666666666,,,2.6215622493001973,1.5950279867586956,1.0265342625415017,,86.68790827087216,98.26999969482422,,,,YAARI.BO,2023-08-21 22:14:56.168973
472,2021-09-01 00:00:00+05:30,99.0999984741211,99.0999984741211,94.0999984741211,97.25,2782,0.0,0.0,2021-09-01,,,,,,,,,39250,3058.784729617526,5886.0126994050515,94.47822335428963,,96.81666564941406,99.53333282470703,94.53333282470703,101.81666564941406,91.81666564941406,104.53333282470703,89.53333282470703,,,2.20118044937783,1.33839442112332,0.8627860282545099,,88.7769173485235,97.51999969482422,,,,YAARI.BO,2023-08-21 22:14:56.168973
473,2021-08-31 00:00:00+05:30,100.9000015258789,100.9000015258789,96.0,96.4000015258789,770,0.0,0.0,2021-08-31,,,,,,,,,36468,839.2086346635191,6592.819691851932,94.33665247545497,,97.76666768391927,99.53333536783853,94.63333384195963,102.66666920979817,92.86666615804036,104.43333689371744,89.73333231608072,,,2.067870413328677,1.1226979140596924,0.9451724992689847,,92.06949095140085,96.76999969482422,,,,YAARI.BO,2023-08-21 22:14:56.168973
474,2021-08-30 00:00:00+05:30,102.0,102.0,95.1500015258789,97.3499984741211,8230,0.0,0.0,2021-08-30,,,,,,,,,37238,9058.117751104559,8031.222456149034,94.30706517669475,,98.16666666666667,101.18333180745444,94.33333333333334,105.01666514078777,91.31666819254558,108.03333028157553,87.48333485921225,,,1.9495737712423846,0.8864047892424463,1.0631689819999384,,92.86034889899278,95.80999908447265,,,,YAARI.BO,2023-08-21 22:14:56.168973
475,2021-08-27 00:00:00+05:30,102.0,102.0,95.0,98.6500015258789,4044,0.0,0.0,2021-08-27,,,,,,,,,45468,4510.351836463038,7774.498632410152,93.75627470784151,,98.5500005086263,102.1000010172526,95.1000010172526,105.5500005086263,91.5500005086263,109.1000010172526,88.1000010172526,,,1.6750189198619694,0.6206125437424617,1.0544063761195077,,93.71204207332255,94.02999877929688,,,,YAARI.BO,2023-08-21 22:14:56.168973
476,2021-08-26 00:00:00+05:30,93.5999984741211,98.1500015258789,93.5,97.94999694824219,8771,0.0,0.0,2021-08-26,,,,,,,,,41424,9713.052039286767,8590.53533139693,93.27852675370518,,96.53333282470703,99.56666564941406,94.91666412353516,101.18333435058594,91.88333129882812,104.21666717529297,90.26666259765625,,,1.1700958335296434,0.3570109497125848,0.8130848838170586,,94.62925010721614,,,,,YAARI.BO,2023-08-21 22:14:56.168973
477,2021-08-25 00:00:00+05:30,95.0,95.80000305175781,88.0999984741211,93.5,20041,0.0,0.0,2021-08-25,,,,,,,,,32653,21185.22967385178,8309.90615442447,92.02371203296637,,92.46666717529297,96.83333587646484,89.13333129882812,100.16667175292969,84.76666259765625,104.53334045410156,81.4333267211914,,,0.5748523960452019,0.1537397287583201,0.4211126672868818,,96.54339631215225,,,,,YAARI.BO,2023-08-21 22:14:56.168973
478,2021-08-24 00:00:00+05:30,88.0999984741211,92.5999984741211,85.5999984741211,91.5999984741211,4916,0.0,0.0,2021-08-24,,,,,,,,,12612,5091.075274567643,5091.075274567643,89.67782818049882,,89.93333180745442,94.26666514078775,87.26666514078775,96.93333180745442,82.93333180745442,101.26666514078775,80.26666514078775,,,0.24230780968299825,0.04846156193659965,0.1938462477463986,,100.0,,,,,YAARI.BO,2023-08-21 22:14:56.168973
479,2021-08-23 00:00:00+05:30,94.8499984741211,94.8499984741211,86.69999694824219,88.44999694824219,7696,0.0,0.0,2021-08-23,,,,,,,,,7696,,,88.44999694824219,,89.99999745686848,93.29999796549478,85.14999643961588,98.14999898274739,81.84999593098958,101.44999949137369,76.99999491373697,,,0.0,0.0,0.0,,,,,,,YAARI.BO,2023-08-21 22:14:56.168973
>>>>>>> Stashed changes
